0.000000 0.770076 0.976067 
0.216958 0.014008 0.910550 
0.617366 0.734898 0.238797 
1.753976 0.075734 0.813683 
1.862074 0.872176 0.675470 
2.918953 0.774545 0.085743 
4.779591 0.185148 0.920976 
8.350235 0.498187 0.342850 
8.854231 0.101938 0.882459 
9.404507 0.894055 0.033879 
10.051032 0.283948 0.215232 
10.284613 0.141866 0.070234 
11.570816 0.896604 0.270051 
14.323388 0.069175 0.153420 
14.776067 0.588257 0.372511 
15.299723 0.849819 0.370786 
15.307551 0.313492 0.692281 
15.449436 0.269737 0.981018 
15.763729 0.171399 0.035007 
17.006560 0.401145 0.352957 
17.278185 0.031845 0.603380 
21.462114 0.527824 0.197793 
21.951416 0.456535 0.701683 
24.915375 0.044958 0.868367 
25.927634 0.903035 0.051365 
26.387022 0.097458 0.064216 
27.777798 0.320680 0.216050 
27.871100 0.037407 0.812781 
27.990709 0.380828 0.045514 
28.271319 0.961230 0.526515 
28.762615 0.138614 0.875916 
29.428314 0.792088 0.618108 
31.941204 0.240018 0.966121 
32.346021 0.385127 0.592200 
35.016020 0.100299 0.641659 
35.785214 0.890322 0.034819 
36.165303 0.056739 0.000557 
36.870886 0.785737 0.601419 
37.744981 0.196746 0.043713 
39.356911 0.221130 0.431962 
42.777066 0.202797 0.807841 
44.853221 0.849861 0.188585 
47.502880 0.507859 0.134708 
47.550079 0.406559 0.743056 
49.305318 0.632367 0.767915 
49.529569 0.143467 0.267422 
51.659653 0.733404 0.059224 
51.829217 0.534700 0.448024 
53.802980 0.373407 0.831298 
54.362235 0.236685 0.633875 
54.736997 0.171407 0.141203 
55.692971 0.425290 0.224891 
57.149427 0.043952 0.930966 
59.445591 0.303384 0.063519 
60.005780 0.260782 0.748093 
61.291711 0.101698 0.640858 
61.605450 0.061459 0.117715 
62.952585 0.086120 0.830445 
63.124251 0.026305 0.421259 
64.527878 0.857215 0.506536 
65.332707 0.805497 0.318762 
66.057704 0.071456 0.278910 
67.203253 0.140189 0.101151 
68.438905 0.364621 0.140027 
68.944530 0.382056 0.855735 
69.967892 0.132420 0.029180 
71.969568 0.197884 0.404405 
72.107560 0.954068 0.030172 
72.275626 0.154023 0.718570 
74.020235 0.874519 0.567439 
75.740086 0.996486 0.821703 
77.048023 0.006018 0.101527 
77.247196 0.589283 0.843657 
80.585854 0.428541 0.263623 
81.416645 0.389073 0.702418 
82.349695 0.047228 0.300097 
82.957642 0.297305 0.747695 
83.387426 0.040568 0.599155 
87.107482 0.667175 0.047333 
87.475275 0.535911 0.228524 
87.977297 0.968880 0.985018 
88.751450 0.123214 0.370342 
88.812393 0.509714 0.749991 
89.831399 0.849424 0.611846 
91.537215 0.563531 0.647325 
93.184184 0.363062 0.551161 
95.367399 0.992546 0.762299 
96.151794 0.246790 0.113258 
96.652049 0.183910 0.899126 
97.612550 0.871855 0.589778 
98.070940 0.455097 0.855097 
98.694912 0.282397 0.284340 
98.711075 0.410323 0.923329 
98.977423 0.907499 0.000566 
99.415606 0.689020 0.697891 
100.059384 0.786172 0.150557 
100.093570 0.034278 0.035058 
101.828878 0.641648 0.456384 
102.089018 0.860344 0.825265 
103.708925 0.354091 0.423729 
104.753204 0.604871 0.062842 
106.674506 0.595613 0.078530 
107.060603 0.352821 0.369172 
110.840653 0.136597 0.372748 
111.287803 0.407616 0.761672 
111.542764 0.708338 0.881482 
113.481930 0.694513 0.378424 
113.564410 0.223841 0.407863 
115.454619 0.905640 0.848228 
116.111762 0.154735 0.504087 
116.657000 0.858789 0.685220 
117.944173 0.929803 0.490157 
118.856383 0.813232 0.206451 
118.951794 0.698891 0.141466 
120.755386 0.294544 0.360140 
122.757780 0.991635 0.686382 
123.005810 0.768170 0.051070 
123.957344 0.643964 0.135471 
124.169013 0.210368 0.087627 
125.329047 0.878331 0.739133 
125.663090 0.210270 0.541130 
126.204424 0.932042 0.208927 
127.848811 0.926130 0.793911 
131.408809 0.882235 0.466516 
132.153359 0.752240 0.559827 
133.473854 0.376988 0.371331 
134.100084 0.820491 0.062645 
135.451922 0.047615 0.874416 
138.362928 0.853676 0.843265 
138.470509 0.240495 0.846759 
139.017954 0.006222 0.892995 
140.132818 0.438523 0.700476 
140.288680 0.235148 0.521987 
141.138615 0.058452 0.926532 
141.474445 0.985241 0.470005 
143.566965 0.906438 0.836262 
143.948494 0.549494 0.620837 
146.142706 0.728640 0.471094 
147.607138 0.598192 0.763071 
147.711852 0.797424 0.575816 
148.955849 0.017103 0.560823 
149.490185 0.787273 0.322568 
150.244850 0.089802 0.895045 
152.061581 0.875126 0.637702 
152.305963 0.846250 0.968243 
152.982530 0.991959 0.715117 
153.977699 0.743512 0.623250 
156.377652 0.680215 0.750551 
156.733050 0.879420 0.524410 
158.429221 0.102978 0.886338 
159.341478 0.041143 0.403401 
160.102255 0.790882 0.842370 
161.193496 0.607278 0.273302 
166.889470 0.094964 0.271783 
168.002611 0.016313 0.152940 
169.369163 0.647280 0.746582 
170.695151 0.358391 0.602860 
172.877434 0.771389 0.002155 
172.881948 0.386812 0.847066 
174.065571 0.953278 0.008944 
174.092056 0.544018 0.741490 
174.786522 0.550435 0.362560 
175.030765 0.214715 0.932692 
175.468809 0.249287 0.630207 
175.736763 0.514148 0.670940 
175.858282 0.192717 0.768581 
176.982229 0.474719 0.707829 
177.805672 0.830093 0.050114 
178.123850 0.695869 0.895252 
178.647960 0.539564 0.076446 
179.274903 0.415536 0.212310 
183.217649 0.825932 0.407088 
183.820235 0.018408 0.200554 
184.508003 0.600128 0.637185 
185.354823 0.800969 0.770254 
186.560678 0.141222 0.164197 
186.598026 0.558545 0.218151 
186.928129 0.162842 0.459216 
187.579041 0.777369 0.673057 
187.981270 0.412272 0.833038 
190.255270 0.329690 0.247633 
191.839771 0.922965 0.644850 
193.395494 0.374377 0.370762 
193.395656 0.296363 0.309360 
195.645541 0.226854 0.204281 
196.157722 0.283899 0.942525 
198.106610 0.011871 0.615848 
198.125202 0.465473 0.129606 
198.779174 0.105535 0.690054 
199.974526 0.960326 0.541327 
200.724144 0.798574 0.944627 
201.494806 0.638486 0.587676 
202.334139 0.183994 0.532122 
204.558565 0.345637 0.302707 
205.552708 0.929099 0.286117 
208.742399 0.618896 0.977275 
209.061051 0.459345 0.089371 
211.886591 0.029702 0.991041 
212.106475 0.064586 0.476289 
212.234919 0.418320 0.004587 
212.377776 0.365899 0.115000 
214.165594 0.475063 0.606210 
217.091874 0.478540 0.735479 
217.808220 0.547512 0.430645 
218.876625 0.050925 0.069330 
219.299413 0.719851 0.691457 
219.438235 0.162881 0.672836 
219.846889 0.330454 0.867752 
221.669075 0.865882 0.101320 
222.179901 0.795423 0.330183 
222.870809 0.541643 0.704754 
223.597090 0.131607 0.816739 
224.529245 0.862545 0.392620 
224.768962 0.351025 0.185038 
225.529598 0.074148 0.258066 
225.723562 0.967090 0.801219 
225.994538 0.097847 0.356377 
227.395019 0.719309 0.113558 
227.535164 0.908079 0.239387 
228.960222 0.089588 0.192189 
229.193813 0.260246 0.836732 
231.271562 0.938816 0.018409 
231.345630 0.891739 0.054828 
232.286822 0.560738 0.519098 
232.503867 0.642385 0.508409 
232.635220 0.433920 0.990307 
232.897215 0.500791 0.462996 
234.093018 0.576534 0.465328 
236.070485 0.901954 0.461003 
236.316933 0.294441 0.666317 
238.931427 0.668581 0.718196 
240.533224 0.057465 0.233456 
240.905597 0.666395 0.810656 
244.858672 0.726501 0.271891 
245.279175 0.906873 0.305449 
247.342152 0.144398 0.809011 
247.604390 0.373279 0.398990 
247.695758 0.996049 0.699074 
247.805958 0.884299 0.970811 
248.480792 0.522001 0.119246 
250.242246 0.198368 0.133060 
251.727355 0.347249 0.446598 
252.235664 0.600651 0.167916 
253.585231 0.619058 0.646319 
255.103712 0.904022 0.585407 
255.893933 0.084714 0.207374 
256.159252 0.276979 0.116437 
256.288763 0.566693 0.813678 
256.748255 0.311977 0.456569 
258.298133 0.590073 0.654236 
258.564734 0.788467 0.924406 
261.363172 0.951404 0.478714 
261.708518 0.721528 0.279865 
261.735855 0.735301 0.942093 
264.563269 0.147605 0.776288 
266.080018 0.301103 0.341815 
266.367208 0.336772 0.171805 
267.586299 0.405501 0.405760 
268.392432 0.452754 0.766340 
270.078523 0.781608 0.074852 
272.088184 0.565539 0.020439 
272.430825 0.178127 0.305690 
272.809552 0.702252 0.152980 
273.255012 0.597196 0.117596 
273.313091 0.162053 0.997985 
273.668125 0.595248 0.295110 
273.688831 0.694919 0.692316 
273.967046 0.166370 0.255593 
276.653133 0.074244 0.589924 
277.266189 0.881972 0.132387 
277.408702 0.289629 0.192365 
284.063471 0.691444 0.370263 
284.099281 0.374231 0.518704 
287.695959 0.663779 0.288254 
287.771344 0.603650 0.352597 
289.589662 0.141042 0.918065 
290.194329 0.396240 0.003660 
290.627383 0.112944 0.920882 
290.854967 0.540834 0.359926 
291.137940 0.478490 0.911736 
291.276050 0.266641 0.011206 
291.685785 0.374510 0.284719 
293.247998 0.042039 0.752125 
293.545232 0.390489 0.096366 
293.849385 0.017541 0.469186 
294.973720 0.489288 0.286367 
295.081499 0.032906 0.412912 
297.577147 0.721754 0.923392 
298.956595 0.205294 0.502458 
301.157295 0.485310 0.319085 
301.359390 0.196108 0.169650 
301.408733 0.268378 0.158533 
302.920708 0.569762 0.633209 
304.345605 0.739254 0.546388 
306.384426 0.769129 0.313590 
307.346305 0.341433 0.121978 
311.834088 0.288640 0.313836 
313.496395 0.932524 0.153219 
314.645977 0.113052 0.518601 
315.948323 0.182267 0.713243 
316.346388 0.425429 0.371370 
317.886117 0.392248 0.034161 
318.195048 0.783140 0.498620 
323.508138 0.794815 0.232371 
323.905415 0.317669 0.670435 
324.344650 0.172248 0.418535 
325.868223 0.264251 0.376462 
326.844611 0.979572 0.076735 
329.958029 0.536863 0.006857 
330.338220 0.688544 0.376068 
330.375657 0.625672 0.780030 
330.739569 0.184714 0.409115 
333.164669 0.109017 0.052288 
335.457505 0.410987 0.838711 
335.720687 0.176275 0.843628 
337.253294 0.963835 0.764336 
337.554920 0.096963 0.862069 
338.593202 0.053577 0.182620 
342.527841 0.061258 0.345326 
342.889157 0.342100 0.999213 
343.563246 0.106242 0.375750 
343.728350 0.123282 0.229936 
343.952782 0.415902 0.962529 
344.199117 0.713163 0.117612 
344.261124 0.135683 0.876392 
344.296301 0.322886 0.606932 
344.869653 0.017060 0.662990 
345.369151 0.209737 0.212263 
345.632401 0.978076 0.437579 
346.383387 0.119979 0.919108 
347.126796 0.244138 0.161206 
348.465973 0.549004 0.569007 
349.905424 0.980899 0.022881 
349.969111 0.854729 0.693749 
350.581827 0.334416 0.776591 
351.370785 0.902772 0.115389 
352.279167 0.352359 0.398058 
353.648219 0.629453 0.951314 
354.051583 0.578237 0.224899 
356.455623 0.065951 0.165819 
359.337241 0.372850 0.795653 
363.872348 0.908410 0.438400 
364.115890 0.475859 0.970883 
365.802797 0.517712 0.100817 
366.127105 0.687272 0.587998 
366.146002 0.806723 0.422319 
366.259632 0.126513 0.213262 
366.261830 0.884894 0.586905 
369.069440 0.214165 0.411356 
370.054538 0.442543 0.183845 
370.125300 0.875238 0.084051 
370.543635 0.717130 0.261683 
370.998924 0.093823 0.552430 
371.694934 0.918686 0.708572 
372.225924 0.395086 0.485461 
372.456167 0.062818 0.658415 
373.194851 0.741820 0.714683 
375.248571 0.676467 0.193480 
375.324033 0.283435 0.986536 
376.715617 0.949909 0.534570 
378.343287 0.620393 0.918145 
379.464218 0.551436 0.623968 
379.916093 0.203694 0.031029 
380.425368 0.956391 0.507304 
380.453046 0.272730 0.866097 
381.767294 0.046049 0.428138 
381.898983 0.155137 0.217285 
382.765150 0.776893 0.992506 
383.366845 0.884199 0.581184 
383.573074 0.036369 0.900831 
383.850174 0.268022 0.398856 
386.280562 0.796028 0.517165 
386.604742 0.525515 0.442867 
387.223381 0.529684 0.445457 
387.273947 0.359937 0.343769 
387.838201 0.291660 0.863699 
388.221750 0.091280 0.884074 
389.355584 0.046429 0.278717 
389.372892 0.125339 0.803320 
389.412199 0.651889 0.110429 
389.658074 0.035915 0.790370 
389.767344 0.809201 0.228585 
389.840653 0.314767 0.923529 
389.991651 0.199531 0.774642 
391.093647 0.254193 0.097729 
391.206793 0.268744 0.646774 
391.604899 0.735713 0.545984 
392.668379 0.882052 0.837321 
392.823316 0.238278 0.088752 
393.125875 0.761526 0.467771 
394.332058 0.722511 0.074806 
395.358821 0.217734 0.463667 
395.904072 0.012729 0.300269 
396.036985 0.697675 0.957605 
396.593996 0.662460 0.557477 
396.842942 0.353444 0.419885 
397.457354 0.126242 0.436776 
397.671280 0.007590 0.329164 
399.784139 0.588246 0.601353 
401.180003 0.092552 0.731866 
402.110942 0.292106 0.789033 
402.241581 0.278820 0.015976 
403.879908 0.243403 0.422024 
404.102914 0.075001 0.568621 
404.546926 0.679309 0.039943 
406.085217 0.463717 0.059709 
410.150596 0.747621 0.724377 
413.109693 0.487652 0.781842 
413.860792 0.398165 0.397779 
415.592038 0.560942 0.580373 
417.162996 0.268152 0.513732 
420.147021 0.507813 0.880017 
420.956788 0.013217 0.688437 
421.471849 0.960362 0.461531 
421.660713 0.360330 0.288305 
421.957217 0.864056 0.920810 
425.128822 0.088007 0.635190 
426.067092 0.799482 0.749003 
426.882221 0.591531 0.782944 
428.923238 0.241597 0.115400 
431.073845 0.849341 0.361899 
435.653831 0.733503 0.903379 
438.540774 0.095443 0.371019 
439.689714 0.820450 0.169683 
440.873442 0.001504 0.311046 
440.940541 0.498159 0.645284 
441.544307 0.232680 0.870743 
442.076767 0.420148 0.737138 
443.263896 0.584995 0.932322 
444.005139 0.772651 0.522865 
444.561404 0.558030 0.701373 
445.108377 0.496847 0.063809 
445.621621 0.281675 0.145837 
445.976086 0.018008 0.798640 
446.282772 0.526375 0.912139 
447.460442 0.095511 0.610276 
447.686377 0.388304 0.758458 
449.230337 0.711990 0.874107 
451.452065 0.380559 0.113502 
457.022445 0.382360 0.785696 
457.781439 0.729681 0.363459 
459.541456 0.443781 0.113547 
460.455765 0.671795 0.302290 
460.683112 0.193753 0.314753 
460.947304 0.258873 0.173948 
460.966518 0.413737 0.214099 
461.613789 0.923898 0.683644 
461.738360 0.469166 0.687599 
463.280410 0.480071 0.251978 
463.720685 0.715705 0.953453 
466.339884 0.607706 0.945923 
468.101816 0.307383 0.662365 
469.540204 0.489002 0.515727 
470.996635 0.276233 0.481603 
471.714130 0.285143 0.803223 
474.402167 0.754179 0.923100 
475.456440 0.657728 0.609802 
475.902367 0.733019 0.322281 
476.539904 0.413879 0.987225 
477.816921 0.537450 0.408808 
480.582215 0.376891 0.319277 
480.904213 0.022551 0.713432 
481.422296 0.955685 0.012075 
484.485338 0.585794 0.853565 
484.644361 0.319327 0.679569 
486.375800 0.957964 0.496319 
487.738394 0.051979 0.721740 
487.908769 0.934677 0.256367 
488.407756 0.314124 0.572702 
488.695777 0.513404 0.726522 
489.256146 0.097450 0.459436 
491.476985 0.293786 0.200760 
491.497346 0.094201 0.126284 
491.994069 0.488095 0.502028 
492.392223 0.509669 0.338180 
492.704568 0.893001 0.352642 
494.197782 0.976104 0.156682 
496.136121 0.671005 0.262423 
498.537811 0.513313 0.080099 
499.077709 0.787603 0.698914 
499.339032 0.061528 0.197698 
500.753815 0.480106 0.377866 
500.829310 0.306001 0.988790 
500.999515 0.881824 0.949801 
501.223682 0.275514 0.810040 
502.241121 0.223928 0.270993 
502.501067 0.627113 0.996485 
502.535410 0.137467 0.677462 
503.473464 0.557535 0.833826 
503.819049 0.176529 0.386947 
505.681510 0.584530 0.302420 
506.088476 0.205262 0.024067 
506.853177 0.227713 0.669778 
506.884885 0.365184 0.534330 
508.229265 0.652383 0.204464 
509.931675 0.280998 0.667142 
510.311667 0.969857 0.983486 
510.411446 0.070039 0.120635 
511.914523 0.146691 0.969081 
512.002138 0.248258 0.726732 
513.120523 0.106543 0.899225 
513.241837 0.913147 0.960234 
513.323409 0.078779 0.090637 
513.995401 0.990887 0.884380 
514.808986 0.422106 0.581680 
516.250640 0.957779 0.899567 
517.007078 0.505528 0.383032 
517.325280 0.416999 0.613361 
517.369918 0.327557 0.522291 
522.260203 0.943439 0.890201 
523.921402 0.588737 0.240857 
525.330606 0.784605 0.816776 
525.351367 0.506834 0.155976 
525.489463 0.099655 0.060722 
526.033690 0.899918 0.245714 
527.148671 0.204610 0.245646 
527.689428 0.068861 0.390936 
529.691086 0.596803 0.152255 
529.983846 0.795832 0.394251 
530.945462 0.111670 0.815497 
532.913496 0.641528 0.970533 
536.057041 0.106890 0.418240 
537.532555 0.222680 0.292962 
538.000816 0.933571 0.817486 
540.226173 0.666805 0.116280 
541.716406 0.564921 0.282512 
542.590884 0.783955 0.729403 
542.819971 0.116986 0.968650 
544.937667 0.432111 0.430668 
544.954551 0.547906 0.081966 
545.454137 0.975999 0.708551 
546.216452 0.566182 0.110675 
548.836729 0.134048 0.093702 
550.228199 0.230058 0.045507 
552.190094 0.750057 0.696337 
552.443034 0.758006 0.293690 
552.732474 0.289962 0.890032 
552.969749 0.494696 0.146537 
553.155403 0.097086 0.674341 
554.429709 0.247157 0.305011 
555.805416 0.466025 0.348063 
557.555878 0.038525 0.682785 
561.524575 0.669890 0.419991 
561.790265 0.522480 0.767427 
563.118126 0.156440 0.629691 
563.629952 0.751950 0.601823 
564.153521 0.548911 0.627945 
565.412744 0.813358 0.447322 
569.205254 0.140945 0.214253 
575.081434 0.169919 0.860486 
576.445718 0.188975 0.023669 
577.300891 0.353984 0.437050 
577.940512 0.475022 0.823250 
578.660113 0.471742 0.279015 
580.937366 0.866597 0.656450 
581.242436 0.441521 0.260966 
582.562416 0.407273 0.814822 
583.592444 0.572349 0.208759 
585.339129 0.539792 0.657310 
586.299215 0.711812 0.305772 
588.674702 0.923687 0.104102 
588.760355 0.487040 0.301007 
589.289469 0.279103 0.956943 
589.826443 0.056189 0.701936 
590.552007 0.019686 0.915615 
591.215545 0.151802 0.328271 
591.256830 0.937187 0.239512 
592.616100 0.024273 0.159530 
597.118986 0.459274 0.602356 
597.964579 0.678447 0.813495 
598.285495 0.157782 0.512609 
599.971669 0.376197 0.656509 
600.895659 0.454684 0.254501 
602.859201 0.884022 0.442876 
602.860947 0.750587 0.406810 
603.075285 0.945324 0.745959 
603.125658 0.552627 0.683233 
604.230867 0.058575 0.496357 
604.523570 0.164382 0.663212 
604.886555 0.897084 0.366855 
605.426637 0.878058 0.818794 
607.304147 0.135702 0.239133 
607.939360 0.534369 0.730387 
608.001824 0.206107 0.620883 
608.266861 0.691738 0.488734 
610.562038 0.524638 0.615932 
611.697731 0.641459 0.854307 
611.830466 0.510114 0.511240 
613.166618 0.357082 0.269212 
613.746043 0.638682 0.776676 
616.505897 0.144449 0.890397 
616.862016 0.824858 0.827344 
621.762595 0.579843 0.130065 
622.439676 0.844820 0.117882 
623.250007 0.890312 0.270113 
624.380180 0.575386 0.788755 
625.612778 0.999407 0.284296 
626.007372 0.347392 0.914722 
626.851131 0.867034 0.452097 
627.201358 0.885171 0.101881 
628.012525 0.512291 0.027771 
628.025531 0.045481 0.290476 
628.919506 0.387974 0.261338 
630.191744 0.985313 0.749313 
635.027000 0.610745 0.586187 
636.407057 0.382846 0.410135 
636.583263 0.171957 0.056437 
636.737854 0.919370 0.300894 
636.866647 0.926984 0.224699 
638.249194 0.805052 0.189455 
638.425775 0.322080 0.467456 
647.902958 0.715712 0.811508 
648.427900 0.130974 0.319795 
651.375199 0.107382 0.665902 
651.649919 0.365501 0.893717 
652.557852 0.304574 0.129796 
653.002181 0.049151 0.099100 
653.610609 0.375922 0.471332 
654.560949 0.575205 0.312992 
655.469178 0.201896 0.197218 
656.078193 0.211455 0.079162 
656.457046 0.924151 0.869313 
656.483966 0.746516 0.948476 
657.308385 0.776342 0.263080 
658.753346 0.510957 0.660419 
660.132861 0.891610 0.232100 
662.121060 0.923764 0.746043 
666.484855 0.888135 0.189945 
667.038576 0.012132 0.735788 
667.866705 0.827622 0.648663 
668.906472 0.814372 0.959480 
669.560156 0.323041 0.415901 
670.117049 0.734594 0.668275 
670.135351 0.408804 0.716593 
671.456320 0.521547 0.180521 
673.941925 0.085920 0.376550 
674.803927 0.302886 0.253616 
675.965719 0.228855 0.998776 
676.301044 0.875255 0.706931 
676.777037 0.285092 0.545857 
678.553637 0.716551 0.130618 
679.007611 0.661818 0.242091 
679.173915 0.377250 0.784514 
680.039644 0.354021 0.301806 
680.942327 0.477401 0.344647 
681.119844 0.722551 0.269102 
681.592949 0.384553 0.071706 
681.985418 0.728933 0.127736 
682.700597 0.766801 0.654890 
683.780770 0.964309 0.239690 
683.817327 0.117004 0.323242 
684.384464 0.906711 0.177123 
685.491550 0.266874 0.561897 
685.721133 0.918531 0.268578 
688.046227 0.551785 0.328238 
688.719592 0.452735 0.677224 
689.127103 0.357816 0.510074 
689.604312 0.678321 0.358236 
689.756144 0.047836 0.863757 
690.334692 0.151969 0.308280 
690.402272 0.146970 0.984057 
690.462995 0.998475 0.649048 
691.183922 0.027263 0.105872 
691.543633 0.352511 0.748630 
691.679894 0.179770 0.169763 
691.753301 0.575750 0.841325 
693.321287 0.322337 0.602618 
693.802652 0.433851 0.476929 
694.173531 0.559547 0.305576 
694.435596 0.450234 0.993492 
694.508223 0.597472 0.458732 
697.600921 0.643470 0.760080 
700.902503 0.437482 0.858729 
701.798009 0.977536 0.978032 
703.652393 0.123696 0.555524 
707.824633 0.890988 0.089695 
707.877801 0.911225 0.011223 
708.594313 0.890261 0.187577 
711.378712 0.749253 0.317115 
711.941840 0.112598 0.359039 
712.086546 0.659628 0.541455 
712.353899 0.646371 0.532102 
713.966398 0.411113 0.825237 
714.368689 0.207811 0.286160 
716.822764 0.891245 0.124262 
718.380172 0.341085 0.075128 
718.686275 0.820892 0.318694 
719.247933 0.429501 0.179738 
720.312286 0.893771 0.075364 
720.378451 0.779347 0.103262 
721.615804 0.949174 0.844162 
722.057351 0.596060 0.159073 
723.054669 0.038909 0.402504 
723.152410 0.122375 0.061286 
724.303395 0.979519 0.873764 
724.975383 0.383708 0.012828 
725.070181 0.140625 0.133282 
725.390189 0.701241 0.825129 
726.309806 0.209384 0.893184 
729.310968 0.814977 0.740838 
729.382436 0.069293 0.183766 
730.985844 0.854843 0.223482 
730.997993 0.571278 0.464224 
731.475233 0.268904 0.236709 
732.182533 0.339689 0.151461 
733.023480 0.463367 0.716199 
733.440750 0.644373 0.125404 
733.458194 0.317724 0.070824 
734.456378 0.992157 0.508886 
736.236279 0.814999 0.979644 
736.524952 0.773969 0.178470 
736.717877 0.488015 0.680288 
736.796306 0.886534 0.191112 
737.553812 0.897594 0.547950 
738.391425 0.487518 0.143687 
739.741924 0.532866 0.097484 
740.506999 0.391885 0.072815 
740.607129 0.604606 0.191474 
743.785506 0.852346 0.002014 
745.126304 0.337877 0.907390 
745.637974 0.690197 0.718936 
747.687180 0.963116 0.102771 
751.544086 0.274983 0.203897 
752.691889 0.085802 0.384745 
753.405603 0.956749 0.915260 
753.677115 0.819374 0.062953 
754.627591 0.304089 0.674638 
754.859414 0.781505 0.605513 
755.866947 0.833233 0.894375 
756.915553 0.764400 0.765727 
757.816235 0.554081 0.834452 
758.158949 0.200122 0.631320 
758.251216 0.471093 0.873150 
759.625989 0.586363 0.714376 
760.325268 0.004695 0.198822 
762.411419 0.292084 0.607296 
763.231419 0.399216 0.985530 
763.373184 0.882977 0.939357 
763.387537 0.237036 0.586442 
764.704574 0.975437 0.586897 
765.552437 0.013808 0.354796 
766.446343 0.451107 0.998102 
768.191204 0.999182 0.985419 
768.608283 0.838271 0.468549 
769.528492 0.816057 0.655289 
771.752054 0.732286 0.785151 
772.372622 0.698093 0.408419 
772.717273 0.836647 0.174470 
773.405015 0.647961 0.807787 
774.214642 0.149809 0.916706 
774.719202 0.107906 0.859695 
777.569369 0.106575 0.240535 
779.576905 0.298664 0.184299 
781.569992 0.648670 0.006881 
784.473941 0.341382 0.817401 
785.061287 0.937180 0.294397 
789.571813 0.752820 0.713738 
791.843961 0.338504 0.085085 
792.580930 0.494978 0.670970 
794.958997 0.756507 0.328849 
795.564173 0.666895 0.971559 
795.881933 0.193339 0.919913 
798.424213 0.550293 0.628694 
799.836067 0.862584 0.326782 
800.050814 0.842729 0.385565 
800.416514 0.719086 0.015007 
801.832521 0.366206 0.121677 
802.235768 0.922803 0.236863 
802.390882 0.495804 0.357973 
802.913894 0.465236 0.383314 
803.879418 0.580715 0.697217 
804.232701 0.122003 0.618096 
805.318207 0.763465 0.506016 
805.606163 0.595469 0.197949 
805.608915 0.857383 0.824522 
805.640199 0.050962 0.863921 
805.759266 0.465642 0.613780 
805.830249 0.632787 0.406976 
805.842165 0.452332 0.942293 
806.315279 0.251251 0.013075 
806.431360 0.275913 0.126027 
806.489089 0.718972 0.555755 
807.319299 0.592626 0.086843 
807.498631 0.383880 0.021756 
807.531161 0.538446 0.728459 
807.904666 0.196821 0.224393 
809.199316 0.050878 0.071363 
810.339950 0.192971 0.539241 
813.375633 0.278262 0.029269 
813.610855 0.077970 0.877302 
814.095666 0.789426 0.895131 
814.919530 0.608595 0.534056 
815.212908 0.592438 0.168072 
815.857228 0.732360 0.315653 
816.474083 0.884058 0.749691 
816.676773 0.169378 0.971684 
817.076559 0.237359 0.824172 
817.253967 0.500770 0.607619 
819.506766 0.570457 0.412720 
820.499690 0.350987 0.609058 
820.961282 0.728741 0.771146 
822.276883 0.272623 0.240590 
824.429299 0.763351 0.533743 
825.878560 0.447861 0.075060 
826.104129 0.559026 0.609261 
826.707835 0.160138 0.842958 
826.926723 0.523824 0.877716 
829.331240 0.604387 0.526871 
830.086148 0.144409 0.904528 
833.362556 0.639993 0.539307 
834.027311 0.592822 0.129348 
836.544479 0.834445 0.845593 
837.983376 0.373183 0.778403 
838.680682 0.470006 0.059665 
840.269977 0.429949 0.227702 
841.026057 0.120590 0.086882 
842.085327 0.588086 0.229085 
843.753095 0.834957 0.084686 
846.004089 0.896937 0.195160 
850.515494 0.195201 0.275184 
850.822513 0.808973 0.574828 
851.714812 0.565842 0.956626 
851.902350 0.268622 0.309535 
852.194646 0.967714 0.402505 
852.291688 0.856950 0.004138 
852.432487 0.307947 0.647642 
853.357941 0.906756 0.936715 
853.448491 0.448951 0.180367 
854.192842 0.341826 0.020090 
855.621629 0.815205 0.127733 
858.361819 0.372754 0.028956 
858.520474 0.216812 0.313978 
858.956961 0.444194 0.996535 
860.214181 0.214656 0.655340 
861.481997 0.911626 0.896351 
865.308833 0.723054 0.465997 
865.502053 0.201644 0.464190 
866.450287 0.853454 0.842737 
867.767693 0.042503 0.788661 
867.798542 0.074645 0.995458 
868.051689 0.153189 0.902135 
869.210880 0.783183 0.730221 
870.457846 0.444488 0.545107 
870.660788 0.420599 0.272686 
872.973019 0.853999 0.508647 
873.308141 0.393440 0.829630 
873.682035 0.283708 0.541568 
874.089652 0.820864 0.581680 
874.439025 0.420136 0.796740 
875.947299 0.387129 0.101968 
875.985870 0.261387 0.367524 
876.141553 0.474298 0.957290 
877.390194 0.901515 0.243741 
878.310699 0.531972 0.280089 
879.025114 0.838010 0.529592 
879.570562 0.869919 0.266662 
880.988209 0.975750 0.882192 
881.699217 0.034236 0.684203 
883.123276 0.458260 0.249362 
884.442634 0.655460 0.584451 
887.024196 0.135641 0.707827 
887.142654 0.992710 0.186085 
887.835248 0.815634 0.188477 
888.568403 0.191796 0.075927 
888.969613 0.811238 0.660140 
890.378220 0.825313 0.593948 
891.569425 0.913856 0.244662 
893.188662 0.702423 0.486961 
894.091048 0.244318 0.610853 
894.446228 0.666115 0.971097 
894.586517 0.644072 0.766850 
896.507578 0.971176 0.026605 
897.161280 0.793433 0.102262 
898.209337 0.291864 0.259022 
899.184412 0.660392 0.499449 
900.332598 0.755832 0.368779 
900.474430 0.472132 0.665145 
901.442435 0.300585 0.397610 
901.802187 0.877632 0.625929 
903.414560 0.009336 0.080829 
903.669411 0.474748 0.126632 
904.644495 0.565656 0.015822 
905.205331 0.104899 0.948251 
906.698396 0.822387 0.259542 
907.747375 0.697833 0.285447 
908.152656 0.038568 0.380533 
908.247968 0.129730 0.746082 
912.443061 0.612687 0.632031 
913.236208 0.678014 0.380527 
914.978611 0.591895 0.188967 
916.968125 0.409251 0.644022 
917.188483 0.191684 0.462385 
919.038158 0.626725 0.343584 
920.298071 0.103980 0.604219 
920.432792 0.420791 0.227733 
920.476225 0.857120 0.543634 
921.414626 0.588805 0.517064 
921.454679 0.098919 0.313922 
921.562693 0.821573 0.947728 
921.695284 0.977628 0.756887 
923.258049 0.130764 0.558016 
924.063121 0.750883 0.773530 
924.154752 0.897109 0.170882 
926.038937 0.578939 0.556894 
927.494412 0.398590 0.199304 
928.205897 0.996046 0.083273 
928.213847 0.425447 0.103338 
928.411097 0.083229 0.308112 
928.860957 0.069011 0.732341 
929.912526 0.027330 0.687608 
930.003503 0.923089 0.170390 
931.688444 0.037058 0.106756 
934.193310 0.236876 0.743014 
934.311374 0.543038 0.213804 
938.360511 0.200166 0.840135 
938.594885 0.188477 0.605379 
939.258025 0.817820 0.626200 
939.825694 0.159535 0.924043 
940.240081 0.233961 0.878213 
940.304554 0.252999 0.012977 
940.416187 0.033135 0.928493 
940.559077 0.788999 0.978236 
940.851522 0.203379 0.499041 
941.270262 0.123641 0.389347 
944.889706 0.050091 0.248763 
944.948532 0.263699 0.653654 
945.000887 0.273409 0.044858 
945.025651 0.011303 0.921988 
945.169379 0.701431 0.196623 
945.618885 0.582460 0.303694 
946.219487 0.495035 0.614073 
946.540308 0.912691 0.976628 
948.038815 0.369665 0.788209 
949.427139 0.450493 0.958067 
950.448955 0.042831 0.569403 
953.594207 0.748389 0.742256 
954.851473 0.016633 0.233752 
955.307322 0.865295 0.363362 
955.596859 0.316948 0.827185 
955.625309 0.637943 0.965694 
956.938258 0.539488 0.056900 
958.550649 0.289454 0.860110 
960.142076 0.146601 0.172743 
961.378995 0.421370 0.880935 
962.261078 0.455908 0.279960 
965.150146 0.078388 0.021907 
966.232170 0.672626 0.567691 
966.503947 0.670065 0.807981 
968.057435 0.438689 0.465279 
968.405609 0.327510 0.584429 
968.459038 0.409754 0.948350 
968.507925 0.916753 0.522718 
969.319937 0.732608 0.267814 
970.374294 0.935351 0.704618 
972.057269 0.193736 0.590615 
973.751233 0.917845 0.545350 
976.629047 0.723736 0.749078 
977.140930 0.948765 0.297992 
978.584209 0.615437 0.108162 
979.944326 0.345013 0.103086 
979.948589 0.090353 0.697143 
980.278700 0.451613 0.022726 
980.978380 0.263528 0.802887 
981.841784 0.802525 0.605504 
983.105873 0.954461 0.893668 
983.108451 0.990287 0.685958 
983.188072 0.391705 0.633477 
984.870690 0.663967 0.881438 
985.968377 0.485460 0.088722 
987.689338 0.593054 0.127561 
988.391826 0.416899 0.127272 
988.575901 0.074211 0.568077 
990.014936 0.558183 0.842389 
990.266521 0.500092 0.105094 
991.274564 0.314648 0.910412 
991.324294 0.476381 0.229455 
991.324512 0.931096 0.625087 
994.973881 0.429687 0.245194 
995.022180 0.967498 0.701212 
997.699158 0.316552 0.275642 
998.507825 0.400463 0.492364 
998.737966 0.250309 0.601407 
999.286799 0.846312 0.467843 
1000.308502 0.394646 0.562840 
1001.349701 0.455592 0.628176 
1004.256686 0.936079 0.587323 
1004.568534 0.567311 0.669054 
1004.866326 0.363656 0.368574 
1005.043913 0.202409 0.809367 
1006.282909 0.052067 0.287350 
1006.796792 0.867320 0.090879 
1007.058728 0.441271 0.395296 
1007.708149 0.560995 0.893294 
1009.112603 0.859665 0.680442 
1009.783471 0.905765 0.628190 
1010.987259 0.581639 0.971467 
1012.833559 0.503553 0.469847 
1013.614343 0.263168 0.960224 
1014.193344 0.583971 0.532474 
1014.287571 0.427866 0.305620 
1016.829841 0.840267 0.721327 
1017.669785 0.981246 0.358418 
1020.646037 0.261353 0.557766 
1021.128941 0.738238 0.367608 
1021.862333 0.334999 0.354864 
1021.969147 0.466381 0.224252 
1022.347178 0.528867 0.992094 
1022.828746 0.423584 0.261676 
1023.499150 0.485016 0.557231 
1024.097270 0.927701 0.394073 
1024.874279 0.454444 0.000894 
1025.091991 0.075202 0.520851 
1025.466977 0.715844 0.843922 
1025.508205 0.868753 0.926304 
1025.608308 0.013681 0.511051 
1027.625315 0.592299 0.350260 
1033.166691 0.378249 0.783612 
1033.774111 0.645224 0.073519 
1033.962584 0.421542 0.194156 
1036.049531 0.872606 0.601560 
1037.086621 0.268003 0.888640 
1037.487170 0.517724 0.977634 
1037.954385 0.806942 0.162797 
1037.969115 0.323570 0.984495 
1039.406695 0.214555 0.097478 
1039.629732 0.546171 0.519098 
1040.333902 0.607642 0.151465 
1040.746769 0.026500 0.808012 
1043.466089 0.665471 0.352845 
1045.166305 0.451724 0.184545 
1045.328924 0.547084 0.852386 
1047.842710 0.084397 0.854594 
1048.791278 0.011431 0.791952 
1049.177626 0.121835 0.054231 
1050.390053 0.137082 0.875793 
1051.023732 0.741532 0.699944 
1051.091083 0.252958 0.523746 
1051.268511 0.474309 0.776116 
1053.419369 0.593205 0.415559 
1054.581569 0.402010 0.951830 
1055.030741 0.053045 0.610648 
1058.388900 0.453775 0.361092 
1058.740527 0.064609 0.484678 
1059.485607 0.577955 0.980484 
1060.140820 0.388867 0.278535 
1061.901240 0.640009 0.617016 
1062.025966 0.528988 0.584801 
1063.886895 0.345610 0.903069 
1063.996285 0.674116 0.170045 
1065.875780 0.646128 0.960800 
1066.739818 0.226026 0.902794 
1070.211405 0.458900 0.601832 
1071.074588 0.210721 0.048980 
1071.199319 0.753666 0.312795 
1072.963375 0.076125 0.723569 
1075.176846 0.703660 0.334000 
1075.412679 0.596800 0.252845 
1075.970709 0.953406 0.645651 
1076.372595 0.424796 0.100015 
1077.716391 0.449643 0.386665 
1079.717466 0.574604 0.118537 
1079.950976 0.692638 0.720294 
1080.378921 0.419370 0.666209 
1080.648319 0.763496 0.752479 
1080.694347 0.565181 0.298283 
1080.731867 0.174183 0.942996 
1084.851122 0.909448 0.294286 
1085.183274 0.793681 0.756361 
1085.542693 0.652243 0.881103 
1086.396767 0.800574 0.440493 
1087.565786 0.998731 0.290438 
1088.616268 0.122249 0.553579 
1088.644322 0.826863 0.392385 
1089.035396 0.194772 0.093629 
1089.337023 0.790483 0.820974 
1089.737623 0.175974 0.569579 
1093.028630 0.688525 0.974535 
1094.069403 0.593728 0.251159 
1094.436611 0.261342 0.991908 
1095.612157 0.897826 0.771112 
1095.892630 0.769083 0.710375 
1097.167964 0.717264 0.469271 
1097.370231 0.658552 0.639592 
1097.766741 0.144393 0.614393 
1097.805373 0.749317 0.284066 
1098.707112 0.768907 0.006428 
1100.387492 0.560847 0.340546 
1102.379654 0.654648 0.933958 
1103.606460 0.138877 0.652523 
1104.390065 0.751405 0.314571 
1105.368032 0.548476 0.848770 
1105.819148 0.597442 0.258434 
1105.869945 0.576662 0.659186 
1107.869525 0.096064 0.144480 
1109.255787 0.115344 0.367950 
1109.300148 0.946663 0.524242 
1109.996388 0.033785 0.986965 
1110.665100 0.975013 0.822800 
1111.399416 0.361886 0.520571 
1111.695997 0.837423 0.478956 
1113.128139 0.006503 0.877681 
1113.606006 0.685206 0.518467 
1114.001266 0.338951 0.220208 
1114.764193 0.065986 0.372675 
1115.223845 0.705954 0.267121 
1115.709819 0.716298 0.262928 
1115.995374 0.308435 0.740446 
1116.412535 0.874902 0.087559 
1116.761719 0.254668 0.319725 
1117.167299 0.035982 0.563570 
1117.270854 0.482521 0.739671 
1117.302008 0.784881 0.035764 
1118.485594 0.414852 0.920059 
1119.066916 0.059417 0.216929 
1119.841085 0.989275 0.522093 
1120.446916 0.949103 0.610689 
1121.236705 0.096336 0.944817 
1121.751722 0.095383 0.868893 
1125.106566 0.541439 0.493343 
1125.927999 0.145935 0.363671 
1127.006304 0.134188 0.185710 
1128.706269 0.963861 0.389552 
1129.703430 0.758163 0.236715 
1130.823438 0.734211 0.127013 
1131.754961 0.408776 0.156517 
1131.967837 0.810470 0.834556 
1133.370314 0.722196 0.182805 
1134.451950 0.711555 0.749337 
1136.308117 0.403159 0.201945 
1139.491808 0.801661 0.328835 
1139.849411 0.270588 0.043967 
1140.631695 0.709778 0.127241 
1141.672435 0.375155 0.804844 
1142.431856 0.435088 0.940170 
1143.514323 0.508300 0.093582 
1143.566201 0.692262 0.678803 
1144.336647 0.142742 0.487771 
1145.368320 0.311198 0.692304 
1145.609714 0.606841 0.152904 
1146.081043 0.821027 0.994767 
1146.596757 0.351250 0.008317 
1147.151406 0.114381 0.501505 
1147.841848 0.906361 0.706927 
1149.745931 0.402992 0.296816 
1151.241712 0.468132 0.401955 
1151.700274 0.959471 0.110524 
1151.894556 0.890717 0.964994 
1152.048276 0.467343 0.774584 
1152.292955 0.393421 0.084586 
1152.661505 0.593987 0.706756 
1154.007559 0.197600 0.790128 
1154.279737 0.353700 0.884343 
1154.302607 0.609783 0.455109 
1158.551793 0.413901 0.815945 
1158.910531 0.957299 0.624302 
1159.597231 0.896816 0.184186 
1160.601308 0.847993 0.912509 
1162.248143 0.560884 0.101291 
1166.775734 0.206077 0.471543 
1167.288355 0.599314 0.710750 
1167.553990 0.982260 0.276162 
1168.950275 0.882096 0.373104 
1169.883110 0.978070 0.078655 
1170.429672 0.102969 0.231491 
1170.676414 0.756654 0.746837 
1170.778831 0.397946 0.441764 
1171.313756 0.051360 0.006152 
1171.327989 0.812541 0.131926 
1173.561118 0.500967 0.153497 
1174.422915 0.526429 0.671869 
1174.894575 0.621204 0.007999 
1180.579216 0.941658 0.911540 
1183.422834 0.533206 0.276342 
1183.444554 0.246630 0.840790 
1185.169187 0.245104 0.529628 
1185.767989 0.619665 0.162305 
1186.389924 0.961618 0.119937 
1186.422354 0.187432 0.666172 
1186.525919 0.708278 0.495839 
1188.444686 0.586641 0.630913 
1189.272840 0.169051 0.515114 
1192.198658 0.392643 0.758389 
1195.194608 0.818979 0.857640 
1195.310644 0.823832 0.982723 
1195.691219 0.479129 0.303785 
1196.958362 0.670552 0.485031 
1199.664202 0.418334 0.943606 
1199.790332 0.517617 0.597071 
1200.119445 0.150068 0.917309 
1201.075435 0.729165 0.327290 
1201.485495 0.573835 0.089616 
1202.639923 0.100470 0.213197 
1203.602217 0.959571 0.082766 
1204.320808 0.230637 0.765009 
1204.887673 0.320018 0.711570 
1205.269858 0.333650 0.374812 
1206.819667 0.283672 0.538448 
1207.248969 0.244902 0.414466 
1207.519337 0.889963 0.152796 
1211.650762 0.063735 0.264353 
1212.156679 0.028962 0.918992 
1212.368030 0.448937 0.951600 
1212.474838 0.712957 0.573041 
1214.393412 0.158952 0.115371 
1214.531257 0.891065 0.765540 
1215.740222 0.444648 0.284446 
1216.433511 0.959014 0.773179 
1217.552060 0.114619 0.969526 
1217.854888 0.140745 0.840629 
1218.289349 0.401240 0.663255 
1218.481414 0.771400 0.667538 
1219.907091 0.774547 0.043180 
1220.165321 0.048004 0.431404 
1220.938473 0.116283 0.199233 
1222.843104 0.722272 0.362922 
1222.993664 0.031144 0.313131 
1223.786764 0.255557 0.215772 
1226.328120 0.503645 0.454964 
1226.920681 0.469628 0.957851 
1227.451723 0.204892 0.655179 
1227.529551 0.781861 0.389533 
1228.322614 0.206485 0.720744 
1229.625342 0.493371 0.241668 
1233.516667 0.428947 0.413255 
1233.674961 0.850976 0.729903 
1233.711935 0.485276 0.061302 
1234.762811 0.551441 0.604101 
1234.975316 0.685831 0.847300 
1235.157715 0.755191 0.221512 
1235.227122 0.731686 0.347956 
1235.245149 0.452324 0.569563 
1235.921745 0.438297 0.067110 
1236.161351 0.339029 0.702020 
1237.865944 0.610274 0.242950 
1239.327084 0.426072 0.331990 
1239.471780 0.231005 0.412301 
1240.271080 0.403589 0.159136 
1242.364749 0.251651 0.400350 
1242.597695 0.010926 0.825162 
1243.101192 0.517375 0.286314 
1243.855915 0.525011 0.012805 
1244.016048 0.080559 0.033445 
1244.545846 0.360218 0.033098 
1244.790376 0.099976 0.780491 
1244.886217 0.709158 0.741742 
1245.513449 0.087193 0.841163 
1246.240836 0.190472 0.942165 
1249.449494 0.432215 0.051527 
1250.490234 0.165579 0.188963 
1250.606374 0.827925 0.194988 
1251.919026 0.910542 0.590944 
1252.639154 0.216322 0.577363 
1253.183801 0.572311 0.690091 
1253.775559 0.358425 0.116807 
1254.199541 0.367340 0.485511 
1254.923953 0.172857 0.642882 
1256.484542 0.590194 0.256016 
1257.826481 0.685291 0.028554 
1258.336124 0.797825 0.820893 
1258.394404 0.900614 0.223449 
1260.738084 0.822563 0.113576 
1262.736998 0.550532 0.895466 
1263.019384 0.350963 0.130462 
1263.385894 0.840725 0.373321 
1265.464232 0.080722 0.729311 
1265.613492 0.281374 0.202452 
1266.221984 0.333630 0.869528 
1267.665277 0.470923 0.516553 
1267.859339 0.751602 0.138469 
1269.938659 0.554534 0.578590 
1270.533756 0.759816 0.851477 
1271.530485 0.230059 0.532206 
1273.796200 0.355308 0.611719 
1279.727486 0.488385 0.158539 
1280.052266 0.085669 0.126507 
1281.148939 0.747290 0.111205 
1281.161224 0.094053 0.425947 
1282.826024 0.585221 0.577983 
1283.035180 0.168472 0.399945 
1283.327764 0.891722 0.838335 
1283.716919 0.313510 0.149883 
1285.011161 0.304063 0.748929 
1285.726301 0.807391 0.665131 
1287.028466 0.973206 0.257942 
1287.151933 0.596001 0.702363 
1287.724338 0.583017 0.971426 
1287.937871 0.147173 0.016637 
1288.499824 0.033658 0.767177 
1289.297491 0.869783 0.310819 
1291.282539 0.196457 0.387162 
1291.548590 0.373239 0.088162 
1292.444483 0.886874 0.213029 
1294.589591 0.034497 0.028498 
1294.921043 0.892025 0.747484 
1294.970548 0.250359 0.127076 
1300.921808 0.644490 0.026653 
1301.131583 0.182714 0.895115 
1301.979678 0.696013 0.823513 
1302.272399 0.011479 0.288914 
1303.096263 0.987841 0.328952 
1304.417361 0.135502 0.254367 
1304.514009 0.130819 0.144012 
1304.712652 0.966853 0.020221 
1306.116388 0.656512 0.990781 
1307.012124 0.284958 0.445305 
1307.910602 0.634496 0.286736 
1308.352438 0.977179 0.313198 
1309.694932 0.592244 0.546147 
1311.346112 0.886886 0.655471 
1311.418091 0.126897 0.094174 
1311.669763 0.281519 0.230535 
1312.226391 0.562856 0.528313 
1313.213885 0.534393 0.706453 
1313.893516 0.897970 0.108831 
1314.614575 0.662553 0.022810 
1317.975319 0.048803 0.261133 
1318.654570 0.184730 0.229781 
1320.066017 0.475844 0.209427 
1320.606572 0.794948 0.184840 
1321.599056 0.973854 0.868997 
1322.852875 0.741237 0.247859 
1322.928660 0.951182 0.511159 
1325.078420 0.981625 0.203122 
1325.658758 0.973588 0.383136 
1326.354514 0.990268 0.535720 
1328.758941 0.791053 0.732949 
1330.398378 0.066315 0.844998 
1330.547437 0.793158 0.158386 
1330.609590 0.007309 0.673453 
1331.611813 0.762976 0.229200 
1332.734321 0.454684 0.169697 
1338.026109 0.116237 0.306013 
1338.658302 0.120472 0.973192 
1338.896323 0.376208 0.658132 
1338.977852 0.678575 0.251119 
1339.367863 0.876265 0.426495 
1341.685790 0.611008 0.862425 
1341.754813 0.332425 0.392827 
1342.466916 0.189939 0.566583 
1343.098224 0.374977 0.410382 
1344.042090 0.062411 0.984657 
1345.643825 0.240079 0.086654 
1345.742217 0.201518 0.523562 
1347.233274 0.936371 0.201916 
1348.883744 0.743769 0.970973 
1349.046236 0.422837 0.261813 
1350.046841 0.403374 0.967476 
1350.181659 0.780708 0.186184 
1352.289999 0.723184 0.808070 
1353.106826 0.710063 0.223080 
1355.352967 0.367223 0.403890 
1358.160904 0.403394 0.627971 
1358.299872 0.214601 0.169289 
1358.334708 0.067166 0.987382 
1359.056236 0.252682 0.623690 
1359.114106 0.545129 0.227593 
1359.523621 0.828181 0.590838 
1359.741180 0.202437 0.186813 
1361.873427 0.404062 0.221729 
1363.016362 0.720247 0.200100 
1363.400713 0.976684 0.188841 
1363.544861 0.805468 0.749496 
1364.336043 0.600991 0.695434 
1364.424885 0.610584 0.558692 
1365.011116 0.732363 0.990541 
1366.323166 0.666210 0.795073 
1367.114928 0.030531 0.126956 
1367.178688 0.766801 0.274263 
1367.336923 0.747373 0.792376 
1367.826621 0.560887 0.458091 
1370.574408 0.283967 0.779509 
1371.080661 0.213182 0.259478 
1371.417559 0.063299 0.919604 
1372.887394 0.395309 0.441276 
1373.092291 0.783090 0.904631 
1374.133925 0.843381 0.187036 
1374.255442 0.917341 0.677034 
1374.704201 0.575023 0.448458 
1374.813274 0.899630 0.677084 
1375.526187 0.704336 0.163740 
1375.672022 0.779681 0.058972 
1378.616437 0.602134 0.717240 
1379.435424 0.282239 0.540241 
1380.292477 0.392038 0.989776 
1380.889014 0.979093 0.985531 
1382.932492 0.113187 0.249259 
1384.448085 0.719465 0.822718 
1385.165865 0.431615 0.787548 
1385.493824 0.672724 0.574702 
1386.868620 0.002272 0.255694 
1388.786696 0.693797 0.525517 
1390.353624 0.103588 0.281841 
1393.111383 0.946897 0.242423 
1394.600628 0.698301 0.749040 
1395.862650 0.945412 0.253025 
1396.154965 0.532147 0.069426 
1396.836697 0.031683 0.412517 
1397.153824 0.927215 0.276268 
1399.197727 0.396738 0.348347 
1400.305382 0.458219 0.241308 
1400.400583 0.463218 0.335150 
1400.710358 0.385506 0.878923 
1401.798379 0.970853 0.262026 
1402.603575 0.372665 0.629921 
1403.618243 0.072698 0.965666 
1403.656571 0.614377 0.809700 
1407.287518 0.566098 0.219694 
1408.013345 0.114735 0.101953 
1409.281376 0.401888 0.698781 
1413.040373 0.130917 0.696915 
1417.103763 0.237528 0.703861 
1419.016188 0.369670 0.471557 
1419.057713 0.441674 0.217854 
1422.772585 0.521320 0.018903 
1423.804110 0.383277 0.465806 
1425.913033 0.292006 0.602434 
1426.404558 0.069840 0.261676 
1428.370833 0.256334 0.219657 
1428.623756 0.891053 0.815517 
1429.056852 0.611054 0.618916 
1429.614508 0.523194 0.051315 
1429.888218 0.582847 0.422277 
1429.948047 0.251280 0.328864 
1430.641353 0.459685 0.233907 
1431.762250 0.906382 0.992902 
1431.953588 0.316317 0.613079 
1431.984753 0.588113 0.407448 
1432.438782 0.051892 0.544582 
1432.572208 0.516888 0.768569 
1434.216456 0.962622 0.551192 
1434.746430 0.812871 0.109905 
1434.828101 0.315922 0.066673 
1436.447985 0.749456 0.137677 
1438.597208 0.992956 0.485473 
1438.903141 0.471417 0.489152 
1439.110899 0.724927 0.897453 
1441.256289 0.465758 0.215250 
1441.853141 0.213873 0.146933 
1445.427387 0.465854 0.602059 
1446.664665 0.669890 0.457744 
1447.211663 0.915620 0.834549 
1449.889755 0.225840 0.453710 
1449.988484 0.067999 0.190438 
1452.514097 0.378924 0.586838 
1452.991684 0.845824 0.750007 
1453.226695 0.593304 0.474829 
1453.780262 0.970908 0.850009 
1453.793140 0.009213 0.884411 
1454.112938 0.957800 0.572635 
1454.382165 0.963755 0.816346 
1455.354750 0.032057 0.643946 
1460.257625 0.163713 0.546455 
1460.304095 0.806783 0.916889 
1461.407935 0.321850 0.814560 
1463.302764 0.017740 0.750251 
1464.048746 0.765817 0.187951 
1464.517805 0.234560 0.212193 
1464.950431 0.475764 0.265094 
1465.459144 0.290269 0.274913 
1467.474070 0.064234 0.411824 
1467.859945 0.513095 0.423258 
1468.988344 0.376357 0.155968 
1469.948195 0.111193 0.036810 
1471.880866 0.988842 0.305854 
1473.219254 0.468488 0.995838 
1474.679110 0.688306 0.163387 
1475.102805 0.140923 0.140058 
1475.430405 0.523877 0.631076 
1475.476863 0.960614 0.705517 
1477.095939 0.418800 0.190524 
1477.585205 0.100768 0.780139 
1479.708489 0.419607 0.251276 
1481.869962 0.088417 0.548083 
1482.023388 0.536540 0.783139 
1482.756376 0.093019 0.965656 
1483.309951 0.214255 0.796010 
1483.376489 0.704623 0.115232 
1483.424390 0.642656 0.787808 
1484.316876 0.015912 0.597620 
1484.691917 0.132336 0.796123 
1484.932023 0.820992 0.581692 
1489.508827 0.344281 0.540051 
1490.295382 0.341302 0.781795 
1490.681071 0.132075 0.468598 
1490.733444 0.781770 0.814899 
1491.354895 0.233209 0.185632 
1491.603618 0.008829 0.136543 
1492.096034 0.212170 0.142201 
1493.584318 0.329207 0.698648 
1495.436710 0.908307 0.464947 
1495.956162 0.217604 0.274706 
1496.069254 0.819824 0.638460 
1497.530081 0.608404 0.575167 
1501.670375 0.088996 0.384180 
1502.517333 0.915534 0.003266 
1503.390434 0.315058 0.787606 
1504.231248 0.475450 0.258848 
1505.029646 0.092719 0.546004 
1505.399488 0.588511 0.514084 
1507.390954 0.072527 0.412883 
1509.026269 0.846816 0.148961 
1511.436333 0.625995 0.717500 
1512.349335 0.790206 0.581619 
1514.509603 0.198633 0.866382 
1515.655209 0.859723 0.162302 
1516.189502 0.117413 0.589261 
1516.625902 0.460855 0.259427 
1517.264810 0.725010 0.807153 
1521.416747 0.873864 0.711425 
1522.313026 0.690762 0.680501 
1523.084044 0.348450 0.453908 
1523.639442 0.383548 0.744101 
1526.871816 0.871512 0.620945 
1528.007129 0.728531 0.863159 
1530.685813 0.882526 0.434270 
1531.798708 0.604446 0.967858 
1532.698619 0.468715 0.672067 
1533.122602 0.744318 0.362603 
1534.624320 0.835130 0.373028 
1535.452745 0.875124 0.717500 
1535.942708 0.699329 0.356972 
1537.442700 0.533783 0.612729 
1539.070215 0.119802 0.663044 
1539.093710 0.096733 0.384556 
1540.477788 0.353592 0.297195 
1542.247293 0.667614 0.224930 
1542.748052 0.623314 0.112639 
1544.098136 0.142323 0.912073 
1544.288532 0.723815 0.516492 
1544.870208 0.897042 0.791189 
1545.172529 0.254695 0.629965 
1545.397899 0.749856 0.914577 
1545.473321 0.772970 0.829562 
1546.118625 0.518976 0.641501 
1546.402779 0.414895 0.180016 
1547.631178 0.228168 0.677644 
1548.991319 0.548329 0.465438 
1549.106211 0.803477 0.997360 
1550.532916 0.436581 0.465196 
1552.969694 0.996640 0.767310 
1552.988359 0.040280 0.526183 
1553.136960 0.067442 0.372100 
1555.588264 0.554516 0.885684 
1556.304774 0.679452 0.237559 
1556.433889 0.814594 0.276284 
1559.190857 0.029108 0.129396 
1561.358840 0.962266 0.155589 
1561.439237 0.359070 0.089737 
1562.291711 0.625391 0.442251 
1562.776988 0.335333 0.009849 
1563.343376 0.126619 0.557109 
1563.438964 0.234746 0.462044 
1563.604883 0.073538 0.870710 
1564.430854 0.337423 0.302192 
1564.468710 0.466047 0.585139 
1567.502794 0.786344 0.517240 
1567.962236 0.703234 0.973248 
1568.222534 0.921427 0.690267 
1569.664719 0.891341 0.367105 
1574.118450 0.467447 0.409378 
1575.202675 0.225455 0.666060 
1577.017865 0.787308 0.758366 
1578.815822 0.098251 0.397617 
1581.149964 0.268375 0.823032 
1581.251963 0.259030 0.734818 
1582.371257 0.545773 0.609992 
1583.886969 0.612701 0.805637 
1585.477038 0.678330 0.884412 
1585.818063 0.975180 0.332259 
1586.456581 0.016429 0.854066 
1589.672818 0.120390 0.248430 
1591.442226 0.958293 0.568764 
1591.826069 0.152734 0.867264 
1592.383520 0.273902 0.744478 
1593.152207 0.956203 0.445182 
1593.480652 0.917805 0.400352 
1593.884078 0.024466 0.737574 
1596.543097 0.583663 0.746679 
1596.877395 0.545481 0.856326 
1597.796094 0.673162 0.526490 
1597.873103 0.267711 0.160268 
1598.029912 0.925595 0.120895 
1598.614483 0.229228 0.566306 
1601.100450 0.516430 0.010675 
1603.866535 0.514907 0.210636 
1604.094342 0.862084 0.469797 
1604.276643 0.452741 0.021751 
1605.817523 0.458113 0.767256 
1605.877765 0.019770 0.043208 
1606.717241 0.976977 0.711098 
1607.452962 0.195224 0.964677 
1608.094500 0.288141 0.025596 
1609.018294 0.431425 0.198932 
1610.380108 0.726154 0.121148 
1611.141374 0.297170 0.798389 
1612.167086 0.990798 0.987100 
1613.853743 0.800718 0.403448 
1614.171708 0.856524 0.241938 
1614.242509 0.544655 0.185267 
1614.296743 0.183630 0.956815 
1614.308399 0.742229 0.301404 
1618.217763 0.597369 0.248353 
1618.236976 0.883037 0.169885 
1619.110670 0.386541 0.154017 
1619.482312 0.862711 0.480154 
1620.322444 0.268585 0.904004 
1620.652172 0.389721 0.042969 
1622.066748 0.398464 0.338051 
1623.679430 0.745965 0.193684 
1624.862299 0.411542 0.725350 
1625.228640 0.773474 0.188842 
1625.793179 0.631212 0.913335 
1626.008524 0.026425 0.034044 
1627.002653 0.497414 0.211953 
1627.841825 0.424513 0.909642 
1631.005284 0.299670 0.110064 
1633.443489 0.081040 0.660452 
1635.367191 0.179850 0.728748 
1637.460966 0.114904 0.025259 
1638.897364 0.012645 0.239192 
1639.628232 0.083131 0.071568 
1641.350864 0.105071 0.895696 
1641.941996 0.121596 0.833103 
1642.185954 0.004402 0.288528 
1642.959662 0.904365 0.975214 
1643.482491 0.642729 0.769063 
1643.690206 0.080657 0.630321 
1646.414880 0.996317 0.734281 
1646.567148 0.162189 0.426197 
1647.020073 0.741517 0.972366 
1647.753263 0.628755 0.539403 
1647.988686 0.390775 0.949234 
1647.993274 0.877222 0.531433 
1650.350163 0.726791 0.792040 
1650.577642 0.975038 0.202150 
1651.041121 0.052059 0.263260 
1651.174316 0.151650 0.328098 
1651.938510 0.940736 0.633141 
1652.396227 0.543653 0.098776 
1652.422804 0.900549 0.608880 
1653.803599 0.657351 0.478748 
1654.357456 0.367457 0.535240 
1655.368788 0.837615 0.664353 
1656.315797 0.125993 0.129857 
1659.335453 0.657516 0.776599 
1660.521374 0.838076 0.548178 
1660.748834 0.657415 0.060574 
1660.789385 0.775848 0.189400 
1660.816277 0.124378 0.696952 
1662.516464 0.912729 0.094029 
1667.516411 0.887690 0.873409 
1667.947466 0.099961 0.988287 
1671.150182 0.014022 0.392909 
1671.466255 0.189025 0.209498 
1671.730925 0.664228 0.062079 
1673.257457 0.696185 0.591713 
1674.306510 0.055657 0.973804 
1675.653077 0.657634 0.631214 
1676.006052 0.258439 0.199815 
1676.046667 0.189544 0.695454 
1676.253926 0.260541 0.113295 
1677.513933 0.120987 0.867130 
1677.689341 0.416851 0.299432 
1677.996613 0.760988 0.561518 
1679.335506 0.369980 0.610926 
1679.662555 0.847344 0.096019 
1680.791293 0.420998 0.453039 
1681.672903 0.233701 0.363650 
1683.037103 0.523201 0.665259 
1683.656137 0.159493 0.765699 
1684.463146 0.116036 0.835785 
1685.499036 0.911261 0.019198 
1686.491397 0.631270 0.871368 
1687.104928 0.779839 0.646281 
1687.158223 0.336486 0.174551 
1687.190610 0.694422 0.584513 
1688.291027 0.512574 0.416963 
1689.038481 0.214487 0.327286 
1690.065138 0.127327 0.547600 
1693.934266 0.163542 0.213314 
1694.248448 0.606110 0.815484 
1694.305784 0.326612 0.732847 
1694.675194 0.123354 0.150016 
1694.876540 0.587445 0.058130 
1695.040017 0.189854 0.912737 
1695.863354 0.232596 0.684397 
1695.911952 0.137509 0.857496 
1697.097151 0.307749 0.865880 
1697.706771 0.313924 0.779643 
1697.944258 0.583507 0.734391 
1699.818742 0.197912 0.082105 
1700.058747 0.779184 0.563555 
1700.573974 0.733851 0.626772 
1701.410020 0.088914 0.275204 
1701.669817 0.864784 0.755048 
1701.739532 0.567446 0.049827 
1702.956420 0.680515 0.748775 
1705.829700 0.246980 0.937744 
1705.884468 0.829627 0.823655 
1707.186108 0.553802 0.215736 
1707.525553 0.932501 0.613104 
1708.628858 0.244384 0.802681 
1711.648245 0.409984 0.256369 
1712.941952 0.422731 0.232976 
1713.175689 0.738695 0.268243 
1713.359557 0.554180 0.827021 
1713.403477 0.933813 0.738612 
1714.481643 0.250978 0.128727 
1714.885665 0.890492 0.182386 
1714.886700 0.110666 0.269584 
1715.511269 0.640325 0.345420 
1716.195929 0.297369 0.365508 
1717.670221 0.508460 0.101517 
1718.193130 0.913446 0.187486 
1718.232637 0.865367 0.377994 
1720.553916 0.786693 0.629381 
1721.730874 0.051428 0.390869 
1722.635833 0.698211 0.548389 
1723.765094 0.917485 0.054058 
1724.012898 0.284599 0.295858 
1725.150265 0.824418 0.700817 
1727.657642 0.236459 0.618003 
1727.721498 0.183882 0.351025 
1729.165489 0.325169 0.381936 
1729.420324 0.999682 0.326262 
1730.173017 0.397187 0.966386 
1730.536009 0.303147 0.453864 
1732.440330 0.898643 0.936496 
1732.444213 0.877688 0.713394 
1736.334490 0.310572 0.440933 
1740.514489 0.493426 0.654306 
1741.605025 0.931080 0.165410 
1742.378317 0.568026 0.713427 
1743.694974 0.803875 0.912166 
1743.884113 0.864812 0.139484 
1744.896012 0.972614 0.296365 
1745.490200 0.413410 0.837974 
1746.567309 0.427499 0.217973 
1748.983464 0.657678 0.644234 
1749.791672 0.336120 0.912069 
1750.588977 0.673842 0.419674 
1753.698574 0.786473 0.987543 
1754.170208 0.331924 0.195096 
1754.515660 0.881791 0.841233 
1755.912830 0.704811 0.189159 
1756.064678 0.787669 0.954996 
1756.266182 0.347774 0.503215 
1756.541961 0.162251 0.783067 
1757.049827 0.141503 0.145385 
1759.643930 0.276976 0.962583 
1759.749132 0.982169 0.936395 
1760.359929 0.811188 0.311882 
1760.436211 0.417595 0.704113 
1760.686669 0.260655 0.515272 
1761.068555 0.325435 0.141986 
1761.123394 0.594085 0.464941 
1761.765979 0.297354 0.544404 
1761.925404 0.476692 0.246042 
1763.386093 0.541063 0.811170 
1763.909533 0.843922 0.681863 
1768.594732 0.808434 0.244904 
1769.369711 0.316761 0.907660 
1769.723593 0.601470 0.240743 
1770.737998 0.399237 0.579493 
1772.257302 0.010590 0.286180 
1772.775767 0.307366 0.890724 
1773.228365 0.229341 0.459197 
1774.361854 0.928353 0.929882 
1774.691257 0.740761 0.849977 
1774.756176 0.539058 0.653518 
1777.450987 0.174746 0.848957 
1777.960960 0.501856 0.552057 
1778.051242 0.825129 0.364520 
1779.171719 0.707416 0.584233 
1780.759496 0.914900 0.787472 
1781.504085 0.118155 0.373059 
1784.918339 0.960333 0.906557 
1790.628569 0.676373 0.437241 
1791.041171 0.376233 0.732181 
1791.494223 0.980740 0.429120 
1791.784536 0.288047 0.092602 
1794.417556 0.596420 0.962136 
1794.964418 0.380682 0.261679 
1795.298928 0.637286 0.627383 
1796.203512 0.694988 0.140701 
1796.386072 0.201207 0.203174 
1796.894663 0.898378 0.840358 
1798.898331 0.436083 0.067158 
1799.321891 0.316594 0.062766 
1799.584200 0.519685 0.044092 
1799.750479 0.021004 0.458717 
1800.134683 0.520473 0.798364 
1801.863669 0.892397 0.479960 
1801.954140 0.311844 0.262216 
1802.456010 0.437123 0.798237 
1805.887850 0.637137 0.031589 
1807.477269 0.506286 0.185453 
1808.417240 0.615793 0.495624 
1808.672601 0.168359 0.451219 
1811.460111 0.407029 0.762606 
1811.667741 0.411539 0.341993 
1812.006476 0.187949 0.492979 
1812.065693 0.581056 0.575580 
1812.215969 0.670082 0.280486 
1813.635386 0.212425 0.969490 
1814.049863 0.029084 0.481102 
1816.566786 0.629958 0.210054 
1818.284780 0.680137 0.904322 
1818.397668 0.012783 0.444766 
1819.402227 0.611198 0.749516 
1819.770935 0.916419 0.927982 
1820.329084 0.569261 0.965665 
1821.646986 0.254563 0.059034 
1822.161364 0.220864 0.380671 
1822.609826 0.517023 0.923555 
1823.716691 0.314580 0.218077 
1824.722745 0.267708 0.670996 
1825.812513 0.514099 0.133491 
1826.089817 0.433453 0.151314 
1826.622084 0.848467 0.704650 
1826.760032 0.950356 0.010783 
1826.828052 0.416220 0.294921 
1827.021139 0.688351 0.659956 
1827.751369 0.338184 0.813485 
1828.463940 0.480281 0.744129 
1830.038155 0.067221 0.614285 
1831.266681 0.202983 0.758700 
1834.163944 0.861157 0.693721 
1834.422879 0.070904 0.828854 
1834.646084 0.040784 0.360439 
1835.130051 0.267408 0.962197 
1836.565762 0.564336 0.850979 
1836.785933 0.753569 0.871123 
1837.327262 0.411392 0.312951 
1837.494052 0.648894 0.525547 
1837.891553 0.339530 0.155258 
1838.246506 0.963776 0.875932 
1839.023795 0.963961 0.416580 
1840.165284 0.393606 0.288562 
1841.452544 0.596667 0.506854 
1844.425189 0.724366 0.084943 
1844.541592 0.430760 0.273237 
1845.676573 0.057848 0.659954 
1847.149276 0.234212 0.776421 
1847.751898 0.577317 0.351612 
1849.721669 0.196197 0.062081 
1852.216462 0.216137 0.977387 
1853.170618 0.557807 0.222982 
1854.648702 0.303488 0.083356 
1855.250183 0.530945 0.966359 
1855.499731 0.908535 0.558623 
1856.874694 0.414821 0.303440 
1858.929968 0.823169 0.145437 
1859.691817 0.398266 0.655016 
1861.929915 0.094789 0.906385 
1862.806596 0.241327 0.139433 
1862.893489 0.919432 0.056184 
1864.256992 0.546790 0.163914 
1866.876613 0.970500 0.128553 
1868.017280 0.078735 0.866059 
1870.498496 0.870932 0.874807 
1870.612418 0.011788 0.220771 
1870.779070 0.777914 0.530942 
1871.881233 0.545406 0.823018 
1872.171868 0.133318 0.686159 
1873.758408 0.056998 0.199419 
1874.584735 0.368379 0.926481 
1875.399500 0.280782 0.069058 
1876.189666 0.102613 0.767981 
1876.575987 0.557792 0.337240 
1877.981961 0.260666 0.456290 
1878.729081 0.496837 0.357627 
1878.849047 0.569374 0.838638 
1882.373500 0.836531 0.288012 
1883.683465 0.618931 0.418572 
1884.178265 0.469880 0.879128 
1885.283521 0.226649 0.023244 
1886.346778 0.124131 0.818869 
1887.397853 0.034416 0.276410 
1887.697308 0.603657 0.965488 
1888.613185 0.595331 0.119119 
1890.440801 0.683218 0.564591 
1891.262208 0.349839 0.098254 
1891.504002 0.822391 0.438302 
1891.889071 0.824783 0.803004 
1892.551810 0.116779 0.227079 
1892.736994 0.778357 0.805548 
1894.335329 0.433199 0.606427 
1896.210783 0.160504 0.614096 
1896.387859 0.305539 0.625718 
1897.873348 0.496800 0.970219 
1898.117265 0.363985 0.199251 
1898.865810 0.987882 0.568324 
1902.395847 0.182124 0.679315 
1902.813988 0.010960 0.798992 
1904.155432 0.882635 0.733576 
1904.427053 0.249394 0.148838 
1904.908991 0.729688 0.656240 
1905.127428 0.250799 0.317771 
1907.163130 0.502968 0.077812 
1909.568004 0.487627 0.387433 
1914.067087 0.658041 0.980135 
1915.215709 0.029066 0.005694 
1915.753352 0.172238 0.239685 
1916.290029 0.867868 0.418851 
1917.045722 0.127928 0.603173 
1917.053561 0.259804 0.023781 
1917.328186 0.105138 0.998335 
1918.096442 0.552631 0.268071 
1918.913112 0.376145 0.992546 
1919.007347 0.473553 0.223492 
1919.010676 0.693025 0.283208 
1919.220667 0.293259 0.490883 
1921.319113 0.761392 0.811482 
1921.857590 0.605007 0.244309 
1921.977646 0.747414 0.491364 
1922.554806 0.183131 0.341807 
1923.053076 0.574801 0.513395 
1923.403286 0.049038 0.754073 
1923.994622 0.449395 0.739213 
1924.548592 0.426942 0.739598 
1924.626565 0.382821 0.828471 
1926.605887 0.517155 0.860180 
1927.076623 0.798220 0.162389 
1929.276570 0.920446 0.402010 
1932.225798 0.307946 0.437231 
1933.329563 0.757874 0.111744 
1934.527511 0.723120 0.859395 
1935.102716 0.855740 0.762010 
1935.327671 0.702119 0.868442 
1938.425374 0.546826 0.961279 
1938.600056 0.561444 0.376149 
1939.280551 0.170793 0.041910 
1940.498244 0.849180 0.767539 
1942.449680 0.602084 0.706296 
1944.246077 0.059131 0.795903 
1945.320436 0.387284 0.909206 
1946.961274 0.570629 0.220301 
1948.504773 0.017449 0.503155 
1948.549006 0.197755 0.509099 
1949.994178 0.933832 0.639148 
1950.523759 0.130551 0.959597 
1951.216961 0.988652 0.496356 
1952.061749 0.697331 0.064992 
1954.348997 0.305317 0.192218 
1955.244339 0.947421 0.708871 
1957.600664 0.157251 0.154453 
1959.017887 0.571168 0.167108 
1959.746123 0.242973 0.633786 
1959.853540 0.274607 0.677983 
1960.793645 0.252996 0.261377 
1961.147566 0.380624 0.214478 
1961.516550 0.953573 0.865139 
1961.998837 0.275687 0.926144 
1962.397331 0.462220 0.341613 
1962.438280 0.525560 0.307807 
1962.563316 0.346577 0.371208 
1964.240293 0.784428 0.210633 
1964.833985 0.253699 0.579345 
1966.558275 0.997301 0.172661 
1968.104767 0.495668 0.209986 
1968.623135 0.736487 0.531727 
1970.052322 0.345467 0.789695 
1970.152943 0.592765 0.834353 
1970.730914 0.567077 0.425129 
1970.810224 0.452595 0.651228 
1971.264177 0.066876 0.888516 
1975.858490 0.041863 0.391917 
1976.970298 0.270090 0.789704 
1977.211471 0.072726 0.714798 
1977.564697 0.788254 0.577426 
1977.967622 0.206148 0.942529 
1978.240004 0.821366 0.342449 
1980.500885 0.839554 0.586023 
1981.765972 0.613896 0.254117 
1981.910904 0.560329 0.887375 
1982.027512 0.255376 0.798646 
1982.518004 0.663934 0.384010 
1982.990584 0.583301 0.920109 
1984.247220 0.724494 0.657633 
1985.041786 0.827336 0.155681 
1987.212210 0.774331 0.418990 
1989.740203 0.759254 0.343349 
1990.023676 0.899912 0.937714 
1990.525543 0.678033 0.056308 
1990.937723 0.089936 0.872362 
1991.862096 0.114628 0.439731 
1992.229128 0.313891 0.326793 
1992.291633 0.639176 0.098995 
1994.160987 0.521645 0.875736 
1994.302277 0.692564 0.217416 
1996.607976 0.996741 0.170118 
1996.650902 0.620300 0.169307 
1997.072158 0.884522 0.259967 
1999.378134 0.808037 0.506004 
1999.750638 0.412845 0.560902 
2000.620214 0.987389 0.224919 
2000.793482 0.125053 0.488247 
2002.582055 0.958660 0.404273 
2006.056151 0.570438 0.225927 
2006.100458 0.528707 0.971959 
2006.104561 0.554428 0.351405 
2007.485118 0.006430 0.611957 
2009.022050 0.571915 0.402157 
2010.169581 0.725673 0.772990 
2013.869877 0.004074 0.932380 
2014.706949 0.488641 0.129600 
2015.606976 0.749213 0.923774 
2016.188555 0.768654 0.699904 
2018.551321 0.245644 0.011618 
2018.591338 0.245421 0.998445 
2019.014310 0.685372 0.147543 
2019.303010 0.509186 0.543903 
2021.271434 0.890152 0.086343 
2022.205390 0.981720 0.092030 
2022.568921 0.016029 0.365751 
2023.320009 0.124662 0.584651 
2024.236694 0.403094 0.900339 
2025.198676 0.724979 0.836249 
2026.071913 0.892511 0.503223 
2026.342841 0.192530 0.452453 
2026.940348 0.443090 0.099061 
2028.921876 0.880628 0.605520 
2029.383681 0.438585 0.540090 
2029.621592 0.739538 0.468493 
2029.707119 0.866917 0.697974 
2029.742386 0.123382 0.920735 
2030.129118 0.093604 0.604049 
2030.142927 0.124590 0.623030 
2031.389618 0.459229 0.081826 
2032.020957 0.765211 0.674532 
2032.963638 0.455187 0.791102 
2033.105593 0.131346 0.733029 
2034.500825 0.780377 0.854800 
2035.381834 0.062861 0.767115 
2035.402897 0.358664 0.213707 
2035.806084 0.488836 0.264854 
2036.362431 0.655353 0.167628 
2036.687847 0.075908 0.862985 
2038.707521 0.243174 0.065943 
2040.357430 0.193237 0.778007 
2041.335968 0.606757 0.944851 
2041.548356 0.995702 0.452612 
2041.637697 0.208431 0.540665 
2042.596284 0.793913 0.878611 
2044.052445 0.359864 0.619476 
2045.085356 0.233309 0.396356 
2045.576643 0.316466 0.910352 
2045.788936 0.124448 0.237406 
2046.616830 0.146971 0.329673 
