0.000000 0.187348 0.507085 
0.567891 0.244422 0.484463 
0.942803 0.724246 0.495763 
1.772245 0.949586 0.633648 
2.473091 0.034650 0.913727 
4.755421 0.463692 0.566722 
5.572276 0.272614 0.057647 
5.672183 0.216368 0.181948 
6.868807 0.519377 0.864601 
8.479019 0.887963 0.678440 
9.656294 0.688491 0.618798 
9.741257 0.372417 0.325301 
13.590144 0.651855 0.536081 
14.915469 0.340004 0.400568 
16.540225 0.229892 0.269418 
16.770302 0.276092 0.915354 
17.543242 0.449435 0.401837 
22.444619 0.530916 0.843592 
22.937092 0.851391 0.878616 
23.444196 0.087093 0.717884 
23.800549 0.758550 0.158475 
24.306823 0.841591 0.276458 
26.755343 0.993602 0.673338 
28.262995 0.563759 0.925155 
28.777171 0.695334 0.621321 
28.801189 0.477606 0.689172 
29.488784 0.796184 0.033380 
30.604125 0.269190 0.681265 
30.852367 0.164899 0.229329 
31.335215 0.653548 0.210383 
31.818636 0.229093 0.091443 
31.897697 0.059513 0.086165 
31.997185 0.269876 0.888574 
33.126278 0.425502 0.168937 
35.481370 0.311928 0.596554 
36.246746 0.878395 0.519193 
40.347867 0.226352 0.824062 
40.624189 0.686209 0.798999 
40.779117 0.293838 0.533174 
41.856228 0.469835 0.741795 
42.149101 0.593186 0.970934 
42.546014 0.821939 0.660077 
42.944994 0.715752 0.961458 
44.283775 0.700147 0.817632 
47.653574 0.948307 0.790569 
47.996866 0.676207 0.432667 
53.928517 0.400830 0.501511 
55.445447 0.288171 0.574232 
55.845524 0.212510 0.326790 
62.452176 0.095933 0.936981 
63.106693 0.848065 0.162369 
66.711888 0.304663 0.138289 
68.919151 0.438424 0.352346 
69.940268 0.636790 0.901875 
70.299856 0.505495 0.912965 
70.714598 0.266070 0.274586 
71.089578 0.526922 0.698567 
71.880280 0.613918 0.171580 
74.014180 0.301281 0.801368 
75.389779 0.053218 0.143264 
75.523635 0.915603 0.475633 
75.979508 0.740071 0.260269 
77.170496 0.938778 0.272118 
77.355013 0.253403 0.258764 
78.799768 0.610352 0.852916 
79.521823 0.359945 0.100187 
79.526047 0.368493 0.645831 
83.121117 0.362577 0.727331 
83.173404 0.381034 0.843525 
85.958803 0.547632 0.501581 
87.090282 0.594529 0.052703 
87.502677 0.269655 0.380516 
88.731374 0.759069 0.575658 
88.964606 0.127138 0.779060 
89.275215 0.271003 0.789011 
89.960759 0.119182 0.011907 
90.863291 0.935380 0.588159 
91.522094 0.797769 0.553650 
92.200032 0.528329 0.974436 
92.645217 0.693492 0.304271 
92.937045 0.879217 0.872079 
93.411518 0.085641 0.946684 
93.565843 0.364490 0.892771 
94.047605 0.350647 0.834965 
94.428039 0.264784 0.505932 
96.493619 0.929278 0.631881 
97.280638 0.415968 0.345241 
98.918695 0.412153 0.754019 
99.845396 0.737646 0.184329 
100.376450 0.088025 0.787720 
100.761701 0.840165 0.234811 
102.333863 0.239851 0.977814 
102.819248 0.216689 0.548707 
103.814755 0.554984 0.095624 
104.168469 0.037507 0.733447 
104.522588 0.950470 0.781568 
104.961349 0.832983 0.000891 
105.755654 0.110301 0.813877 
106.180516 0.011980 0.187028 
108.309887 0.294760 0.979730 
108.809925 0.718577 0.711534 
109.446991 0.609007 0.013383 
111.171708 0.472102 0.136055 
111.226316 0.956325 0.110570 
111.490361 0.489638 0.650715 
111.851312 0.676850 0.277858 
113.292196 0.131354 0.514942 
115.820308 0.190797 0.101039 
117.813043 0.958269 0.056918 
119.382940 0.548427 0.343353 
120.586922 0.778191 0.930266 
122.415300 0.900647 0.081589 
123.436088 0.956897 0.650911 
123.489576 0.480631 0.905174 
123.576208 0.711877 0.337855 
123.717907 0.956414 0.826981 
124.496555 0.241899 0.133588 
126.021172 0.303169 0.497219 
126.989012 0.922767 0.555579 
127.072836 0.072783 0.497645 
128.408202 0.943713 0.855455 
128.734553 0.727709 0.337377 
129.521096 0.850954 0.889350 
130.651799 0.124787 0.065381 
130.791654 0.634361 0.827402 
130.948860 0.470264 0.255267 
131.440943 0.668520 0.716075 
131.801186 0.845634 0.399673 
132.173561 0.334285 0.062945 
132.807150 0.044349 0.194093 
133.705391 0.468939 0.504586 
133.923624 0.581580 0.560204 
134.413626 0.859150 0.477120 
136.939933 0.499712 0.920693 
137.676823 0.687547 0.538495 
137.717092 0.294758 0.045186 
137.827273 0.230197 0.152486 
138.094960 0.539472 0.855803 
139.979914 0.886739 0.575283 
140.657313 0.688440 0.596509 
141.572355 0.099085 0.502899 
141.760408 0.061722 0.617528 
146.034447 0.876675 0.525469 
146.060059 0.785558 0.383820 
146.428759 0.417242 0.143505 
147.579819 0.454314 0.768922 
151.423889 0.282781 0.097283 
151.837623 0.476325 0.122049 
153.037157 0.917922 0.893510 
153.899485 0.929098 0.231227 
154.440743 0.656824 0.349916 
154.568475 0.114831 0.407328 
157.072190 0.512177 0.196134 
158.507749 0.332125 0.194223 
159.390218 0.059395 0.482091 
159.483754 0.041144 0.448466 
161.632434 0.468303 0.582443 
162.782826 0.039177 0.088561 
163.047566 0.877695 0.380206 
163.678901 0.636924 0.941078 
164.434627 0.196513 0.099607 
164.523045 0.331367 0.658797 
164.742251 0.098139 0.481686 
164.752536 0.560170 0.101600 
165.771452 0.058188 0.323437 
165.841461 0.618827 0.842797 
166.643855 0.129893 0.521655 
170.069120 0.593869 0.652044 
170.459456 0.487734 0.141577 
171.338635 0.146977 0.173677 
171.507272 0.131119 0.004736 
173.224721 0.077661 0.832640 
174.888733 0.735123 0.204883 
175.021429 0.989176 0.542588 
175.223284 0.804160 0.371372 
176.206439 0.478571 0.335644 
176.606185 0.213304 0.268504 
182.783983 0.499316 0.218147 
182.999687 0.051595 0.263484 
183.157602 0.178496 0.716708 
184.260758 0.613087 0.033127 
185.301473 0.133803 0.954986 
185.542267 0.213333 0.857246 
185.759532 0.740085 0.612041 
186.165128 0.843551 0.069157 
186.740423 0.055308 0.043044 
188.584280 0.053837 0.835890 
190.484564 0.043163 0.209690 
191.791739 0.647206 0.778495 
191.943585 0.180115 0.868522 
192.444397 0.194319 0.205682 
193.690384 0.209190 0.078807 
195.505848 0.927435 0.447561 
198.039807 0.011100 0.089128 
199.895671 0.201508 0.722877 
201.112837 0.462199 0.334267 
203.725662 0.311473 0.591475 
203.758314 0.546626 0.045096 
203.812508 0.871814 0.078962 
204.008140 0.256910 0.882659 
204.798429 0.111738 0.089083 
204.943050 0.871387 0.758175 
207.134784 0.600175 0.895465 
209.710017 0.025827 0.712452 
211.837599 0.850152 0.183870 
211.848667 0.833492 0.753155 
212.636891 0.731795 0.493452 
213.494707 0.880362 0.266817 
215.787865 0.325812 0.162025 
215.796008 0.777135 0.459950 
216.015595 0.131603 0.712786 
216.147441 0.777645 0.577577 
217.772285 0.010272 0.029634 
217.904949 0.645921 0.753463 
218.569697 0.528196 0.843617 
220.795495 0.195256 0.139059 
220.968936 0.349302 0.364478 
223.244844 0.680204 0.757926 
223.966048 0.969401 0.146414 
224.259600 0.658936 0.919953 
224.738488 0.293231 0.125327 
225.544596 0.995905 0.611644 
225.763884 0.518518 0.222612 
226.153475 0.216373 0.678940 
226.767718 0.164085 0.801230 
227.450176 0.503159 0.654583 
227.596359 0.848574 0.508270 
228.475629 0.104123 0.103129 
229.899166 0.967546 0.681449 
230.546205 0.860609 0.928829 
231.835396 0.519067 0.402335 
232.030095 0.682377 0.893662 
232.245360 0.466608 0.357669 
232.500717 0.868338 0.320293 
232.717739 0.412894 0.803985 
234.172217 0.780629 0.653905 
234.374162 0.265408 0.736772 
234.633270 0.323917 0.275707 
236.579466 0.961266 0.905443 
236.654258 0.093543 0.061989 
237.341188 0.340843 0.813344 
237.558187 0.164430 0.558798 
238.937374 0.863136 0.434221 
239.365412 0.380672 0.314332 
240.092562 0.932706 0.600318 
243.128197 0.749173 0.083991 
245.015308 0.585554 0.023542 
245.058758 0.908053 0.798445 
245.653357 0.999292 0.689978 
247.112707 0.548459 0.130586 
247.372753 0.870186 0.996251 
247.642916 0.821309 0.110882 
248.026211 0.569765 0.619925 
248.093053 0.801551 0.597602 
249.710401 0.956344 0.217594 
250.359848 0.860919 0.774254 
250.579605 0.888183 0.266252 
251.380177 0.022561 0.621510 
251.755728 0.687481 0.398664 
251.858044 0.177764 0.136510 
251.872205 0.137099 0.695642 
252.073209 0.453821 0.464465 
252.997988 0.847861 0.143869 
254.199621 0.852119 0.838365 
254.318256 0.379822 0.506700 
254.697303 0.993393 0.830250 
255.508604 0.303182 0.081719 
256.545440 0.173376 0.546278 
257.118615 0.285637 0.607989 
258.599226 0.273421 0.473826 
260.922486 0.346514 0.022384 
263.253818 0.632043 0.274128 
263.710577 0.296726 0.759495 
265.178762 0.533783 0.246565 
267.031298 0.493243 0.594537 
267.181252 0.906419 0.806246 
268.827033 0.567163 0.260689 
269.627596 0.008216 0.596587 
270.357235 0.942318 0.017239 
270.434863 0.318226 0.890579 
271.051098 0.765987 0.973400 
271.070226 0.556298 0.165945 
271.183570 0.742885 0.983268 
272.213565 0.123369 0.031661 
272.328132 0.486953 0.556033 
272.650835 0.545185 0.889623 
272.657416 0.142991 0.445391 
272.677639 0.308521 0.916765 
273.228115 0.416909 0.179174 
273.309495 0.095213 0.746892 
274.494555 0.903219 0.278741 
274.836616 0.094846 0.185131 
276.901086 0.065428 0.543697 
277.038016 0.327944 0.083031 
277.279454 0.983071 0.895465 
279.825556 0.739985 0.436156 
279.940776 0.013427 0.514978 
280.527270 0.393723 0.963170 
283.619628 0.443293 0.521603 
283.669746 0.013320 0.380112 
284.277635 0.642521 0.638072 
284.955347 0.957156 0.234109 
285.483835 0.281735 0.709070 
286.107745 0.260468 0.585335 
286.741361 0.080520 0.636813 
287.663761 0.915586 0.101526 
289.156063 0.207415 0.102233 
290.667863 0.704842 0.659883 
291.963542 0.170179 0.308897 
292.154249 0.670659 0.301046 
294.527510 0.472297 0.753614 
294.693515 0.757054 0.369167 
298.290287 0.106437 0.032603 
299.449531 0.611562 0.652242 
299.556607 0.513846 0.607363 
301.374094 0.921383 0.576019 
301.539785 0.693127 0.116100 
301.696374 0.854891 0.514803 
301.883204 0.185166 0.602175 
305.012537 0.847794 0.968900 
305.569748 0.788459 0.189744 
305.843491 0.808358 0.791434 
309.584781 0.742412 0.898472 
310.485815 0.653651 0.965189 
313.229664 0.548339 0.162399 
313.267074 0.181823 0.826319 
316.720740 0.669440 0.644085 
317.591276 0.777013 0.965649 
317.977559 0.170226 0.990366 
318.201553 0.970021 0.673259 
320.208462 0.512920 0.156551 
321.324050 0.780635 0.064740 
321.830342 0.508658 0.112644 
322.039113 0.643159 0.470594 
322.235928 0.504154 0.867286 
325.688090 0.467852 0.749797 
326.994812 0.148098 0.681130 
328.416383 0.852866 0.551925 
328.500015 0.186067 0.183312 
330.329018 0.812476 0.826834 
331.402962 0.532412 0.143338 
331.658956 0.886344 0.819205 
331.906796 0.046942 0.939842 
333.801868 0.778444 0.030745 
334.086666 0.946432 0.468566 
335.925942 0.321172 0.370448 
335.959441 0.028326 0.770621 
336.092657 0.913969 0.413012 
336.476686 0.435330 0.255034 
338.539162 0.167239 0.461812 
339.237858 0.932056 0.171835 
339.761750 0.177403 0.311089 
341.277821 0.291499 0.256952 
341.596320 0.569102 0.190600 
341.756222 0.086718 0.016819 
343.085362 0.975311 0.075861 
343.421768 0.319250 0.773724 
346.572838 0.565517 0.396117 
347.093916 0.468823 0.964386 
347.106225 0.694280 0.257447 
347.946496 0.617842 0.712560 
348.465362 0.366572 0.491904 
349.572282 0.137024 0.884643 
358.154124 0.869118 0.735262 
360.723615 0.953326 0.815711 
361.277503 0.654561 0.079615 
362.455302 0.275998 0.471854 
363.547136 0.806991 0.999085 
365.661395 0.768063 0.900848 
369.206146 0.515632 0.570043 
371.978233 0.735065 0.938632 
372.521336 0.511760 0.892162 
373.039193 0.170704 0.488974 
373.136226 0.325085 0.747150 
374.523806 0.316937 0.170265 
374.981493 0.807344 0.274275 
375.680889 0.338201 0.217868 
375.706606 0.099247 0.651938 
377.219654 0.116380 0.056474 
377.974999 0.787850 0.711470 
378.015302 0.933522 0.607102 
378.829103 0.377402 0.508266 
381.485845 0.755204 0.736031 
383.153279 0.298549 0.167866 
383.225262 0.703495 0.115366 
383.445593 0.029360 0.778786 
383.689142 0.671198 0.766345 
384.800905 0.914365 0.252701 
385.166654 0.211342 0.538259 
386.428059 0.685798 0.179983 
387.135694 0.244828 0.281590 
388.774818 0.972720 0.004484 
389.794606 0.880702 0.802739 
390.431342 0.154734 0.242755 
390.617279 0.022769 0.865704 
391.486347 0.711844 0.197327 
392.225266 0.072893 0.330009 
393.096228 0.310690 0.838643 
393.282322 0.785516 0.764404 
395.185087 0.536174 0.007494 
396.281866 0.568837 0.152947 
396.601842 0.479806 0.070407 
399.442931 0.687071 0.129491 
401.167482 0.482633 0.829791 
401.887759 0.869531 0.801659 
401.959894 0.033330 0.084325 
403.420077 0.470372 0.370716 
403.925664 0.248538 0.861286 
404.086486 0.583475 0.733840 
407.389694 0.428770 0.202302 
407.446915 0.478263 0.686844 
408.936428 0.727001 0.711337 
410.195769 0.506323 0.370046 
410.987626 0.677429 0.310670 
413.146444 0.542650 0.695480 
414.645196 0.286131 0.065560 
414.826820 0.763378 0.276843 
415.233338 0.653668 0.946757 
415.703386 0.517246 0.315829 
416.692125 0.442680 0.020526 
417.924582 0.505570 0.640109 
419.556221 0.346146 0.339187 
419.667751 0.268349 0.517943 
419.738503 0.615759 0.452704 
422.155055 0.337230 0.324087 
423.130331 0.074142 0.295616 
423.652869 0.067098 0.972791 
424.414940 0.462244 0.621117 
426.348905 0.480387 0.253714 
426.499538 0.245368 0.338559 
426.668193 0.171545 0.339823 
426.945842 0.868277 0.414723 
427.667266 0.425648 0.867997 
432.579407 0.802584 0.142817 
434.318654 0.157188 0.001419 
435.030257 0.159959 0.691106 
435.741235 0.945163 0.219786 
436.925796 0.801022 0.411878 
437.509027 0.109586 0.995483 
438.410679 0.740442 0.823003 
439.046713 0.460602 0.062934 
440.030043 0.581313 0.604000 
441.185626 0.780473 0.359619 
441.597967 0.677842 0.901800 
441.755069 0.871268 0.567574 
442.118601 0.329452 0.918586 
442.929379 0.880568 0.952355 
444.018646 0.549104 0.588987 
444.858052 0.498866 0.657769 
445.245630 0.257099 0.602893 
445.313991 0.243538 0.438647 
446.042117 0.351445 0.087536 
446.376438 0.376775 0.573424 
446.567649 0.328255 0.781805 
447.699053 0.303868 0.419807 
449.801413 0.257872 0.360095 
450.052279 0.351096 0.836722 
450.533908 0.184245 0.454870 
451.690386 0.460749 0.570890 
452.175409 0.134158 0.132706 
452.674012 0.327787 0.605881 
456.189684 0.183627 0.651038 
456.552406 0.723104 0.814333 
456.640431 0.750231 0.509873 
456.647558 0.506628 0.252435 
457.137560 0.329140 0.746148 
458.002602 0.682826 0.552082 
458.273563 0.582941 0.284845 
458.678581 0.516196 0.964602 
459.600536 0.336596 0.871183 
463.113323 0.693112 0.650293 
463.487468 0.543432 0.167611 
464.257915 0.569760 0.985721 
465.185126 0.414409 0.730241 
470.623088 0.253537 0.042690 
470.743530 0.340762 0.000020 
471.618877 0.180513 0.278912 
473.917872 0.173150 0.423642 
474.051069 0.343408 0.635507 
474.270639 0.743504 0.579750 
475.255279 0.318589 0.100382 
476.985655 0.939486 0.736010 
478.338526 0.121951 0.263389 
479.379626 0.222795 0.943003 
479.459554 0.852040 0.305390 
485.943254 0.095874 0.282649 
487.047486 0.049830 0.660183 
487.332457 0.786827 0.384462 
487.393158 0.002363 0.447292 
487.679392 0.147501 0.517037 
489.500270 0.535379 0.042556 
490.646373 0.814316 0.330392 
492.615098 0.118962 0.232545 
493.165262 0.137547 0.629537 
493.902462 0.214907 0.616625 
494.922539 0.458656 0.971425 
497.726775 0.386449 0.796955 
498.458422 0.960975 0.464028 
498.898663 0.414940 0.657381 
500.599926 0.656620 0.472708 
501.043208 0.580892 0.741468 
504.353060 0.669037 0.353446 
505.226635 0.475719 0.032617 
508.108047 0.771033 0.597444 
508.172003 0.998698 0.669461 
509.875770 0.854450 0.523689 
509.925880 0.621664 0.458504 
510.103833 0.830784 0.787262 
510.542720 0.751345 0.007710 
510.684997 0.263811 0.158207 
511.242575 0.284910 0.815428 
512.426196 0.225497 0.925642 
515.370219 0.277416 0.418236 
516.254970 0.700241 0.761903 
517.095067 0.285722 0.982664 
517.573033 0.642624 0.492593 
518.248725 0.508683 0.237458 
521.949798 0.203930 0.502933 
522.040677 0.913578 0.109550 
523.008969 0.943596 0.402229 
523.209510 0.314502 0.285294 
527.214765 0.296316 0.144239 
527.592123 0.762786 0.064747 
527.835732 0.892827 0.438237 
528.427163 0.901283 0.532380 
528.435690 0.348860 0.069277 
529.632977 0.971341 0.348677 
529.777435 0.039843 0.906288 
529.861785 0.824360 0.657936 
530.480090 0.851196 0.836500 
530.635302 0.082868 0.226780 
531.346402 0.960251 0.583140 
533.289870 0.762346 0.874592 
533.797865 0.937278 0.500682 
535.584297 0.678500 0.369237 
535.834783 0.085570 0.315207 
536.395107 0.375147 0.867946 
536.710944 0.077543 0.127153 
537.418407 0.457317 0.447106 
540.318604 0.672165 0.682331 
540.788757 0.043677 0.035900 
542.054366 0.440901 0.880201 
542.565570 0.338480 0.677717 
542.662680 0.066095 0.954905 
542.695113 0.305292 0.222709 
543.841165 0.975914 0.561477 
544.180594 0.206256 0.527220 
545.760411 0.765214 0.832751 
550.672818 0.128372 0.376586 
550.922790 0.167895 0.110647 
553.757613 0.510567 0.618921 
554.427220 0.920910 0.576620 
554.542883 0.547691 0.789147 
555.411791 0.713884 0.337268 
555.512907 0.295042 0.862588 
555.586165 0.205688 0.977741 
556.653633 0.438295 0.699932 
557.520565 0.849697 0.629279 
557.637042 0.234486 0.371635 
560.942681 0.241140 0.239053 
561.476324 0.883170 0.643131 
561.534543 0.222010 0.802443 
562.056473 0.679405 0.426533 
563.656439 0.165710 0.162938 
565.018192 0.633268 0.889639 
565.137221 0.458023 0.106826 
565.344385 0.626365 0.148160 
567.607176 0.205727 0.921375 
569.490310 0.069391 0.638649 
570.040698 0.248342 0.758287 
572.753258 0.139806 0.631974 
575.066945 0.893007 0.001187 
576.332433 0.951095 0.560497 
576.541252 0.066608 0.623884 
577.723068 0.570185 0.459390 
577.814799 0.106630 0.858218 
578.165538 0.442323 0.817629 
578.450368 0.605784 0.170373 
579.323281 0.222890 0.317977 
579.673888 0.305473 0.878925 
580.326396 0.335705 0.440655 
580.977052 0.552159 0.019046 
582.123503 0.819281 0.843492 
582.460926 0.298698 0.342943 
583.304589 0.069998 0.076183 
584.134976 0.531361 0.355523 
584.416609 0.863961 0.477222 
584.641471 0.875662 0.137792 
585.255761 0.158814 0.048893 
588.125964 0.415838 0.698444 
592.529430 0.876425 0.420353 
593.334176 0.750026 0.109641 
595.196390 0.969168 0.443514 
596.980089 0.002812 0.722004 
597.120525 0.778035 0.051799 
598.464869 0.361626 0.303735 
598.936585 0.721312 0.244508 
599.969188 0.737992 0.826706 
600.199156 0.735980 0.430493 
600.238641 0.695495 0.467627 
601.605734 0.049649 0.266352 
603.451645 0.941061 0.290298 
609.002008 0.504040 0.876451 
609.415374 0.701719 0.389025 
610.764624 0.781544 0.065044 
610.975325 0.671057 0.268165 
614.215184 0.127395 0.187694 
614.563664 0.058707 0.046400 
616.386164 0.049373 0.232337 
618.292702 0.549490 0.848696 
618.367162 0.327576 0.640490 
618.533694 0.741885 0.319536 
618.851755 0.176476 0.021808 
622.111688 0.867388 0.835082 
624.015036 0.352656 0.278992 
624.344682 0.360623 0.441922 
626.600729 0.683946 0.430001 
627.724134 0.871806 0.053221 
628.481634 0.493593 0.081864 
631.583977 0.359929 0.677057 
631.921818 0.032826 0.404344 
632.979452 0.117075 0.842116 
633.715500 0.709354 0.385029 
633.798354 0.951976 0.082856 
633.993865 0.317087 0.458968 
634.630591 0.144163 0.793691 
634.779762 0.761549 0.944993 
635.912932 0.379099 0.817904 
637.710389 0.116376 0.099856 
639.014775 0.018557 0.634554 
639.208652 0.561096 0.712802 
640.671260 0.405407 0.717314 
641.298417 0.168806 0.070967 
642.558304 0.763154 0.919561 
643.276699 0.918844 0.486429 
645.531141 0.942238 0.682495 
646.917091 0.723820 0.773372 
647.523523 0.696321 0.867144 
648.018327 0.772015 0.605472 
648.952399 0.078309 0.928357 
649.203521 0.154022 0.070282 
649.619224 0.543017 0.244438 
651.432969 0.775441 0.393941 
651.897229 0.589804 0.127518 
652.068094 0.250162 0.013874 
652.196973 0.414847 0.334819 
652.662843 0.922525 0.737984 
655.936583 0.872645 0.278577 
656.093940 0.532974 0.761186 
656.909096 0.532854 0.367735 
659.652636 0.222885 0.671605 
660.625703 0.584733 0.590588 
661.286424 0.699594 0.320059 
662.455357 0.069066 0.247369 
662.956557 0.179928 0.465823 
663.313049 0.875554 0.192563 
664.905843 0.385090 0.357649 
666.203583 0.580536 0.798124 
667.762873 0.324622 0.026966 
668.959777 0.496546 0.256303 
670.301620 0.888368 0.372219 
670.510918 0.093300 0.829765 
671.039771 0.264800 0.738385 
674.522982 0.926974 0.580312 
675.320076 0.544709 0.824436 
676.480769 0.240613 0.768072 
678.299188 0.083359 0.384116 
678.589146 0.692723 0.012204 
678.692820 0.692473 0.262491 
678.843620 0.211330 0.735046 
678.929180 0.843514 0.565009 
679.979249 0.070905 0.270204 
681.268885 0.226016 0.570237 
683.707921 0.305395 0.337005 
683.990997 0.579100 0.221107 
684.310656 0.282742 0.201963 
685.399872 0.001098 0.229704 
686.706541 0.002376 0.705827 
688.581116 0.257660 0.947763 
691.470478 0.953685 0.743060 
692.023041 0.380666 0.228041 
692.534454 0.610640 0.430454 
693.147866 0.621318 0.948409 
693.354540 0.640635 0.549689 
693.362539 0.501392 0.104545 
693.696098 0.147634 0.404857 
693.879395 0.393549 0.745276 
694.648772 0.747942 0.672307 
695.076145 0.635884 0.262178 
698.585451 0.978833 0.392826 
698.858220 0.461453 0.800678 
701.473602 0.528391 0.022791 
701.627719 0.350927 0.637951 
704.485370 0.530721 0.724954 
704.679155 0.475872 0.688073 
705.949129 0.211115 0.793706 
706.881616 0.435792 0.722366 
709.205410 0.845034 0.660146 
711.387957 0.228882 0.460384 
712.148220 0.927189 0.634100 
713.496861 0.337317 0.724766 
714.283950 0.885301 0.074153 
714.690820 0.034970 0.910206 
715.356860 0.901644 0.912676 
715.657987 0.384062 0.830240 
717.777510 0.456210 0.129808 
718.635507 0.738057 0.023061 
719.759451 0.974477 0.293638 
720.291746 0.596847 0.308347 
721.826572 0.641014 0.676261 
722.225148 0.390970 0.629807 
722.661067 0.716434 0.896994 
728.133738 0.424308 0.618421 
728.423613 0.392495 0.171487 
728.495371 0.471950 0.655328 
729.007828 0.771096 0.949244 
729.251064 0.550649 0.484843 
730.958893 0.517066 0.763752 
731.610100 0.120193 0.944769 
732.193224 0.444554 0.796253 
732.611186 0.744629 0.285786 
732.693556 0.291713 0.164500 
733.461874 0.151539 0.039588 
736.399798 0.817810 0.261241 
736.835123 0.968492 0.087869 
737.612497 0.157777 0.898243 
737.882955 0.907056 0.613283 
739.597700 0.379019 0.984211 
739.902458 0.019159 0.167731 
741.877404 0.807478 0.763571 
743.336176 0.630806 0.223945 
746.259603 0.098536 0.226131 
746.465716 0.215924 0.033671 
747.746110 0.554802 0.241409 
747.816666 0.593716 0.654782 
748.271403 0.013297 0.045441 
748.849605 0.705087 0.215181 
750.191246 0.851972 0.205473 
750.516588 0.972398 0.104537 
751.993647 0.526308 0.873641 
752.111118 0.730934 0.001869 
752.718994 0.516135 0.119562 
752.791512 0.766905 0.518949 
755.037255 0.476909 0.665859 
755.113055 0.415304 0.844076 
755.973436 0.769147 0.185766 
756.247683 0.122122 0.767861 
758.178228 0.326803 0.722007 
758.443583 0.477887 0.000503 
759.894529 0.629318 0.212430 
760.185042 0.399939 0.671180 
760.921899 0.361748 0.609561 
764.705317 0.384270 0.168613 
765.986744 0.762497 0.194894 
766.286087 0.675204 0.212242 
766.813721 0.312018 0.666971 
766.872789 0.319696 0.953959 
768.058818 0.078928 0.015602 
770.501841 0.809756 0.639529 
772.179726 0.236665 0.942391 
776.064560 0.841485 0.767443 
776.182075 0.016438 0.944877 
777.472174 0.416497 0.721990 
777.794151 0.461293 0.754753 
778.033819 0.559151 0.024190 
778.685761 0.943157 0.106759 
778.950140 0.811476 0.432852 
780.276294 0.807652 0.614871 
780.882377 0.516100 0.828556 
781.200131 0.483490 0.450089 
781.404259 0.504075 0.977839 
781.504506 0.872063 0.165891 
785.310754 0.042980 0.752112 
789.534853 0.746842 0.634574 
791.202365 0.604981 0.000809 
791.817286 0.041599 0.550273 
792.380267 0.204411 0.919499 
792.590175 0.819091 0.398574 
793.019975 0.200758 0.484363 
794.377813 0.137403 0.474765 
796.257482 0.033746 0.402600 
797.022641 0.722909 0.228266 
798.272727 0.311548 0.093903 
798.392628 0.259023 0.581888 
799.994068 0.919857 0.721009 
801.584665 0.894265 0.003928 
803.243266 0.517470 0.496627 
804.441913 0.496672 0.852459 
805.777832 0.186721 0.486686 
806.386966 0.333001 0.610767 
806.626840 0.808457 0.754441 
808.277322 0.431564 0.289261 
808.536175 0.064720 0.199609 
809.136526 0.168452 0.618563 
810.039305 0.931530 0.380389 
810.693808 0.785469 0.089374 
810.970948 0.782966 0.168242 
813.948673 0.347775 0.246116 
815.599195 0.750125 0.104413 
815.880838 0.445366 0.132225 
816.105644 0.467292 0.940515 
818.565667 0.309067 0.850923 
819.686104 0.931131 0.431061 
820.156760 0.176850 0.594016 
821.960751 0.406066 0.669168 
822.174930 0.713115 0.261449 
822.571256 0.318947 0.011136 
825.933615 0.989164 0.951073 
830.045924 0.698434 0.107500 
830.878976 0.903080 0.232084 
831.300958 0.533705 0.519219 
831.457749 0.474720 0.527204 
832.169898 0.322683 0.562636 
832.304606 0.791067 0.254388 
834.334961 0.446242 0.739981 
835.249294 0.029238 0.129893 
836.262439 0.194441 0.326612 
838.461896 0.213620 0.437158 
838.566091 0.022021 0.958590 
839.214230 0.660293 0.530816 
839.325509 0.576356 0.126507 
842.804164 0.437082 0.728974 
843.851407 0.536137 0.282396 
844.059057 0.772921 0.439465 
845.797398 0.037106 0.281345 
848.149925 0.599130 0.248134 
848.449553 0.029868 0.295708 
848.611065 0.685180 0.325532 
850.178889 0.993564 0.506564 
850.219742 0.438859 0.062218 
852.435285 0.600992 0.066054 
853.194186 0.037399 0.573756 
853.419929 0.928610 0.718709 
853.750736 0.796329 0.664912 
853.785526 0.310287 0.723805 
855.138874 0.773232 0.287203 
855.350687 0.119147 0.310166 
855.834015 0.105892 0.645205 
858.399924 0.737004 0.943951 
858.477644 0.432614 0.639269 
859.275801 0.150402 0.405755 
860.478474 0.089893 0.360049 
865.565309 0.623268 0.826821 
865.751705 0.842497 0.472789 
866.117437 0.553931 0.456542 
867.656860 0.926226 0.076952 
868.413295 0.772508 0.173240 
868.584644 0.126293 0.130357 
871.941813 0.684654 0.918874 
872.381952 0.260698 0.126200 
872.436004 0.581304 0.310831 
874.457858 0.488679 0.476950 
876.188137 0.796665 0.488332 
876.681924 0.071457 0.597067 
876.817437 0.028037 0.434378 
877.731998 0.218381 0.949391 
877.799774 0.221582 0.165204 
877.828111 0.015629 0.704036 
880.020980 0.813461 0.921091 
880.186394 0.380087 0.363801 
880.828997 0.921738 0.912691 
881.621245 0.752458 0.751240 
881.991985 0.859137 0.793850 
882.663957 0.411697 0.797227 
885.371520 0.263209 0.740140 
886.437447 0.462192 0.144144 
889.937254 0.535334 0.980331 
890.080324 0.559206 0.087387 
890.751698 0.023416 0.706262 
893.013223 0.138750 0.043996 
894.779538 0.671307 0.163755 
894.782315 0.890967 0.150171 
895.166758 0.103148 0.996910 
896.555513 0.134681 0.479842 
897.272491 0.707158 0.765268 
897.944487 0.962545 0.433260 
899.627694 0.220556 0.385544 
900.711812 0.588450 0.704023 
900.895769 0.130245 0.274112 
901.010579 0.255834 0.653787 
901.293498 0.561307 0.991044 
901.475215 0.161991 0.713996 
901.553948 0.523765 0.801898 
901.690081 0.831009 0.693330 
902.176745 0.076520 0.556502 
902.504455 0.517166 0.713659 
902.605075 0.259985 0.272087 
903.328034 0.791511 0.422795 
904.122085 0.147937 0.910645 
905.630398 0.808236 0.783050 
905.652995 0.601158 0.271548 
907.717668 0.626660 0.478149 
907.973686 0.292109 0.877779 
909.495120 0.867419 0.502578 
910.137672 0.541366 0.813349 
910.315099 0.675272 0.168514 
910.373895 0.645058 0.804571 
910.441380 0.882235 0.579412 
910.478412 0.552405 0.098556 
911.416752 0.692136 0.609106 
911.951219 0.771855 0.362686 
913.665108 0.676368 0.117164 
914.267898 0.349758 0.039141 
914.324448 0.850190 0.843868 
915.613773 0.617043 0.631865 
918.907861 0.281520 0.413958 
919.123778 0.322444 0.769454 
919.557425 0.873783 0.499946 
919.932198 0.995036 0.175064 
920.340227 0.063730 0.614057 
920.675616 0.790120 0.137671 
922.344417 0.283134 0.944909 
922.373735 0.373732 0.783047 
922.791986 0.463176 0.841770 
924.153013 0.629614 0.967849 
925.146631 0.713145 0.179569 
927.362737 0.222968 0.060281 
927.865173 0.408389 0.018404 
929.713666 0.428790 0.379540 
935.695774 0.276893 0.914683 
936.438976 0.012317 0.266099 
937.210674 0.380791 0.301449 
938.208741 0.192025 0.809440 
939.121508 0.850546 0.690809 
939.610962 0.899000 0.625223 
940.289979 0.665390 0.848945 
940.562956 0.423777 0.642401 
940.657664 0.657617 0.821715 
943.160829 0.306341 0.970280 
943.167879 0.036421 0.629964 
943.289276 0.815077 0.356035 
943.331566 0.466851 0.629093 
943.653913 0.746814 0.520654 
944.114816 0.054919 0.784154 
945.391311 0.881667 0.808002 
949.709610 0.551587 0.584131 
951.598573 0.773493 0.003663 
952.935155 0.863005 0.792145 
955.909442 0.893309 0.287252 
955.916883 0.061161 0.084049 
956.089442 0.997090 0.194618 
958.001796 0.407675 0.371799 
958.146730 0.181530 0.279768 
960.038484 0.141675 0.819240 
960.814601 0.224768 0.745692 
960.887625 0.868611 0.331882 
962.281733 0.245567 0.042037 
966.819549 0.761267 0.264812 
967.505920 0.268446 0.618682 
967.537806 0.618397 0.742736 
969.009161 0.176200 0.347737 
969.309562 0.467241 0.083372 
971.645664 0.791924 0.915929 
971.726212 0.017922 0.389685 
971.850556 0.624740 0.755271 
976.693173 0.837083 0.792800 
976.955242 0.245667 0.927510 
979.627432 0.695805 0.995138 
979.657452 0.530514 0.476997 
980.238712 0.319888 0.265393 
982.041648 0.371263 0.873610 
983.028559 0.163398 0.977989 
983.854098 0.483369 0.945826 
984.187684 0.669555 0.092849 
985.278875 0.855174 0.965417 
985.535869 0.140191 0.184993 
986.056795 0.676981 0.830799 
986.677505 0.016535 0.250522 
986.693198 0.970532 0.849689 
987.054569 0.562382 0.976769 
989.446829 0.967677 0.769883 
990.362775 0.065203 0.903812 
991.373019 0.601712 0.362836 
993.096405 0.008829 0.966407 
994.773666 0.388102 0.375743 
995.241475 0.287296 0.966375 
995.866947 0.216125 0.424086 
997.158781 0.652476 0.771049 
998.095109 0.289191 0.499047 
1000.408190 0.051410 0.982928 
1000.790606 0.779050 0.164250 
1001.856156 0.075976 0.579431 
1001.974937 0.701274 0.071477 
1002.853622 0.701148 0.578687 
1003.140917 0.609210 0.326933 
1004.031315 0.137055 0.972619 
1004.407009 0.000786 0.673033 
1004.728835 0.010359 0.507938 
1004.772353 0.823789 0.272656 
1004.843928 0.520888 0.201149 
1005.286984 0.825436 0.278913 
1006.519172 0.088802 0.510596 
1006.853952 0.713817 0.021117 
1010.402985 0.575760 0.264956 
1010.417766 0.818530 0.669305 
1012.079717 0.061970 0.205849 
1013.382587 0.939593 0.972170 
1014.101388 0.985668 0.707683 
1015.416141 0.775973 0.181452 
1015.827836 0.373072 0.354874 
1016.106636 0.563852 0.551985 
1017.062449 0.372206 0.692191 
1017.954132 0.328752 0.710353 
1018.563236 0.658322 0.634803 
1020.331675 0.765401 0.162036 
1020.354437 0.130095 0.914312 
1020.437214 0.912091 0.746101 
1022.322708 0.138936 0.029731 
1023.726046 0.819059 0.608292 
1025.272374 0.700200 0.664395 
1025.839953 0.567547 0.746249 
1026.088815 0.508225 0.102482 
1028.595454 0.905196 0.013323 
1029.882738 0.349461 0.186848 
1030.416108 0.383895 0.037593 
1031.833090 0.911699 0.119557 
1032.042214 0.073694 0.020446 
1035.412635 0.369940 0.275703 
1035.539857 0.722206 0.543616 
1035.546810 0.525362 0.005519 
1035.577723 0.386799 0.612502 
1035.685122 0.335553 0.161091 
1036.034326 0.523720 0.395024 
1036.565658 0.944254 0.486530 
1038.519767 0.141096 0.151294 
1039.997787 0.367198 0.656499 
1040.198479 0.056047 0.714384 
1040.249625 0.545914 0.637096 
1041.249235 0.930769 0.080264 
1041.424727 0.046343 0.543570 
1042.662613 0.879573 0.158024 
1043.096996 0.866159 0.711102 
1044.452188 0.201827 0.723239 
1045.251514 0.578191 0.457405 
1046.200894 0.922449 0.477411 
1047.832907 0.874503 0.345550 
1047.971568 0.160655 0.453428 
1049.769783 0.390538 0.317917 
1049.878749 0.307457 0.396871 
1050.095068 0.118987 0.722155 
1053.431686 0.490902 0.792453 
1053.822048 0.817388 0.874318 
1054.173647 0.705186 0.132184 
1054.511902 0.703908 0.899922 
1054.791078 0.943377 0.139825 
1056.784903 0.111832 0.990488 
1057.055916 0.168740 0.370090 
1057.914532 0.639098 0.991230 
1058.216601 0.583231 0.486640 
1060.258757 0.533360 0.047496 
1060.483209 0.850072 0.156321 
1061.021963 0.782039 0.331766 
1062.815817 0.580980 0.049399 
1062.851493 0.877940 0.004070 
1063.174573 0.819219 0.956864 
1064.470054 0.950271 0.563628 
1065.570887 0.668351 0.906085 
1065.775948 0.499970 0.307259 
1066.163588 0.400656 0.928400 
1066.655742 0.331903 0.155905 
1070.256574 0.476532 0.867690 
1071.300859 0.701847 0.634975 
1072.313786 0.804530 0.997836 
1074.127631 0.531771 0.602035 
1074.190344 0.304137 0.721832 
1074.951504 0.186201 0.634724 
1076.450662 0.949044 0.224596 
1077.101607 0.766683 0.907345 
1077.506718 0.007829 0.106545 
1077.928774 0.713291 0.340782 
1082.464133 0.702977 0.509238 
1082.715218 0.553486 0.873899 
1083.168591 0.242299 0.246593 
1084.354445 0.809549 0.265476 
1085.449967 0.137839 0.803094 
1085.603722 0.583108 0.806087 
1086.668365 0.855056 0.741274 
1086.826582 0.342397 0.271129 
1086.969717 0.868388 0.836776 
1087.285230 0.553374 0.521854 
1088.317946 0.440785 0.120751 
1088.470326 0.915969 0.886352 
1089.473232 0.924784 0.089400 
1094.208949 0.068649 0.287073 
1094.710065 0.818095 0.748008 
1094.921458 0.244281 0.555046 
1095.754004 0.947179 0.778554 
1096.211402 0.252953 0.742922 
1097.838491 0.041293 0.549825 
1097.989663 0.973542 0.608716 
1098.909381 0.350485 0.712789 
1099.886558 0.245847 0.014578 
1100.317304 0.342205 0.532959 
1100.879542 0.729379 0.486511 
1101.123968 0.216930 0.406541 
1102.008402 0.071288 0.129790 
1103.119828 0.332738 0.997528 
1103.463351 0.437163 0.051854 
1103.832242 0.032440 0.899940 
1104.663052 0.218029 0.439471 
1106.534958 0.336459 0.737172 
1107.192358 0.335387 0.662118 
1107.325898 0.903982 0.366476 
1110.139940 0.420902 0.418968 
1111.047954 0.547184 0.247320 
1111.053448 0.763737 0.807059 
1114.359846 0.821696 0.777618 
1115.209956 0.933330 0.097140 
1116.079758 0.614539 0.635560 
1116.671904 0.817678 0.774128 
1117.053288 0.941877 0.929012 
1117.163853 0.333441 0.884839 
1117.166233 0.382514 0.749114 
1118.631071 0.920156 0.817303 
1118.987944 0.107234 0.574778 
1121.079778 0.336824 0.317684 
1123.326084 0.201322 0.603784 
1125.998330 0.312955 0.659708 
1127.418921 0.442232 0.985834 
1127.542687 0.394077 0.969778 
1127.656499 0.096584 0.265747 
1129.234307 0.473504 0.527383 
1129.730685 0.726054 0.480023 
1130.811185 0.224479 0.186190 
1131.850415 0.816251 0.555174 
1132.262179 0.862229 0.549838 
1132.466275 0.833530 0.221998 
1132.953241 0.502391 0.970312 
1134.209428 0.708978 0.091426 
1134.327184 0.966803 0.373550 
1134.408273 0.050903 0.284304 
1134.634598 0.991833 0.491359 
1134.942950 0.358088 0.764962 
1137.444871 0.601537 0.692893 
1138.952918 0.173729 0.334698 
1139.874907 0.385692 0.419811 
1141.700083 0.307333 0.742208 
1142.053443 0.933327 0.170723 
1142.077046 0.415030 0.981542 
1142.196008 0.963866 0.155950 
1143.432423 0.426726 0.434466 
1143.687309 0.749338 0.744388 
1144.471473 0.867254 0.792754 
1144.630220 0.435936 0.934878 
1145.514698 0.040745 0.055138 
1145.688918 0.362100 0.123055 
1146.195485 0.947676 0.510534 
1146.234618 0.331066 0.992708 
1147.508494 0.595892 0.249745 
1147.566698 0.897292 0.579664 
1148.034202 0.231487 0.297017 
1148.129873 0.658310 0.633758 
1148.177536 0.788332 0.719281 
1152.370865 0.892331 0.292697 
1154.555609 0.713602 0.726709 
1154.700573 0.307728 0.763720 
1155.540917 0.181277 0.605624 
1155.867073 0.291349 0.652563 
1157.127259 0.162545 0.485731 
1157.670353 0.562679 0.161519 
1160.201919 0.092016 0.270538 
1161.293223 0.778003 0.327750 
1161.591674 0.838521 0.009342 
1162.002948 0.413308 0.816565 
1163.263206 0.217051 0.373971 
1164.568783 0.262557 0.706463 
1165.322274 0.352313 0.943602 
1165.404115 0.186168 0.127003 
1165.588995 0.466174 0.093055 
1165.703150 0.828521 0.525448 
1167.176471 0.936578 0.682292 
1167.651124 0.876225 0.200796 
1168.824204 0.693943 0.437009 
1169.102375 0.882374 0.923406 
1169.454876 0.325048 0.064274 
1171.367525 0.396562 0.986418 
1172.419557 0.307418 0.583240 
1172.763946 0.318162 0.936911 
1173.608291 0.510293 0.059746 
1175.621067 0.374406 0.770111 
1175.702593 0.553771 0.607490 
1176.190224 0.915189 0.046773 
1176.229177 0.258533 0.837845 
1177.365773 0.591902 0.284195 
1178.704325 0.259350 0.692017 
1179.336128 0.705768 0.372943 
1179.772531 0.375834 0.993724 
1180.695919 0.382947 0.303628 
1181.120600 0.716873 0.337867 
1182.527062 0.969238 0.941766 
1182.585019 0.336920 0.194544 
1187.002453 0.145751 0.123726 
1187.232194 0.139266 0.695284 
1187.853106 0.167490 0.320765 
1188.123717 0.454037 0.923155 
1188.513778 0.191667 0.376315 
1190.440442 0.558931 0.672006 
1190.595902 0.890321 0.918117 
1190.669875 0.447935 0.905803 
1193.468573 0.918705 0.053860 
1193.585896 0.930582 0.568401 
1194.262982 0.324268 0.438902 
1194.343789 0.954486 0.309016 
1195.859891 0.772250 0.280040 
1195.971936 0.542061 0.396149 
1196.934632 0.263962 0.357204 
1200.169425 0.646406 0.222681 
1200.395307 0.989200 0.653853 
1202.772876 0.204083 0.929035 
1206.205853 0.421807 0.864228 
1206.597686 0.790533 0.453991 
1207.852166 0.251525 0.751256 
1208.083235 0.063061 0.135221 
1209.044093 0.510159 0.918312 
1210.004740 0.667200 0.162074 
1210.007709 0.086375 0.182710 
1211.333757 0.452973 0.946542 
1211.412283 0.573545 0.148547 
1212.144892 0.584062 0.120603 
1212.247564 0.306677 0.720049 
1213.990720 0.116217 0.195425 
1214.895448 0.142204 0.754696 
1215.267972 0.917461 0.085144 
1215.766450 0.724598 0.622372 
1216.784792 0.184445 0.427884 
1217.088101 0.265788 0.674786 
1217.798450 0.762334 0.100093 
1217.958805 0.398988 0.692715 
1219.169063 0.057660 0.263687 
1219.330328 0.037600 0.678898 
1220.677798 0.948321 0.691509 
1220.704048 0.583130 0.437932 
1226.279992 0.590878 0.624694 
1227.081426 0.494352 0.658985 
1228.666175 0.718696 0.930806 
1230.399884 0.361207 0.351100 
1232.492437 0.775771 0.736008 
1233.847649 0.996402 0.421753 
1237.513640 0.936394 0.689583 
1238.013789 0.179438 0.320909 
1238.238711 0.216011 0.894385 
1238.558386 0.987590 0.805117 
1238.591012 0.902576 0.633455 
1239.141312 0.372020 0.579532 
1240.208880 0.854082 0.638397 
1244.121748 0.533136 0.571270 
1244.130344 0.679544 0.979953 
1246.500426 0.350873 0.495653 
1247.061795 0.683419 0.585655 
1247.137732 0.166569 0.335137 
1247.198896 0.001637 0.668077 
1248.395844 0.993878 0.054649 
1248.429643 0.635460 0.132499 
1249.399415 0.774990 0.291854 
1250.719099 0.829241 0.858831 
1253.440214 0.225097 0.177291 
1255.713479 0.729169 0.812204 
1258.968312 0.713141 0.610320 
1261.566569 0.701923 0.474403 
1261.721928 0.506562 0.683568 
1267.255654 0.282667 0.615801 
1267.381788 0.245153 0.779789 
1268.757996 0.559451 0.150797 
1269.833216 0.244388 0.353686 
1271.061856 0.004336 0.671976 
1274.418501 0.061537 0.878410 
1276.224334 0.258278 0.914611 
1277.384394 0.088326 0.413243 
1277.842257 0.167690 0.320562 
1278.045381 0.783478 0.446085 
1279.214291 0.910937 0.745364 
1280.388713 0.560195 0.914501 
1280.435409 0.790850 0.219517 
1281.141960 0.753720 0.921487 
1281.696071 0.361655 0.719795 
1282.860799 0.668143 0.583695 
1283.170878 0.719117 0.706986 
1284.592112 0.047453 0.242117 
1286.055250 0.343620 0.287106 
1287.479950 0.346331 0.235355 
1288.377387 0.851353 0.541727 
1288.840851 0.407486 0.365327 
1289.487452 0.429640 0.875940 
1290.429067 0.086811 0.501081 
1290.741996 0.944701 0.274723 
1291.107845 0.512447 0.499366 
1293.222984 0.552603 0.477973 
1293.403620 0.394682 0.656775 
1294.688871 0.643227 0.771436 
1295.547380 0.427653 0.002900 
1296.554166 0.111085 0.032487 
1297.232538 0.352932 0.465589 
1298.382178 0.891478 0.194003 
1298.591537 0.100631 0.956084 
1298.865628 0.451995 0.250590 
1298.954217 0.689609 0.812880 
1300.830261 0.890175 0.656777 
1301.199028 0.062833 0.911602 
1301.268532 0.807236 0.543336 
1304.375841 0.571109 0.555888 
1306.510982 0.017097 0.540512 
1307.306192 0.049729 0.039349 
1307.447590 0.342189 0.129982 
1307.648217 0.806893 0.938403 
1311.275654 0.493076 0.769876 
1311.953796 0.991373 0.322854 
1314.525624 0.748818 0.152994 
1315.585397 0.315500 0.752720 
1316.859965 0.459686 0.976977 
1317.335614 0.798493 0.513504 
1322.274768 0.659441 0.584596 
1322.883138 0.722232 0.355577 
1322.947403 0.408404 0.420541 
1326.268098 0.196972 0.931440 
1326.847249 0.006556 0.275275 
1327.219796 0.871220 0.124168 
1327.503260 0.111426 0.665392 
1328.352388 0.528563 0.367299 
1328.525931 0.830994 0.820860 
1328.605644 0.721985 0.313513 
1329.110214 0.443321 0.674952 
1330.034809 0.439780 0.314371 
1330.283511 0.615731 0.005010 
1330.387335 0.023117 0.349944 
1330.474565 0.174921 0.607751 
1331.091406 0.274929 0.045121 
1332.398604 0.165713 0.536800 
1333.028967 0.574813 0.223293 
1333.526708 0.016532 0.651067 
1333.705897 0.453167 0.103260 
1334.686710 0.100587 0.037794 
1336.451520 0.279447 0.773672 
1336.506317 0.624247 0.254572 
1337.115007 0.293562 0.211903 
1338.162522 0.826091 0.377825 
1339.770070 0.691144 0.777358 
1340.187851 0.600442 0.907761 
1340.976815 0.295994 0.487239 
1340.996398 0.401808 0.099541 
1342.443532 0.282466 0.749881 
1342.927175 0.950347 0.272188 
1342.972487 0.427285 0.612568 
1343.145122 0.466368 0.651282 
1343.175267 0.418893 0.793680 
1344.110158 0.996263 0.504577 
1344.503563 0.901704 0.418222 
1345.978027 0.909527 0.648373 
1347.510699 0.249656 0.490813 
1351.339376 0.285185 0.260357 
1351.810469 0.409655 0.412580 
1352.739032 0.296545 0.703325 
1352.765252 0.289959 0.223932 
1356.899843 0.561759 0.211886 
1360.978470 0.080776 0.354217 
1361.129673 0.946797 0.788429 
1361.215757 0.283268 0.523635 
1361.521236 0.764581 0.719696 
1362.268149 0.667257 0.459698 
1362.408895 0.402614 0.411704 
1364.393624 0.850300 0.054263 
1365.044733 0.633103 0.153694 
1365.463145 0.913125 0.020491 
1365.639625 0.676821 0.593311 
1365.694344 0.807241 0.457004 
1366.681713 0.228544 0.813207 
1366.882064 0.576767 0.244297 
1368.377321 0.007008 0.554910 
1369.073110 0.316845 0.835241 
1371.401473 0.237454 0.005729 
1371.990407 0.359424 0.495989 
1373.948328 0.062238 0.994280 
1373.974374 0.624934 0.077952 
1376.286421 0.173917 0.749305 
1376.963201 0.239362 0.045117 
1377.782351 0.338577 0.449971 
1378.263282 0.256360 0.540961 
1381.468883 0.854378 0.308088 
1383.732989 0.387062 0.982377 
1384.322495 0.759069 0.876038 
1386.455613 0.607799 0.314820 
1388.629384 0.200066 0.700407 
1389.923025 0.650957 0.627931 
1389.978722 0.989930 0.525375 
1391.790495 0.407407 0.145463 
1392.132791 0.620006 0.511040 
1393.273638 0.943262 0.600168 
1394.286209 0.836188 0.434816 
1397.322916 0.504888 0.895700 
1399.303195 0.575509 0.376353 
1401.758706 0.820246 0.966867 
1402.110779 0.537315 0.368988 
1403.121830 0.840216 0.637543 
1403.294863 0.309761 0.275683 
1404.099851 0.591388 0.620107 
1404.517389 0.278194 0.428334 
1404.789164 0.145980 0.167980 
1405.827330 0.270749 0.192436 
1405.828113 0.968607 0.867574 
1407.719109 0.866824 0.238331 
1408.893850 0.375374 0.601224 
1409.365932 0.940583 0.221120 
1410.169276 0.483922 0.847444 
1410.531845 0.520984 0.616815 
1411.139452 0.173153 0.242786 
1411.293779 0.512228 0.792400 
1413.840676 0.114931 0.209877 
1414.022764 0.437431 0.097397 
1414.095603 0.030091 0.684730 
1414.216015 0.921057 0.828176 
1415.001746 0.519991 0.550293 
1416.852934 0.796284 0.660430 
1417.472163 0.959527 0.184545 
1419.107308 0.918287 0.846902 
1421.632378 0.251954 0.470833 
1424.469169 0.936587 0.674200 
1425.467210 0.297926 0.506547 
1426.381173 0.102507 0.987522 
1426.746464 0.114071 0.755327 
1428.541978 0.846180 0.749251 
1428.823781 0.690881 0.044106 
1428.824744 0.770910 0.963160 
1431.514805 0.998598 0.454119 
1431.834570 0.428215 0.949200 
1432.055033 0.472239 0.781188 
1433.703741 0.045214 0.734099 
1434.192677 0.708319 0.113817 
1434.238781 0.834966 0.194737 
1437.256937 0.893698 0.653521 
1437.663740 0.625603 0.430875 
1437.688079 0.677049 0.421723 
1440.109156 0.378816 0.479098 
1440.159559 0.688802 0.162421 
1442.030910 0.789389 0.533815 
1443.208638 0.394018 0.382570 
1444.326825 0.400006 0.166566 
1445.734448 0.915647 0.436394 
1446.320556 0.049926 0.700035 
1448.041650 0.724813 0.193959 
1450.815688 0.763220 0.037790 
1451.437627 0.588226 0.081115 
1452.385398 0.297035 0.089451 
1453.095756 0.533225 0.342824 
1453.282647 0.049601 0.359545 
1453.986170 0.814037 0.204921 
1454.737150 0.795924 0.507993 
1455.652651 0.962028 0.611149 
1462.408663 0.601403 0.240334 
1463.715553 0.231408 0.699594 
1463.919711 0.377335 0.305741 
1464.026356 0.593149 0.399620 
1465.007660 0.651409 0.095554 
1465.848051 0.855417 0.407615 
1466.117212 0.943651 0.631382 
1466.715709 0.718744 0.134396 
1467.344307 0.387375 0.724514 
1468.215828 0.644914 0.617301 
1472.410309 0.814042 0.485340 
1474.225759 0.394980 0.323627 
1474.978097 0.717516 0.057414 
1476.627169 0.943269 0.114234 
1478.813974 0.027842 0.004891 
1479.149639 0.213204 0.207139 
1479.963277 0.967032 0.577923 
1480.693977 0.566165 0.936392 
1483.774765 0.627709 0.970845 
1485.166814 0.869407 0.124948 
1485.465539 0.307610 0.671263 
1485.669779 0.706542 0.795086 
1486.194346 0.327832 0.107945 
1486.848974 0.462656 0.521357 
1488.790530 0.230950 0.991415 
1489.158184 0.560104 0.465611 
1491.416004 0.164720 0.192566 
1491.872074 0.354803 0.058930 
1492.567721 0.643218 0.109773 
1493.970057 0.262197 0.249803 
1494.850853 0.332821 0.466370 
1495.807100 0.259355 0.992093 
1495.968215 0.353813 0.319062 
1497.562250 0.779812 0.972806 
1500.613198 0.503246 0.624434 
1501.357228 0.022856 0.161197 
1502.397528 0.491271 0.113835 
1502.481968 0.776779 0.980404 
1502.506914 0.926553 0.926335 
1502.780602 0.554077 0.752890 
1503.330404 0.109506 0.004322 
1504.717648 0.495879 0.224543 
1504.759317 0.106282 0.472595 
1505.100605 0.421749 0.385512 
1505.805022 0.857697 0.526797 
1506.448802 0.578902 0.581312 
1507.697866 0.937477 0.568969 
1510.126625 0.964450 0.418248 
1511.275454 0.701434 0.448403 
1511.769381 0.512553 0.735938 
1513.566010 0.386220 0.988633 
1515.369271 0.398782 0.076128 
1516.541616 0.108664 0.866153 
1517.929826 0.476509 0.802220 
1519.150881 0.523624 0.146728 
1520.062032 0.867173 0.184855 
1520.590751 0.165469 0.625192 
1521.045394 0.702937 0.361633 
1521.413055 0.488348 0.589221 
1526.170325 0.198951 0.196084 
1529.904667 0.124854 0.932402 
1531.985250 0.024239 0.713949 
1532.581881 0.314409 0.513380 
1532.763718 0.065628 0.695901 
1533.299183 0.089611 0.956277 
1533.512399 0.447906 0.041825 
1537.629919 0.892512 0.239716 
1539.434404 0.854150 0.241618 
1540.497886 0.539875 0.984210 
1543.860604 0.635575 0.092646 
1544.205181 0.644125 0.922138 
1547.707911 0.810852 0.274854 
1548.690118 0.192399 0.762357 
1548.818620 0.297323 0.013337 
1548.968218 0.531367 0.148033 
1550.520402 0.392325 0.957130 
1551.313804 0.648238 0.703611 
1551.549635 0.049826 0.134644 
1554.348489 0.900489 0.097560 
1555.329983 0.590377 0.952740 
1555.700914 0.314409 0.996317 
1556.228756 0.583161 0.926983 
1562.365298 0.041103 0.370887 
1562.809620 0.315787 0.876967 
1565.272499 0.923099 0.252315 
1565.622949 0.543811 0.110484 
1566.253178 0.657465 0.084543 
1569.665458 0.158149 0.950486 
1572.202278 0.495973 0.842977 
1577.161545 0.748866 0.368231 
1577.890878 0.365927 0.073992 
1578.189576 0.973242 0.833662 
1578.405342 0.556253 0.659992 
1578.884994 0.738616 0.512516 
1579.426059 0.165339 0.353155 
1581.182041 0.854483 0.004209 
1581.617884 0.109967 0.400890 
1582.678684 0.013844 0.283306 
1583.942888 0.569102 0.970940 
1584.497654 0.908325 0.710177 
1584.731906 0.223256 0.579210 
1585.966479 0.772805 0.192839 
1586.494400 0.156638 0.706950 
1586.903315 0.096383 0.600833 
1588.547759 0.713638 0.413609 
1591.153240 0.402915 0.516452 
1592.503733 0.599460 0.938497 
1593.850186 0.478133 0.459765 
1594.534589 0.066167 0.371191 
1595.983521 0.703562 0.741521 
1598.554239 0.529150 0.195469 
1600.672226 0.418613 0.365655 
1601.920360 0.134507 0.577857 
1602.383198 0.310749 0.176435 
1603.850362 0.821563 0.614063 
1603.859574 0.501777 0.505401 
1603.890755 0.150427 0.008473 
1604.018630 0.687991 0.255333 
1604.558634 0.712287 0.025556 
1604.924383 0.301275 0.802003 
1605.387063 0.108002 0.663669 
1605.766684 0.861889 0.754067 
1605.803599 0.778464 0.182425 
1606.174730 0.448838 0.165773 
1606.922862 0.126736 0.441050 
1611.178758 0.297556 0.495519 
1611.222255 0.836419 0.846192 
1611.626502 0.441759 0.006432 
1613.855013 0.328380 0.945752 
1616.421737 0.890046 0.716839 
1616.960394 0.677441 0.093319 
1617.112498 0.838536 0.241671 
1617.456134 0.927618 0.309854 
1617.681511 0.175651 0.726347 
1619.040674 0.464345 0.591333 
1619.347251 0.170615 0.588761 
1619.635140 0.150448 0.333756 
1620.390996 0.984128 0.147663 
1620.450642 0.815004 0.141748 
1620.718951 0.356550 0.155949 
1620.924342 0.555352 0.756003 
1621.529657 0.638292 0.138020 
1621.756246 0.224271 0.094012 
1624.936354 0.321981 0.198117 
1626.071018 0.631447 0.619601 
1627.771113 0.490485 0.601907 
1633.575704 0.811191 0.180616 
1634.585219 0.094653 0.963008 
1634.898654 0.312577 0.530382 
1636.840137 0.041145 0.708504 
1637.280282 0.327874 0.116688 
1638.684397 0.094208 0.855726 
1640.458514 0.855651 0.280975 
1640.616099 0.833143 0.348916 
1641.995953 0.539381 0.093313 
1645.254049 0.201679 0.387106 
1645.675519 0.818754 0.028835 
1646.699918 0.852542 0.989341 
1646.907551 0.278065 0.963628 
1647.679066 0.342794 0.608802 
1648.278421 0.161526 0.034102 
1648.914821 0.593994 0.090576 
1649.091863 0.103538 0.257327 
1649.189094 0.955567 0.317857 
1650.082202 0.763356 0.077059 
1650.256924 0.373328 0.244452 
1651.583106 0.466371 0.594280 
1651.837770 0.181368 0.657788 
1652.258331 0.078661 0.703886 
1653.927842 0.351050 0.937391 
1654.083284 0.808330 0.547539 
1656.412203 0.848548 0.799226 
1659.259080 0.528900 0.279814 
1661.089086 0.549434 0.793686 
1661.512898 0.024881 0.637333 
1662.687376 0.378070 0.423130 
1663.571477 0.816370 0.199105 
1663.991791 0.028829 0.115376 
1664.814992 0.303595 0.143707 
1666.786418 0.665914 0.701127 
1666.968141 0.198751 0.451567 
1669.564864 0.983348 0.540414 
1670.878897 0.604161 0.202535 
1671.063838 0.508136 0.554162 
1673.668100 0.285154 0.580910 
1675.248525 0.902036 0.645643 
1676.444699 0.923703 0.003445 
1676.737450 0.238197 0.279575 
1676.798003 0.119530 0.097122 
1677.347114 0.854265 0.794211 
1678.011859 0.440937 0.908367 
1678.545528 0.686549 0.342666 
1679.243153 0.642965 0.403254 
1679.368411 0.473502 0.936317 
1680.358590 0.251354 0.433504 
1681.283012 0.863553 0.766385 
1681.956612 0.539594 0.614253 
1683.041714 0.987191 0.276349 
1683.071345 0.532490 0.414918 
1683.348250 0.341456 0.226186 
1683.839860 0.364734 0.229693 
1686.578998 0.832318 0.200257 
1686.618598 0.091544 0.420341 
1688.061075 0.123411 0.275683 
1688.869270 0.507159 0.153984 
1689.341155 0.670722 0.489300 
1689.440798 0.781865 0.527941 
1691.340065 0.392989 0.345886 
1691.348738 0.076255 0.277437 
1692.626534 0.048071 0.062107 
1694.624063 0.421164 0.890958 
1694.665764 0.096891 0.968071 
1694.781639 0.687545 0.195519 
1694.798613 0.369628 0.150168 
1694.804442 0.714779 0.058393 
1698.321850 0.045036 0.169493 
1700.770897 0.540335 0.345377 
1701.362159 0.450565 0.397268 
1701.850216 0.577213 0.310953 
1702.159444 0.579986 0.046227 
1702.384164 0.657473 0.848220 
1702.734214 0.673827 0.908035 
1703.248571 0.811996 0.847670 
1704.219706 0.193605 0.704678 
1704.427763 0.107782 0.697785 
1704.434415 0.369294 0.867898 
1705.487163 0.819621 0.690773 
1705.687749 0.871098 0.120942 
1705.839708 0.001418 0.327003 
1706.066822 0.302051 0.999929 
1706.937205 0.987019 0.073644 
1708.893263 0.828727 0.786868 
1708.914773 0.906615 0.530528 
1709.780923 0.988093 0.576827 
1710.957081 0.245579 0.925423 
1711.266688 0.191998 0.169977 
1713.917137 0.049873 0.735673 
1714.388315 0.013769 0.066388 
1714.512126 0.633559 0.494021 
1714.786172 0.595838 0.748393 
1714.889158 0.822378 0.204065 
1715.945620 0.408294 0.743725 
1717.841368 0.764473 0.539312 
1718.961919 0.694801 0.491608 
1719.998251 0.351821 0.134524 
1721.093834 0.793153 0.397248 
1723.774872 0.558214 0.528688 
1724.390693 0.393151 0.311657 
1725.550440 0.261460 0.176154 
1725.555325 0.392247 0.139769 
1726.188383 0.441820 0.740028 
1727.924762 0.556648 0.005671 
1728.053296 0.391021 0.491669 
1728.593493 0.712587 0.948587 
1729.255597 0.010202 0.697658 
1731.420366 0.790486 0.219302 
1732.377805 0.527823 0.183401 
1732.686192 0.077693 0.286355 
1733.381814 0.909458 0.842398 
1733.614587 0.830573 0.692499 
1738.619717 0.643550 0.298299 
1739.106521 0.170920 0.964704 
1739.738344 0.231527 0.625928 
1739.908613 0.792771 0.213047 
1745.100545 0.346799 0.206971 
1746.206332 0.312849 0.897623 
1746.235381 0.120243 0.785254 
1746.275139 0.113169 0.015074 
1747.804762 0.291302 0.451176 
1748.611184 0.277298 0.578889 
1750.624979 0.047023 0.132607 
1750.738591 0.415965 0.655538 
1750.967577 0.875616 0.970567 
1753.254533 0.820385 0.057610 
1754.391763 0.886451 0.134105 
1755.108992 0.336884 0.905967 
1755.403738 0.084128 0.058212 
1755.992462 0.014634 0.680619 
1756.384574 0.200725 0.964559 
1756.758497 0.683154 0.931855 
1759.506473 0.956208 0.288555 
1759.710377 0.311224 0.606833 
1760.223785 0.151595 0.798527 
1761.171215 0.492777 0.270887 
1762.015875 0.376329 0.564746 
1762.021051 0.827098 0.270233 
1762.575690 0.075726 0.356889 
1762.978032 0.853149 0.582217 
1766.955044 0.763681 0.492456 
1767.084503 0.903089 0.269289 
1769.403641 0.362950 0.613161 
1769.834393 0.243375 0.449958 
1770.293020 0.332705 0.933085 
1772.322372 0.465770 0.593084 
1772.650126 0.221215 0.747642 
1773.546973 0.024147 0.145348 
1773.931455 0.170789 0.113484 
1773.995176 0.746423 0.337798 
1775.124664 0.845017 0.915191 
1775.960615 0.494191 0.625714 
1776.571244 0.415710 0.338298 
1776.783398 0.216969 0.473456 
1777.557385 0.589127 0.924139 
1780.172170 0.089172 0.395994 
1780.907418 0.157535 0.794332 
1780.983350 0.088684 0.076407 
1781.061904 0.681587 0.290470 
1781.200060 0.333792 0.917726 
1782.116826 0.629733 0.274851 
1782.169639 0.409677 0.372979 
1782.960750 0.442289 0.253558 
1783.228472 0.689970 0.794864 
1786.576909 0.981171 0.030611 
1787.152319 0.056537 0.728359 
1787.723503 0.081694 0.213968 
1787.944550 0.190794 0.859084 
1788.168926 0.273756 0.213327 
1789.407835 0.850741 0.305103 
1789.619458 0.322619 0.674255 
1789.668081 0.191539 0.125481 
1790.339750 0.499386 0.270004 
1790.791168 0.475020 0.289592 
1791.126061 0.414931 0.342713 
1791.217933 0.588161 0.958521 
1793.859569 0.504971 0.992340 
1794.375558 0.319899 0.919148 
1797.057808 0.520162 0.587572 
1797.824771 0.667505 0.472985 
1798.780700 0.194091 0.747722 
1800.768159 0.882183 0.985593 
1801.261015 0.330735 0.875556 
1801.481185 0.539322 0.367283 
1802.486762 0.363874 0.204823 
1802.672840 0.570359 0.038730 
1802.873359 0.878848 0.572573 
1804.212784 0.610947 0.881789 
1804.482076 0.299467 0.250846 
1804.660930 0.840115 0.307764 
1805.647074 0.099464 0.602795 
1806.177007 0.423266 0.309247 
1808.085077 0.168649 0.167812 
1808.811384 0.642122 0.879699 
1810.031272 0.059010 0.602495 
1811.104555 0.521863 0.392311 
1811.367959 0.583766 0.999574 
1812.946571 0.330484 0.204893 
1813.022007 0.809377 0.272747 
1813.739790 0.366233 0.340306 
1815.718497 0.084155 0.065593 
1818.635126 0.999597 0.222459 
1820.054584 0.326136 0.973413 
1820.973863 0.788354 0.944713 
1821.699385 0.879980 0.163010 
1821.905583 0.774090 0.653572 
1822.754983 0.102572 0.140799 
1822.835588 0.406299 0.368398 
1825.669618 0.653097 0.110432 
1827.996314 0.154142 0.746499 
1828.613644 0.597439 0.866830 
1829.321194 0.988889 0.061295 
1829.589385 0.269926 0.019463 
1829.961570 0.870373 0.756383 
1830.327534 0.776118 0.091110 
1831.068693 0.108338 0.137220 
1832.245388 0.732442 0.788563 
1832.422554 0.753818 0.399739 
1832.479977 0.804421 0.777891 
1833.358036 0.191020 0.188516 
1833.806225 0.306131 0.776294 
1834.235332 0.240870 0.872370 
1834.556101 0.097196 0.854688 
1834.607528 0.449529 0.331321 
1834.894984 0.856779 0.814131 
1835.043019 0.195468 0.315058 
1837.697986 0.243288 0.973101 
1838.028247 0.782616 0.210367 
1838.031102 0.186084 0.506926 
1838.383049 0.289842 0.855925 
1838.853585 0.216420 0.104983 
1839.185620 0.360267 0.872514 
1839.730366 0.294871 0.973610 
1839.839907 0.036163 0.863535 
1840.458324 0.609534 0.190369 
1841.032400 0.396435 0.190216 
1841.414485 0.660613 0.135613 
1841.770416 0.777794 0.495752 
1841.879755 0.152975 0.713782 
1842.385717 0.862766 0.206355 
1843.158687 0.300320 0.827429 
1843.287775 0.727418 0.635094 
1843.704949 0.160192 0.652625 
1847.209689 0.637011 0.140135 
1847.778099 0.550785 0.149233 
1847.945244 0.419300 0.016374 
1848.126007 0.284157 0.787065 
1848.389319 0.968913 0.797599 
1848.740247 0.913113 0.165393 
1848.944363 0.392481 0.777795 
1849.834271 0.977748 0.731645 
1850.656634 0.856385 0.272000 
1850.976775 0.247004 0.684560 
1851.212546 0.803345 0.941272 
1853.553657 0.235131 0.842217 
1853.859978 0.424680 0.706021 
1854.217443 0.423742 0.579105 
1855.089288 0.124257 0.701326 
1855.899751 0.044296 0.708341 
1856.182481 0.467079 0.073889 
1858.016072 0.520701 0.360242 
1858.460283 0.632446 0.721512 
1858.658982 0.697599 0.302872 
1860.056606 0.011295 0.036249 
1862.661987 0.759910 0.127691 
1863.003472 0.253060 0.869603 
1865.114205 0.682674 0.842950 
1865.858046 0.909555 0.603220 
1866.024374 0.765389 0.015915 
1867.156030 0.567331 0.146566 
1868.771429 0.802087 0.979665 
1869.801598 0.803285 0.514991 
1869.807104 0.231931 0.250229 
1870.685007 0.385651 0.941534 
1871.982950 0.921991 0.580759 
1873.819013 0.404802 0.906136 
1874.551515 0.248442 0.145788 
1876.080382 0.417631 0.416676 
1876.624782 0.583726 0.214088 
1877.741173 0.560892 0.118931 
1882.222968 0.038633 0.290796 
1882.780327 0.546385 0.436878 
1882.964762 0.193060 0.187119 
1883.295665 0.495271 0.323466 
1885.319086 0.117167 0.268336 
1885.906383 0.132681 0.754400 
1886.761859 0.248101 0.632216 
1886.764023 0.799597 0.430534 
1889.201525 0.484563 0.383802 
1891.621718 0.640939 0.062430 
1891.962190 0.828538 0.211536 
1892.026116 0.173651 0.514170 
1893.890790 0.860323 0.252823 
1894.407298 0.130796 0.678848 
1897.683814 0.139769 0.393573 
1898.682848 0.502945 0.422117 
1898.836533 0.098443 0.332581 
1899.543144 0.931100 0.002365 
1903.816876 0.380424 0.562560 
1905.056297 0.547903 0.515355 
1907.284035 0.160109 0.636291 
1907.411470 0.662988 0.417024 
1907.797350 0.354051 0.273277 
1908.670439 0.047336 0.862788 
1909.526084 0.496543 0.025864 
1910.709697 0.454833 0.923055 
1911.408685 0.451340 0.481330 
1912.127554 0.546694 0.920996 
1916.715792 0.280632 0.579291 
1917.861628 0.491039 0.958574 
1919.466759 0.110780 0.292343 
1919.771393 0.993308 0.404376 
1920.307058 0.595902 0.679216 
1920.583379 0.638467 0.821390 
1921.327602 0.356131 0.058435 
1921.565811 0.590454 0.447122 
1923.444811 0.554642 0.702712 
1923.809320 0.870114 0.703021 
1923.853669 0.184243 0.303297 
1924.535113 0.668040 0.726284 
1924.841279 0.124334 0.567959 
1926.847221 0.259209 0.389140 
1927.531789 0.268868 0.098955 
1930.552706 0.849101 0.087938 
1930.634506 0.130849 0.553656 
1930.654853 0.449427 0.093947 
1930.802713 0.527955 0.207827 
1931.052691 0.314863 0.823064 
1932.070168 0.735732 0.652222 
1933.311961 0.242257 0.226320 
1934.444762 0.119193 0.840525 
1936.941404 0.618880 0.888731 
1941.281932 0.839629 0.142542 
1941.533316 0.540781 0.650969 
1942.179815 0.500207 0.101948 
1942.267192 0.241575 0.158654 
1944.064124 0.732895 0.056834 
1946.489649 0.169482 0.857052 
1948.174189 0.124133 0.718071 
1948.183311 0.451827 0.532836 
1948.859242 0.607817 0.638127 
1949.566219 0.776862 0.092603 
1950.762425 0.764791 0.407218 
1951.116965 0.530438 0.854061 
1952.612999 0.173123 0.554728 
1953.331751 0.832495 0.455613 
1953.808992 0.700148 0.895350 
1955.054547 0.209533 0.476916 
1955.371981 0.255025 0.924471 
1955.979744 0.674611 0.522096 
1958.172579 0.770642 0.845631 
1959.327681 0.376030 0.751659 
1959.439337 0.785433 0.574892 
1959.915538 0.534985 0.763003 
1961.674156 0.063151 0.890961 
1961.946344 0.486665 0.001834 
1962.624403 0.011059 0.602239 
1963.296066 0.720422 0.838222 
1963.986689 0.002106 0.010579 
1965.657426 0.330706 0.023064 
1965.794245 0.978411 0.803298 
1967.643705 0.191394 0.363621 
1968.784399 0.332059 0.485706 
1969.337026 0.406463 0.908419 
1969.789999 0.713522 0.024661 
1970.045133 0.558376 0.385399 
1971.350959 0.918483 0.049221 
1971.635474 0.346535 0.129860 
1972.482308 0.336350 0.492349 
1973.474005 0.174973 0.421273 
1973.753169 0.028206 0.434998 
1973.760783 0.344084 0.295546 
1974.938997 0.893459 0.184606 
1975.137562 0.963056 0.897958 
1976.457804 0.188246 0.141240 
1977.047632 0.016568 0.156355 
1977.922454 0.734365 0.368323 
1978.453569 0.196986 0.836362 
1981.883232 0.465136 0.221130 
1981.960255 0.994780 0.381797 
1982.495145 0.480743 0.805718 
1982.595166 0.041622 0.699185 
1984.208716 0.550392 0.396205 
1984.515720 0.191323 0.904072 
1984.594253 0.086854 0.334855 
1985.880162 0.882758 0.665463 
1986.930902 0.573897 0.240170 
1987.208069 0.467716 0.356816 
1987.226933 0.330204 0.569774 
1987.697205 0.932830 0.196549 
1988.520825 0.559674 0.357035 
1988.540688 0.191370 0.484009 
1989.322301 0.938281 0.345623 
1989.399848 0.252146 0.311705 
1990.294347 0.302478 0.201405 
1994.398122 0.668723 0.153574 
1997.126553 0.993009 0.248042 
1997.909431 0.789409 0.725447 
1998.633158 0.999825 0.946399 
1998.716455 0.549633 0.183311 
2000.169725 0.630307 0.527629 
2001.020356 0.872220 0.953385 
2002.748137 0.897328 0.148192 
2003.441650 0.616606 0.087392 
2005.022759 0.487284 0.519915 
2006.415892 0.106013 0.412729 
2008.716925 0.843350 0.537311 
2011.689488 0.688247 0.977915 
2014.052905 0.827617 0.844758 
2014.516083 0.804486 0.102903 
2014.872530 0.448241 0.188033 
2018.147346 0.776945 0.763921 
2018.241240 0.255565 0.018583 
2018.279598 0.916540 0.743173 
2018.846268 0.308284 0.695716 
2019.328768 0.056451 0.206597 
2019.571796 0.261894 0.471545 
2019.703880 0.236102 0.899641 
2021.138878 0.634656 0.424520 
2021.340133 0.692161 0.410185 
2021.814161 0.411049 0.220110 
2024.105833 0.334001 0.911317 
2024.151787 0.361022 0.540369 
2025.772811 0.803596 0.801211 
2026.043773 0.667478 0.583563 
2026.936150 0.278630 0.878677 
2027.496385 0.523503 0.310573 
2028.990844 0.127507 0.170719 
2029.760408 0.509867 0.334142 
2029.797665 0.472237 0.877992 
2029.950276 0.957873 0.127566 
2029.961122 0.726995 0.787366 
2031.027734 0.317240 0.664905 
2032.940654 0.811511 0.164097 
2033.404280 0.878792 0.199661 
2034.078588 0.908890 0.551759 
2036.226383 0.759477 0.269340 
2036.273824 0.651433 0.503415 
2038.352455 0.190076 0.980571 
2039.245110 0.580709 0.219583 
2039.735796 0.981281 0.642100 
2040.047626 0.942055 0.092487 
2040.357969 0.577682 0.011186 
2040.708269 0.069683 0.268917 
2042.255859 0.183601 0.954486 
2042.716542 0.327546 0.534996 
2042.803738 0.787739 0.652796 
2044.006998 0.183475 0.813063 
2044.253550 0.476976 0.693291 
2044.475595 0.892857 0.644600 
2045.246343 0.655470 0.230498 
2045.482368 0.184039 0.716333 
2045.877867 0.807051 0.592620 
2047.364704 0.247911 0.502924 
2047.485982 0.961505 0.753951 
2047.914272 0.333046 0.758620 
