0.000000 0.327261 0.251149 
0.904620 0.316423 0.655278 
1.855536 0.435400 0.809449 
1.980175 0.760818 0.047854 
2.613313 0.304907 0.249250 
2.662245 0.474369 0.111182 
2.753624 0.011124 0.233393 
4.654687 0.902064 0.927192 
5.219199 0.426831 0.326957 
5.456248 0.884183 0.182573 
6.319063 0.842616 0.947403 
6.358878 0.372140 0.249137 
8.023758 0.959083 0.384424 
8.894583 0.215764 0.516470 
9.514176 0.944629 0.256242 
10.627139 0.887510 0.220171 
12.101481 0.317981 0.781796 
12.780563 0.937171 0.733081 
12.873001 0.036379 0.568740 
14.194866 0.945912 0.574489 
15.950103 0.747123 0.951031 
16.295516 0.466014 0.341391 
18.149742 0.906221 0.209398 
21.760102 0.350006 0.293560 
21.831439 0.326770 0.332433 
22.385824 0.831400 0.861249 
22.450538 0.169512 0.660103 
22.620351 0.256538 0.776917 
22.646142 0.135317 0.107547 
24.852821 0.950593 0.591638 
26.532829 0.047944 0.558945 
27.155913 0.702476 0.665863 
30.008400 0.481059 0.639038 
30.567534 0.398801 0.101702 
31.408913 0.182475 0.359561 
32.478517 0.566792 0.021333 
32.727370 0.688539 0.179354 
33.093870 0.847101 0.169571 
33.643033 0.746052 0.332259 
34.825553 0.572506 0.228726 
35.318993 0.886847 0.465141 
35.680934 0.509879 0.773972 
35.963683 0.372061 0.490109 
37.306649 0.103701 0.977602 
38.296022 0.422313 0.681842 
38.298337 0.466518 0.364957 
40.284018 0.150901 0.980978 
40.445085 0.471567 0.401366 
43.179092 0.217072 0.548874 
45.734386 0.000566 0.027515 
46.953697 0.582677 0.556958 
49.726333 0.138156 0.857386 
50.731204 0.265503 0.322071 
51.497666 0.343826 0.077827 
53.182927 0.553779 0.811009 
54.253397 0.678427 0.726047 
54.332987 0.853701 0.016601 
54.848621 0.427342 0.680829 
55.923346 0.814998 0.000040 
58.469982 0.859756 0.867509 
58.544890 0.851874 0.697239 
60.088965 0.650655 0.660824 
61.738355 0.864002 0.646041 
64.606711 0.649961 0.808659 
64.884715 0.710274 0.113942 
66.529203 0.833423 0.640722 
69.774685 0.226747 0.716759 
70.188497 0.998268 0.390757 
72.381692 0.497825 0.329901 
75.996429 0.121380 0.235585 
76.578623 0.692012 0.235576 
77.757301 0.625664 0.893172 
78.313247 0.379560 0.294897 
78.854757 0.631361 0.058092 
80.406150 0.380215 0.686213 
81.051503 0.455524 0.935525 
81.090965 0.769875 0.084069 
81.691732 0.024784 0.619125 
85.786139 0.696510 0.560410 
85.939020 0.551415 0.099545 
86.040895 0.881583 0.292580 
86.872658 0.466789 0.498488 
87.869662 0.665668 0.484532 
88.508405 0.667187 0.650262 
88.839869 0.745315 0.658348 
90.515907 0.942652 0.047404 
92.068291 0.469589 0.938929 
92.247861 0.735473 0.885991 
93.244635 0.800205 0.484549 
93.356895 0.476443 0.057427 
93.566155 0.355135 0.008418 
95.705382 0.725931 0.676572 
97.059953 0.221965 0.737287 
97.803483 0.167224 0.579166 
98.467315 0.563928 0.084620 
100.441256 0.280635 0.356032 
101.185463 0.615039 0.834501 
103.156185 0.351230 0.929696 
106.969830 0.561180 0.912655 
108.431371 0.277437 0.517864 
108.936906 0.187158 0.426741 
109.351197 0.982844 0.830490 
109.656488 0.636660 0.152460 
109.913861 0.305052 0.584873 
110.930582 0.225608 0.735776 
116.299203 0.192700 0.385611 
118.689314 0.154303 0.703127 
119.198400 0.762724 0.141390 
120.536088 0.467640 0.207263 
120.782792 0.670626 0.461489 
120.848014 0.139068 0.956969 
121.078810 0.993635 0.698620 
122.142742 0.319327 0.411031 
122.265903 0.450788 0.773831 
122.447389 0.482546 0.289104 
122.874698 0.388176 0.442124 
122.904227 0.847908 0.941692 
123.268280 0.991202 0.353310 
123.544596 0.218900 0.623773 
123.809307 0.285761 0.978312 
124.195929 0.353412 0.156947 
125.910560 0.820971 0.422949 
125.926195 0.810135 0.250739 
126.075842 0.833586 0.224713 
126.259874 0.052551 0.422994 
126.289282 0.788961 0.084401 
126.626581 0.876426 0.523617 
126.830651 0.196751 0.133500 
131.799295 0.038968 0.017168 
132.041335 0.942967 0.011668 
134.180265 0.959125 0.076361 
134.884202 0.121256 0.047917 
134.991542 0.137764 0.767717 
135.950659 0.812749 0.422531 
136.624843 0.222210 0.186888 
136.646658 0.387681 0.041270 
137.233286 0.446893 0.035750 
137.766312 0.293893 0.193206 
137.997500 0.236776 0.725973 
139.586839 0.971920 0.861275 
142.942175 0.916084 0.158335 
143.103290 0.673300 0.711557 
143.330282 0.489207 0.712383 
144.737360 0.140410 0.271505 
144.813114 0.436581 0.962323 
146.515634 0.492293 0.450645 
146.718214 0.676399 0.670914 
147.177987 0.718070 0.946208 
147.266108 0.919354 0.644404 
147.534385 0.999899 0.695561 
149.654383 0.445606 0.885004 
149.834131 0.741320 0.473809 
153.008277 0.056214 0.112499 
154.712134 0.955877 0.725989 
154.920684 0.193459 0.313706 
155.991511 0.106048 0.379178 
156.729688 0.766651 0.815667 
157.082918 0.340423 0.439372 
159.412411 0.667895 0.278287 
159.657549 0.561615 0.726832 
160.467125 0.016602 0.276474 
160.544408 0.304034 0.799841 
161.549426 0.150117 0.586948 
164.198444 0.348216 0.464940 
165.646343 0.781860 0.894162 
166.370816 0.911389 0.900021 
167.548949 0.406504 0.511532 
167.610922 0.381121 0.400415 
168.214595 0.887440 0.651775 
168.352004 0.636701 0.505585 
169.160701 0.597667 0.969914 
170.402300 0.261079 0.368543 
171.353688 0.570001 0.033677 
172.033735 0.956456 0.138749 
172.043966 0.480340 0.609492 
174.406998 0.532854 0.799963 
174.955310 0.594692 0.000879 
175.962698 0.060967 0.164149 
176.267641 0.442239 0.177481 
176.304594 0.313212 0.214521 
178.197382 0.168502 0.885785 
178.215677 0.567656 0.149741 
178.479509 0.714392 0.714697 
178.746232 0.681327 0.643627 
179.329481 0.150871 0.701377 
179.911757 0.996230 0.953880 
180.703172 0.859652 0.671237 
181.787340 0.613051 0.417995 
183.160174 0.864706 0.481581 
183.179260 0.934907 0.351788 
183.581337 0.544477 0.812480 
184.438995 0.912634 0.478718 
185.575348 0.708336 0.609651 
185.853531 0.424037 0.727182 
187.265796 0.039445 0.359836 
187.661357 0.868994 0.832004 
188.088802 0.288113 0.077775 
189.490607 0.048265 0.674224 
189.905653 0.136546 0.841020 
193.052682 0.207350 0.231163 
193.170153 0.026388 0.165543 
193.306841 0.706494 0.952127 
193.393665 0.204493 0.147623 
193.429250 0.701276 0.280154 
193.511586 0.605148 0.891634 
195.001461 0.598550 0.403660 
197.239928 0.585271 0.052525 
197.537982 0.962770 0.951941 
197.877202 0.634287 0.894990 
199.389456 0.343356 0.070098 
199.409883 0.437051 0.053149 
202.244667 0.811776 0.396929 
202.775521 0.331079 0.639130 
202.793318 0.013059 0.942575 
202.821533 0.359475 0.719845 
203.617136 0.456956 0.013950 
205.767716 0.699571 0.497013 
207.578045 0.623457 0.731088 
208.355605 0.664692 0.840456 
208.609981 0.612538 0.524978 
208.868614 0.336014 0.146481 
211.207321 0.459163 0.870174 
211.494286 0.409578 0.498567 
212.296986 0.851980 0.466196 
212.790731 0.365593 0.501775 
215.042478 0.891708 0.546455 
215.347818 0.227697 0.637401 
215.638367 0.425907 0.531831 
215.944798 0.404823 0.531680 
216.137402 0.956586 0.332346 
216.309323 0.634347 0.295975 
218.757646 0.474601 0.601579 
219.095487 0.444077 0.868112 
219.989021 0.856373 0.548482 
220.097619 0.570143 0.824025 
221.652343 0.686319 0.402343 
222.408363 0.533450 0.545056 
222.693845 0.809014 0.580229 
224.260992 0.422626 0.442458 
224.347923 0.748929 0.205146 
226.260050 0.260938 0.299204 
227.429259 0.311300 0.396065 
227.536444 0.969600 0.261831 
229.701837 0.689184 0.648981 
230.253020 0.427343 0.296517 
230.712560 0.121706 0.147613 
233.420691 0.575562 0.577812 
233.558838 0.776617 0.226588 
233.678220 0.321578 0.687908 
233.714936 0.123767 0.424521 
235.278980 0.624514 0.654007 
235.827894 0.764596 0.272770 
237.493120 0.478585 0.478913 
239.609667 0.235288 0.872901 
240.141012 0.382810 0.752470 
240.898254 0.187370 0.770340 
241.562221 0.679423 0.618180 
242.106977 0.224139 0.906202 
242.158095 0.256615 0.749810 
242.707318 0.146386 0.363690 
242.944212 0.563188 0.065933 
243.267535 0.325312 0.966258 
244.258326 0.754909 0.780543 
244.960796 0.655950 0.786019 
245.015085 0.826556 0.532494 
245.015759 0.695083 0.439561 
247.399981 0.463532 0.384135 
248.841610 0.646058 0.376323 
249.166637 0.088317 0.609856 
249.575329 0.736043 0.468778 
250.703728 0.972579 0.247917 
252.411121 0.731513 0.205992 
252.415937 0.429183 0.849177 
253.791200 0.368722 0.052926 
253.824659 0.315319 0.306575 
253.984443 0.375473 0.611511 
255.228878 0.669058 0.208255 
256.208529 0.102188 0.410900 
256.842337 0.737389 0.709982 
259.404540 0.850462 0.838036 
259.672444 0.601316 0.534165 
260.189807 0.490565 0.527196 
260.309577 0.834773 0.581602 
262.269445 0.215463 0.194584 
263.342373 0.436448 0.202468 
263.700030 0.950782 0.246937 
263.821737 0.187480 0.560042 
264.541719 0.791188 0.812117 
264.662466 0.298696 0.487438 
265.593631 0.155521 0.869402 
266.529048 0.738219 0.462494 
269.985984 0.998869 0.479739 
270.130754 0.728711 0.432469 
270.208073 0.123398 0.831397 
272.071011 0.999180 0.152975 
272.546278 0.110760 0.562745 
273.130647 0.803831 0.573075 
274.219495 0.026467 0.646058 
274.953442 0.353722 0.601087 
275.710218 0.478661 0.513246 
276.373430 0.936148 0.353547 
277.884552 0.694119 0.807700 
279.132048 0.151256 0.745839 
279.831755 0.667777 0.073066 
280.415194 0.766749 0.168241 
281.290511 0.614969 0.942743 
284.120943 0.178870 0.266473 
284.358575 0.169926 0.723552 
284.423399 0.227140 0.500934 
285.667776 0.454673 0.376261 
286.189587 0.482821 0.325417 
286.573594 0.192660 0.428798 
286.742221 0.866499 0.072148 
288.425088 0.981896 0.777416 
288.961696 0.441330 0.445646 
289.011487 0.818850 0.501015 
290.014023 0.941664 0.464059 
290.739590 0.819994 0.415176 
290.764602 0.772350 0.022519 
292.043017 0.161012 0.423054 
292.103839 0.155158 0.118927 
292.448625 0.731619 0.357785 
294.028967 0.189191 0.522777 
295.057984 0.617461 0.952503 
296.270686 0.786751 0.109052 
298.746016 0.161991 0.092165 
299.270799 0.731231 0.523004 
299.945221 0.592319 0.271172 
300.077486 0.583153 0.671908 
300.689426 0.666287 0.446340 
301.534506 0.800366 0.803213 
301.703529 0.446171 0.130238 
301.712878 0.644721 0.468798 
301.817428 0.479431 0.859866 
301.820626 0.006542 0.874100 
302.271313 0.451974 0.620919 
302.465340 0.846012 0.515873 
302.591758 0.957850 0.716613 
302.841164 0.721249 0.283672 
302.935173 0.698942 0.429185 
304.109162 0.203266 0.525562 
304.196456 0.306434 0.105995 
304.917707 0.024163 0.188402 
306.837896 0.992036 0.673711 
307.689768 0.688606 0.193041 
309.094898 0.505725 0.989416 
310.831464 0.942456 0.296416 
310.951483 0.201908 0.908260 
311.782418 0.176205 0.374639 
312.499638 0.732208 0.986697 
313.045793 0.803043 0.533996 
313.339041 0.640185 0.368591 
314.641692 0.013622 0.701190 
314.831462 0.694504 0.321554 
315.806104 0.266031 0.820956 
316.891959 0.595296 0.461391 
319.223076 0.297437 0.869833 
319.840241 0.164270 0.016869 
320.996363 0.330409 0.206801 
321.006433 0.991318 0.412959 
322.571776 0.947617 0.327583 
322.879619 0.785752 0.010909 
324.476180 0.970987 0.741939 
324.919981 0.029339 0.662481 
328.405416 0.056581 0.231023 
328.428255 0.951512 0.863279 
329.279370 0.795613 0.252125 
329.370983 0.655324 0.261384 
329.734410 0.976704 0.993080 
330.763899 0.226815 0.681301 
331.692848 0.755739 0.336970 
331.875147 0.848581 0.478811 
332.880149 0.092766 0.254378 
333.596797 0.814070 0.547688 
334.799292 0.322267 0.172219 
334.857567 0.951801 0.193851 
336.793510 0.348190 0.323935 
338.202001 0.023890 0.515604 
341.563997 0.146849 0.847355 
341.805935 0.769639 0.794696 
342.291225 0.361571 0.492865 
343.493658 0.770711 0.163343 
344.379781 0.825046 0.851492 
344.806439 0.442265 0.708488 
345.060021 0.555555 0.481133 
346.004038 0.801333 0.487327 
346.036731 0.919116 0.910321 
346.142478 0.052414 0.842684 
350.572114 0.531608 0.339493 
353.521578 0.443989 0.898159 
356.285635 0.155970 0.357007 
357.493862 0.855616 0.325281 
360.487361 0.359658 0.863795 
361.135546 0.553840 0.802221 
361.935592 0.405699 0.512019 
362.444078 0.770524 0.764904 
364.432160 0.668372 0.622886 
365.273391 0.789136 0.767907 
367.655784 0.024885 0.261422 
373.396120 0.768576 0.268676 
374.476562 0.684015 0.523205 
374.766921 0.092753 0.561317 
374.976893 0.174854 0.169352 
375.550111 0.171651 0.566104 
376.957586 0.307671 0.718773 
377.007186 0.612580 0.831541 
378.073864 0.676954 0.082280 
378.506872 0.053528 0.924139 
380.345678 0.761078 0.255666 
383.445433 0.772441 0.011650 
383.578668 0.834147 0.876729 
384.401508 0.096969 0.998330 
384.467242 0.118627 0.599571 
384.554323 0.489040 0.051753 
385.269077 0.205219 0.392406 
386.293409 0.669726 0.959131 
387.172384 0.006381 0.780968 
387.425682 0.702865 0.810816 
388.603246 0.228022 0.639266 
388.675318 0.617339 0.191071 
388.832115 0.029910 0.711200 
392.536217 0.263104 0.347014 
393.270892 0.031925 0.647475 
394.887176 0.427399 0.174929 
396.703985 0.408095 0.541353 
396.707851 0.459344 0.519465 
398.639269 0.229473 0.043497 
400.517426 0.113584 0.765255 
402.582018 0.670621 0.745058 
403.682261 0.440938 0.421266 
404.293535 0.787245 0.910691 
404.852816 0.211354 0.942332 
404.942109 0.376438 0.977587 
405.358917 0.585816 0.360246 
405.546865 0.813687 0.396196 
406.347250 0.435503 0.572501 
406.841374 0.597377 0.697619 
407.185259 0.522896 0.898687 
408.615653 0.207879 0.248862 
408.980386 0.786531 0.499696 
409.486937 0.660142 0.935720 
412.041577 0.185781 0.031081 
412.054796 0.499015 0.126015 
413.637390 0.078159 0.050057 
413.657193 0.626278 0.273037 
414.126056 0.337846 0.553619 
415.280778 0.420044 0.144013 
415.880036 0.402092 0.102142 
416.360230 0.144032 0.123689 
416.634213 0.987372 0.978058 
419.313159 0.578141 0.934928 
419.392818 0.962203 0.926825 
419.665706 0.362940 0.144629 
420.353191 0.952570 0.823024 
420.936819 0.188266 0.270300 
423.596304 0.166241 0.444539 
426.438143 0.440343 0.557618 
427.930786 0.902730 0.888405 
430.128186 0.467395 0.915197 
430.814880 0.220342 0.364851 
431.541344 0.335938 0.998071 
431.973340 0.595224 0.273671 
432.881167 0.185437 0.184295 
434.720438 0.082146 0.229054 
437.418057 0.591252 0.799711 
438.783480 0.774925 0.510431 
440.574416 0.228852 0.025386 
441.510963 0.963735 0.539567 
445.043688 0.152673 0.960373 
445.554584 0.203949 0.533352 
448.542772 0.185281 0.321718 
449.789664 0.710391 0.013510 
450.189795 0.997809 0.193763 
451.828004 0.263282 0.130074 
451.894718 0.660015 0.119446 
451.933144 0.979330 0.070093 
452.207289 0.707283 0.724082 
453.587259 0.124649 0.992088 
454.175421 0.752525 0.476378 
454.635797 0.174762 0.267043 
455.009567 0.139882 0.534433 
457.082187 0.826762 0.479710 
458.236237 0.552700 0.244294 
458.610151 0.180824 0.100897 
461.139616 0.417438 0.455298 
461.307120 0.020211 0.523036 
464.407459 0.504913 0.872326 
464.468091 0.832225 0.467571 
464.517944 0.155324 0.739104 
465.864102 0.550798 0.846694 
467.006436 0.566207 0.053699 
467.128857 0.858605 0.551645 
469.078441 0.408874 0.116348 
469.718091 0.545908 0.209968 
472.987945 0.271816 0.750265 
474.885412 0.112605 0.133033 
475.339776 0.334707 0.800800 
479.440794 0.703739 0.184977 
479.724895 0.107818 0.734261 
480.044838 0.781484 0.123020 
480.424359 0.506700 0.430106 
480.905674 0.072597 0.651835 
483.513172 0.728590 0.581064 
485.890090 0.950103 0.538503 
486.245300 0.358125 0.357160 
487.717241 0.156520 0.570946 
488.350184 0.172849 0.138682 
488.513958 0.579363 0.334352 
489.336657 0.288582 0.906981 
489.352907 0.656009 0.043687 
490.662187 0.947691 0.625150 
492.528548 0.114018 0.707711 
493.308515 0.509713 0.548229 
493.676112 0.604901 0.921927 
493.873348 0.064871 0.906022 
494.251912 0.784038 0.333546 
494.549918 0.418655 0.668907 
496.701539 0.820058 0.839519 
497.243901 0.345245 0.423651 
497.572443 0.290130 0.235762 
498.477020 0.705194 0.487464 
499.673707 0.725006 0.489799 
501.658839 0.993473 0.493752 
502.131349 0.781522 0.509718 
502.578631 0.916974 0.494664 
502.811660 0.418732 0.051768 
502.829695 0.820671 0.526662 
504.228857 0.879871 0.198320 
505.939741 0.475512 0.022562 
506.193528 0.033638 0.003280 
506.750090 0.614498 0.412535 
506.873348 0.243430 0.586835 
508.712592 0.452991 0.270224 
510.752701 0.334639 0.188593 
512.501478 0.721067 0.172074 
514.349347 0.971893 0.067376 
514.451738 0.092770 0.317200 
517.287774 0.973769 0.385474 
518.608686 0.406109 0.914835 
519.943376 0.926466 0.856219 
525.661179 0.606513 0.174617 
527.797447 0.839540 0.258551 
527.797671 0.178923 0.676853 
528.341768 0.911153 0.392375 
529.713954 0.678965 0.480529 
530.179830 0.839556 0.933375 
530.271065 0.325342 0.015043 
533.167593 0.782120 0.813616 
534.099312 0.979311 0.762479 
535.129926 0.752637 0.712825 
536.240857 0.875740 0.149856 
537.405634 0.934789 0.238189 
538.021566 0.449247 0.247245 
538.121595 0.340995 0.780387 
538.161738 0.651392 0.975684 
541.665083 0.262362 0.490039 
544.758186 0.711889 0.480082 
544.977434 0.204713 0.454052 
546.552625 0.479157 0.088896 
547.127459 0.692273 0.481689 
548.107536 0.213736 0.921395 
548.482042 0.615118 0.520579 
549.777921 0.227217 0.124222 
555.185231 0.524157 0.679142 
555.640626 0.767558 0.900195 
556.544886 0.026594 0.778372 
556.610868 0.649270 0.325414 
556.779803 0.624896 0.076444 
558.688115 0.529490 0.076729 
558.837654 0.659016 0.618032 
558.849928 0.351170 0.695625 
562.734326 0.838410 0.802348 
563.151334 0.374123 0.678804 
565.753991 0.346077 0.568758 
566.017239 0.248768 0.282003 
566.530381 0.149477 0.633855 
566.729233 0.225756 0.562668 
567.240906 0.452831 0.839267 
568.051278 0.669027 0.196510 
568.259737 0.197591 0.762435 
569.156875 0.253791 0.222188 
569.288407 0.433857 0.839900 
570.873419 0.078197 0.958451 
571.819719 0.721594 0.393933 
573.727984 0.241521 0.303990 
574.117264 0.119442 0.605395 
574.550471 0.706888 0.856100 
574.701759 0.574278 0.478234 
575.115561 0.478920 0.102968 
575.855935 0.183005 0.617586 
576.454588 0.130032 0.364468 
577.686427 0.353971 0.175930 
579.056143 0.490186 0.420718 
579.261317 0.980897 0.359132 
580.189063 0.351131 0.283581 
582.237203 0.176648 0.353961 
582.644480 0.232565 0.789173 
583.573444 0.625490 0.574024 
583.692541 0.779599 0.119853 
585.546361 0.717520 0.846540 
587.873718 0.071508 0.306420 
588.223218 0.059511 0.299434 
588.322622 0.042339 0.361452 
588.339020 0.074174 0.466657 
588.416971 0.936917 0.854574 
592.595807 0.851695 0.129892 
593.344419 0.264166 0.896056 
593.384532 0.732683 0.098718 
593.611024 0.903894 0.070949 
593.755514 0.964827 0.205675 
594.411041 0.043161 0.789665 
595.452553 0.453814 0.272877 
597.916209 0.012498 0.948447 
599.058583 0.255868 0.390702 
600.152349 0.121585 0.112897 
600.753030 0.633820 0.364540 
601.604635 0.621355 0.814241 
602.103141 0.543700 0.888549 
602.788587 0.049704 0.345997 
604.309169 0.617439 0.924798 
605.432288 0.063992 0.682813 
606.879707 0.010643 0.519211 
607.571038 0.658725 0.444356 
607.762227 0.137553 0.338645 
607.876705 0.422231 0.623962 
610.031524 0.417793 0.172496 
611.679729 0.305155 0.838004 
612.089228 0.538502 0.662187 
612.924186 0.934989 0.745886 
613.235255 0.839138 0.540531 
614.383693 0.748299 0.055332 
614.398429 0.741517 0.385073 
614.465776 0.391314 0.308768 
615.464176 0.718941 0.186969 
615.552808 0.507887 0.440139 
616.807759 0.478087 0.358060 
617.804139 0.563413 0.945525 
617.902657 0.285849 0.413590 
618.493634 0.842038 0.481071 
619.030448 0.774845 0.217555 
620.182707 0.427935 0.159679 
621.399868 0.622336 0.318644 
622.786494 0.251124 0.729612 
624.656078 0.039798 0.413596 
624.800679 0.609105 0.594866 
626.859608 0.968709 0.697688 
629.143499 0.422554 0.444176 
630.194985 0.492524 0.811296 
630.428591 0.507072 0.522526 
632.349947 0.286871 0.074665 
633.430614 0.893959 0.986639 
637.576215 0.147519 0.222648 
637.845590 0.767828 0.008008 
638.164226 0.093918 0.878131 
640.139073 0.702589 0.783112 
640.418091 0.288199 0.771283 
640.968883 0.103898 0.880099 
641.454656 0.766567 0.823951 
643.105347 0.859083 0.247339 
644.150169 0.735734 0.150085 
646.803724 0.239152 0.504235 
647.084241 0.880972 0.832177 
648.144672 0.293231 0.276450 
649.161356 0.218251 0.305518 
649.310659 0.804758 0.890882 
649.511249 0.153724 0.796642 
651.444649 0.069198 0.744128 
656.982488 0.136399 0.771512 
658.469645 0.936259 0.564598 
658.494909 0.454604 0.603171 
659.091141 0.922158 0.715799 
660.545167 0.285624 0.769168 
661.599599 0.546022 0.039202 
662.363700 0.203647 0.346465 
662.853615 0.996606 0.771245 
664.162803 0.295444 0.923996 
666.433346 0.114438 0.422657 
667.105701 0.297984 0.702021 
667.499842 0.702899 0.568202 
668.810566 0.406491 0.762026 
669.282572 0.901197 0.805744 
670.600280 0.522970 0.018179 
671.668579 0.064328 0.766527 
672.808885 0.171248 0.500802 
673.613442 0.607356 0.278275 
675.426836 0.707044 0.128960 
676.604382 0.922000 0.929753 
676.711119 0.035500 0.959496 
677.311818 0.991332 0.593343 
680.464400 0.229957 0.293625 
680.758888 0.768572 0.022533 
682.413897 0.753544 0.093904 
683.463659 0.478985 0.013781 
684.139886 0.633126 0.399128 
684.397780 0.862619 0.198956 
684.651923 0.743577 0.145019 
686.568248 0.665562 0.268691 
687.069186 0.076839 0.489929 
687.841025 0.548693 0.804237 
688.793430 0.311435 0.742948 
688.937459 0.313477 0.466757 
689.173274 0.141961 0.608882 
689.274580 0.326502 0.741946 
690.554154 0.546192 0.545068 
691.021018 0.883054 0.185530 
691.160948 0.632084 0.998678 
693.126554 0.643213 0.581025 
693.134548 0.057016 0.658647 
693.649652 0.838195 0.363181 
694.524406 0.508622 0.981036 
694.871417 0.630006 0.210698 
695.107729 0.350779 0.329583 
695.406630 0.926984 0.234580 
697.335026 0.205692 0.247245 
701.791764 0.447483 0.989151 
703.835886 0.092085 0.520686 
706.777417 0.908627 0.694009 
709.769521 0.571738 0.505591 
709.932264 0.520847 0.944249 
711.235293 0.954930 0.990229 
711.292846 0.334944 0.074552 
712.254803 0.067014 0.484091 
712.478650 0.518622 0.016116 
713.143191 0.771740 0.823436 
716.149100 0.723989 0.724356 
716.442032 0.822512 0.361663 
716.696893 0.783995 0.175031 
721.614490 0.704633 0.568396 
722.200168 0.340752 0.162389 
723.579380 0.633355 0.159884 
723.867515 0.171736 0.803687 
723.907244 0.523631 0.427767 
725.528177 0.955719 0.365155 
725.762743 0.367308 0.566958 
726.255762 0.803060 0.398761 
727.615444 0.583328 0.748792 
728.988508 0.667544 0.381121 
729.577537 0.006868 0.222265 
732.274613 0.668683 0.946798 
732.352713 0.063335 0.404833 
732.606502 0.183740 0.053793 
732.667135 0.096580 0.290208 
732.857187 0.120068 0.620812 
733.495714 0.247822 0.391209 
734.337277 0.544612 0.753232 
734.747145 0.706930 0.220559 
735.482251 0.457266 0.749393 
737.754608 0.255454 0.324317 
740.692899 0.875465 0.918006 
743.651789 0.023071 0.115041 
744.499113 0.717616 0.041855 
744.634869 0.251751 0.640552 
747.516605 0.602352 0.872109 
749.729600 0.206615 0.126129 
751.417947 0.337665 0.303381 
751.622530 0.811576 0.131000 
751.812048 0.388676 0.256708 
752.721175 0.289066 0.263318 
756.529661 0.292769 0.857074 
756.861924 0.571873 0.122459 
758.661023 0.128051 0.462765 
759.907783 0.111969 0.505473 
760.368192 0.907718 0.982375 
761.143214 0.772685 0.341503 
761.587122 0.665775 0.825796 
761.616035 0.795246 0.188422 
762.776101 0.223050 0.560818 
763.334715 0.657981 0.176488 
764.398748 0.244350 0.586673 
764.685960 0.399344 0.497474 
764.785482 0.329076 0.207190 
766.347269 0.008931 0.534855 
766.709493 0.846709 0.069937 
767.648134 0.607476 0.716339 
768.464140 0.258986 0.069753 
771.482050 0.184228 0.283447 
772.240262 0.842578 0.824616 
773.339238 0.648025 0.153491 
774.116690 0.755366 0.172559 
774.412990 0.804993 0.498333 
776.710923 0.015702 0.623838 
778.367707 0.029990 0.238554 
778.898344 0.575895 0.648704 
780.002853 0.604047 0.191751 
781.191234 0.248218 0.524752 
782.331860 0.270719 0.019017 
782.878992 0.899356 0.837993 
783.068854 0.038039 0.186480 
783.533963 0.527850 0.921080 
783.595544 0.639020 0.584692 
784.447403 0.696849 0.534981 
784.743485 0.202537 0.672147 
785.665542 0.406963 0.765647 
786.525422 0.664652 0.470177 
787.666625 0.093724 0.776579 
788.791474 0.873268 0.184606 
789.867525 0.975389 0.397467 
790.150844 0.104864 0.729997 
790.244723 0.886119 0.329881 
790.867168 0.886093 0.049591 
793.578711 0.956055 0.136274 
794.235827 0.441497 0.999509 
797.747466 0.511308 0.271734 
797.959558 0.788785 0.319732 
798.009397 0.501949 0.399496 
798.049246 0.060277 0.196640 
799.976474 0.178735 0.454277 
800.164649 0.782593 0.425235 
800.476173 0.678939 0.124423 
800.888157 0.347090 0.615289 
805.308260 0.731598 0.428455 
805.940781 0.498582 0.330372 
806.254647 0.263124 0.216682 
806.336295 0.959540 0.964711 
806.603472 0.969141 0.458390 
806.632976 0.027476 0.364035 
806.824251 0.987762 0.902021 
807.306552 0.057577 0.322545 
808.041450 0.010376 0.644558 
808.276522 0.111866 0.551399 
808.599500 0.535480 0.841466 
809.065290 0.354237 0.043719 
809.957900 0.294605 0.108114 
811.389009 0.587078 0.799568 
812.182540 0.336878 0.406508 
812.974907 0.415052 0.236915 
813.372703 0.462396 0.194109 
813.619943 0.290857 0.244125 
814.668418 0.207931 0.168621 
814.738202 0.137632 0.758478 
815.192039 0.410706 0.480300 
815.278888 0.306371 0.434744 
817.532449 0.930086 0.757058 
817.820387 0.146982 0.806151 
818.277151 0.729610 0.598963 
821.873066 0.723971 0.989361 
821.939549 0.754102 0.670620 
822.613824 0.265139 0.588552 
823.075404 0.703142 0.918494 
824.783807 0.718870 0.009995 
825.906553 0.330386 0.649339 
827.095329 0.351684 0.659904 
827.539627 0.310705 0.582218 
829.726897 0.563351 0.602117 
830.638055 0.674229 0.304966 
830.878806 0.197763 0.151068 
831.136146 0.782835 0.826272 
834.205632 0.705023 0.102164 
834.894083 0.453922 0.453349 
837.193908 0.118663 0.715778 
837.294727 0.411400 0.979125 
838.060237 0.723266 0.738033 
842.516575 0.077924 0.463667 
843.132061 0.187428 0.297058 
843.212547 0.170607 0.892847 
843.229077 0.848236 0.267346 
843.471911 0.743227 0.367482 
844.342798 0.969385 0.633643 
844.955220 0.207474 0.911952 
847.492321 0.705659 0.656840 
847.746123 0.194440 0.749256 
848.604530 0.304095 0.062209 
850.412171 0.748507 0.018313 
851.038122 0.637963 0.102783 
851.195986 0.803111 0.427647 
854.206955 0.283250 0.762016 
854.829726 0.418589 0.888177 
854.926000 0.238688 0.639597 
854.937398 0.162550 0.953585 
855.432297 0.323686 0.037640 
856.871811 0.377635 0.008799 
857.623971 0.947852 0.129104 
858.093369 0.042223 0.828356 
859.727732 0.729183 0.050450 
859.973821 0.702809 0.803948 
862.317338 0.386432 0.530574 
863.474584 0.524179 0.576645 
863.654165 0.005466 0.733864 
865.237045 0.629857 0.028165 
868.049680 0.118438 0.592919 
870.217091 0.956637 0.121538 
870.277759 0.242131 0.414863 
870.474194 0.559611 0.780520 
875.006499 0.272921 0.928408 
875.783794 0.348286 0.704520 
875.871231 0.338614 0.492899 
875.898524 0.956776 0.331220 
876.064687 0.074374 0.929706 
876.358997 0.267675 0.951573 
877.856636 0.460576 0.860915 
877.962401 0.028915 0.977001 
878.091509 0.480214 0.072292 
878.319084 0.569696 0.521896 
878.965741 0.743951 0.634237 
879.185527 0.599760 0.557800 
880.093882 0.139878 0.370517 
881.789263 0.871227 0.501103 
884.394888 0.105694 0.417483 
884.887638 0.043731 0.176389 
885.069905 0.042311 0.139275 
886.532422 0.834408 0.777881 
887.769597 0.542426 0.862842 
887.996650 0.705349 0.292488 
888.113527 0.846530 0.253654 
890.584882 0.893737 0.822077 
890.857965 0.081870 0.840599 
891.887411 0.523682 0.647279 
891.998632 0.234083 0.230649 
892.879584 0.532193 0.361278 
894.978220 0.139079 0.870633 
895.687475 0.873629 0.208658 
895.904237 0.555687 0.998664 
896.305141 0.213355 0.245430 
897.474288 0.551351 0.491371 
897.488527 0.560759 0.492203 
897.975489 0.321098 0.754837 
900.847392 0.146543 0.084384 
901.614419 0.085596 0.989980 
903.466205 0.178244 0.692085 
905.707049 0.661597 0.621271 
908.125704 0.994239 0.635517 
910.371304 0.566009 0.407364 
911.220369 0.625422 0.579504 
911.420207 0.931179 0.730713 
912.172273 0.076821 0.518201 
913.435833 0.686446 0.144701 
913.467493 0.691783 0.420863 
913.878038 0.992004 0.069758 
914.046157 0.601728 0.441529 
914.224338 0.327890 0.393818 
915.119109 0.478215 0.458756 
915.296976 0.872913 0.693224 
915.807454 0.703533 0.532714 
915.887416 0.769628 0.395419 
917.469955 0.345970 0.834199 
917.667074 0.924135 0.611924 
918.156838 0.641008 0.620639 
918.415181 0.812502 0.678396 
918.668525 0.856480 0.534970 
918.843496 0.854261 0.538478 
919.827295 0.002619 0.992107 
920.309704 0.803962 0.515437 
921.052375 0.525862 0.555590 
925.189900 0.986905 0.712438 
925.583546 0.668197 0.227195 
927.041643 0.799129 0.405253 
928.230543 0.825140 0.085445 
928.951537 0.028963 0.664717 
929.046534 0.345932 0.627500 
929.315773 0.417411 0.050252 
930.539608 0.027797 0.860809 
930.635055 0.938611 0.082722 
932.940445 0.294499 0.528669 
933.569382 0.147838 0.964742 
933.847770 0.170923 0.759900 
937.294229 0.142857 0.318474 
940.888293 0.437923 0.755142 
944.459864 0.261736 0.010340 
944.786572 0.699244 0.162856 
946.895087 0.149900 0.057363 
947.008844 0.255121 0.420088 
947.716917 0.804127 0.454972 
947.859207 0.040806 0.479922 
947.927451 0.970331 0.241393 
948.895309 0.694066 0.540748 
949.720887 0.299993 0.545486 
950.645981 0.421754 0.900552 
951.000389 0.205203 0.443892 
951.212828 0.810350 0.819363 
953.031904 0.276469 0.312864 
953.313124 0.059419 0.429151 
953.496840 0.458715 0.536263 
955.701884 0.819045 0.745684 
957.747304 0.069961 0.184607 
958.006997 0.056924 0.470634 
958.385007 0.496250 0.661090 
960.857783 0.277317 0.816173 
962.216219 0.291483 0.114441 
962.609131 0.971192 0.520891 
964.247151 0.600017 0.579402 
964.506613 0.393766 0.978692 
964.696069 0.202069 0.982107 
965.037484 0.872342 0.109087 
965.357897 0.148052 0.353086 
965.739249 0.258319 0.552182 
965.794014 0.477222 0.021911 
966.182072 0.772123 0.284065 
970.975368 0.555427 0.268092 
972.286881 0.485678 0.457977 
972.809595 0.493518 0.954916 
973.037055 0.187184 0.452354 
973.308011 0.116047 0.745535 
974.298268 0.034925 0.931846 
975.473641 0.574277 0.007244 
975.867139 0.755695 0.596145 
977.237251 0.542626 0.715528 
977.372976 0.057788 0.624620 
977.850708 0.150826 0.567207 
977.862239 0.474962 0.484411 
978.188955 0.311061 0.346505 
979.567721 0.490051 0.189977 
980.229848 0.169353 0.424834 
980.559606 0.594233 0.640162 
980.609240 0.601829 0.159991 
980.826707 0.851420 0.700094 
981.321875 0.810369 0.251534 
982.044582 0.918613 0.886686 
985.392434 0.238202 0.890901 
985.650215 0.621057 0.901278 
986.048842 0.343317 0.313926 
986.122836 0.181465 0.218185 
987.420556 0.528505 0.610890 
987.832918 0.083122 0.129570 
988.503666 0.329133 0.854902 
988.759205 0.822716 0.788281 
989.122803 0.317206 0.708550 
989.601309 0.340221 0.139007 
990.477078 0.958170 0.048813 
990.556870 0.981792 0.060111 
990.952296 0.073925 0.832606 
991.878702 0.247083 0.856043 
993.718747 0.935408 0.769552 
996.784055 0.848602 0.945719 
997.507187 0.633859 0.225568 
997.663013 0.581395 0.826761 
999.485977 0.059964 0.446364 
999.536601 0.714332 0.053789 
999.583572 0.742401 0.470402 
999.772210 0.178231 0.621780 
1000.124867 0.740880 0.244317 
1002.312664 0.083801 0.815181 
1002.879687 0.294621 0.660588 
1002.902061 0.456976 0.319261 
1003.947462 0.509051 0.670831 
1004.407019 0.982493 0.972680 
1006.704107 0.573859 0.408411 
1006.859329 0.262643 0.157420 
1007.448279 0.663469 0.310194 
1008.241369 0.598176 0.260205 
1009.069441 0.638086 0.309569 
1011.627548 0.950817 0.838221 
1015.825749 0.172831 0.927080 
1016.008517 0.563464 0.235250 
1016.075311 0.980335 0.642112 
1016.580376 0.905695 0.405070 
1017.865193 0.907253 0.748451 
1017.931119 0.340071 0.330559 
1018.262962 0.809070 0.820280 
1019.627206 0.876511 0.332583 
1020.399305 0.218825 0.969373 
1020.530287 0.702891 0.154074 
1021.122948 0.107435 0.972528 
1022.260862 0.801949 0.637292 
1024.580818 0.857674 0.507820 
1031.305241 0.921087 0.597068 
1032.021042 0.644701 0.645328 
1032.856628 0.759099 0.119265 
1033.300756 0.623904 0.553804 
1033.528974 0.045516 0.264376 
1034.109605 0.340148 0.153604 
1038.518968 0.220268 0.359962 
1039.081273 0.534009 0.573332 
1039.426835 0.734257 0.717224 
1040.240707 0.941395 0.529846 
1040.865031 0.812827 0.354434 
1041.500246 0.665917 0.494270 
1041.604788 0.987416 0.284167 
1043.117860 0.841089 0.928711 
1049.465560 0.617274 0.285429 
1049.906857 0.843133 0.616179 
1050.670098 0.173978 0.561742 
1052.991822 0.874553 0.740890 
1055.332082 0.345776 0.364659 
1055.926542 0.236521 0.320117 
1056.702478 0.165262 0.381645 
1057.192000 0.966111 0.361318 
1058.200415 0.562478 0.892453 
1059.608442 0.095270 0.066321 
1060.765813 0.638726 0.858769 
1062.880722 0.050970 0.325958 
1063.958922 0.648830 0.760846 
1064.522475 0.031368 0.085236 
1065.438241 0.379294 0.552299 
1066.783927 0.091984 0.591128 
1067.112629 0.645862 0.353574 
1067.665649 0.224515 0.971282 
1067.972402 0.954974 0.054187 
1070.097930 0.339904 0.555144 
1072.661818 0.183071 0.767797 
1074.077764 0.155526 0.473912 
1074.510365 0.380674 0.205483 
1074.797423 0.085022 0.026242 
1074.957800 0.977984 0.333248 
1077.413655 0.106610 0.780534 
1078.516195 0.908340 0.209995 
1078.878914 0.923683 0.320259 
1080.365468 0.657962 0.948191 
1081.158146 0.110634 0.197649 
1081.866970 0.624205 0.166025 
1083.059015 0.038946 0.414407 
1083.811581 0.787524 0.657806 
1084.233323 0.650272 0.002763 
1085.829935 0.694816 0.555874 
1086.474908 0.306454 0.358012 
1087.194804 0.642090 0.290018 
1087.480050 0.484281 0.032082 
1088.996260 0.518685 0.816196 
1089.817811 0.745021 0.851694 
1092.294372 0.812235 0.711565 
1093.015756 0.700615 0.281532 
1093.791591 0.725813 0.343662 
1095.023140 0.192148 0.585768 
1096.667820 0.986342 0.679283 
1097.392697 0.270121 0.587084 
1098.115606 0.066782 0.832539 
1100.766914 0.194027 0.257508 
1101.540662 0.963850 0.193503 
1101.551875 0.528697 0.561861 
1102.061963 0.261356 0.944343 
1102.535779 0.901271 0.219497 
1103.176431 0.674886 0.818633 
1105.803288 0.037664 0.126854 
1106.189803 0.172624 0.861814 
1106.821615 0.348293 0.461692 
1107.868881 0.647354 0.300261 
1108.716840 0.423496 0.877100 
1109.386530 0.075947 0.333830 
1109.606637 0.133673 0.601117 
1110.662188 0.777408 0.127839 
1110.665548 0.428949 0.056413 
1112.635254 0.219068 0.284150 
1113.000523 0.812243 0.543601 
1113.095356 0.607196 0.729202 
1113.558746 0.368807 0.288969 
1114.897827 0.628873 0.287634 
1117.895394 0.316395 0.817361 
1119.860410 0.784114 0.108637 
1120.778100 0.599730 0.395637 
1121.272151 0.628800 0.470732 
1122.532297 0.765450 0.491574 
1123.633044 0.253596 0.171069 
1127.107989 0.268368 0.109679 
1128.921573 0.060931 0.934156 
1129.031451 0.060537 0.670196 
1129.066971 0.759557 0.696710 
1129.684354 0.058815 0.292297 
1131.431378 0.814050 0.143987 
1133.157265 0.552665 0.823242 
1134.597588 0.515673 0.799440 
1138.506537 0.375061 0.412231 
1138.820392 0.523526 0.143865 
1140.652592 0.750011 0.834291 
1141.095124 0.228233 0.354702 
1142.197196 0.163308 0.547926 
1142.671499 0.877625 0.063910 
1142.856006 0.250088 0.307090 
1143.378355 0.230057 0.909358 
1143.435453 0.832470 0.027290 
1145.122302 0.042077 0.464434 
1145.365515 0.076370 0.061283 
1145.824275 0.438553 0.942269 
1146.369954 0.762669 0.186425 
1147.583681 0.133579 0.432161 
1148.912977 0.708020 0.907806 
1150.142918 0.515687 0.102724 
1150.290222 0.454220 0.168917 
1151.949104 0.168392 0.768962 
1151.978287 0.760308 0.178407 
1152.232786 0.977046 0.722773 
1154.759023 0.786678 0.020619 
1156.227289 0.505313 0.514253 
1157.851556 0.815877 0.128955 
1158.002490 0.261489 0.225583 
1158.601686 0.866310 0.653346 
1161.484353 0.912915 0.750151 
1162.712698 0.050890 0.708858 
1164.487815 0.415239 0.938590 
1165.147425 0.567517 0.830861 
1165.397454 0.365432 0.773747 
1166.600040 0.687164 0.646072 
1166.753598 0.988551 0.205021 
1167.165074 0.057012 0.725980 
1167.536195 0.755623 0.266775 
1167.990395 0.301280 0.267131 
1168.891313 0.636464 0.140210 
1169.347076 0.603701 0.738189 
1171.668174 0.389613 0.864226 
1171.931211 0.677495 0.279061 
1173.182063 0.982347 0.815793 
1174.029286 0.567518 0.348123 
1174.649573 0.324961 0.991646 
1175.200156 0.013168 0.978391 
1175.876557 0.208981 0.761600 
1177.690859 0.917211 0.134401 
1178.309943 0.817975 0.470015 
1178.570919 0.781853 0.697550 
1179.530998 0.820650 0.209846 
1180.866101 0.645315 0.955575 
1182.415090 0.763795 0.481435 
1183.566280 0.134056 0.078476 
1184.728957 0.704776 0.659137 
1190.379980 0.188023 0.658117 
1191.668839 0.240866 0.594758 
1192.759104 0.683155 0.645241 
1194.377322 0.353084 0.031296 
1194.933380 0.911922 0.270027 
1195.571642 0.135324 0.534406 
1195.778405 0.789600 0.486976 
1196.720027 0.644394 0.129464 
1197.723667 0.189940 0.332096 
1198.051142 0.527147 0.209889 
1199.270486 0.713282 0.706747 
1199.818026 0.093661 0.564673 
1201.035534 0.771089 0.272242 
1202.085747 0.632982 0.966414 
1202.556822 0.655877 0.405288 
1205.392845 0.762258 0.651719 
1205.623921 0.215035 0.814480 
1206.541876 0.163372 0.511159 
1208.223212 0.531991 0.398101 
1208.260626 0.568023 0.055496 
1209.707596 0.382544 0.095619 
1209.878991 0.071630 0.559666 
1210.263068 0.016944 0.886629 
1210.684927 0.293595 0.246713 
1211.057147 0.712381 0.614962 
1212.715705 0.466949 0.551663 
1213.685812 0.053261 0.950335 
1214.162981 0.863826 0.783514 
1216.981974 0.595454 0.740019 
1217.433611 0.569459 0.958803 
1217.470467 0.332167 0.257329 
1217.553414 0.442244 0.980621 
1218.733911 0.046728 0.651988 
1219.182165 0.214071 0.320081 
1219.268515 0.434979 0.893365 
1220.584296 0.227293 0.649663 
1224.632551 0.087292 0.993324 
1225.542422 0.623245 0.900451 
1225.706406 0.837938 0.026274 
1226.936259 0.798832 0.424653 
1227.068592 0.270180 0.036960 
1227.557711 0.804802 0.499955 
1228.112883 0.738523 0.878201 
1228.578873 0.052134 0.047233 
1229.709871 0.846540 0.719827 
1234.399362 0.805796 0.569886 
1234.655259 0.743222 0.323190 
1235.549167 0.613183 0.748530 
1235.610575 0.588652 0.204468 
1236.579985 0.876224 0.581347 
1237.107171 0.877630 0.884257 
1237.456065 0.135200 0.488274 
1237.816805 0.958902 0.959852 
1237.994580 0.542377 0.339392 
1238.856261 0.138702 0.187156 
1239.479355 0.049446 0.405272 
1242.043685 0.152807 0.501785 
1242.474222 0.184128 0.705092 
1242.787558 0.444183 0.742779 
1243.992753 0.998666 0.485047 
1244.146849 0.629595 0.745708 
1244.326578 0.488839 0.372100 
1247.194668 0.897204 0.027284 
1248.290549 0.111847 0.587110 
1248.381598 0.256093 0.987421 
1248.829942 0.510712 0.340430 
1248.896134 0.477847 0.887867 
1248.946525 0.923628 0.367347 
1251.586322 0.611143 0.267888 
1252.320939 0.927272 0.566317 
1252.439995 0.244276 0.923958 
1252.711411 0.026365 0.946126 
1253.486259 0.321371 0.765982 
1253.729393 0.652070 0.535254 
1254.703651 0.508013 0.188590 
1255.903083 0.101381 0.279285 
1256.076210 0.723809 0.058232 
1257.070755 0.911668 0.989377 
1257.336693 0.123505 0.426983 
1258.889832 0.704372 0.950290 
1259.138197 0.932420 0.623333 
1259.336008 0.458783 0.749466 
1260.526128 0.230982 0.347487 
1263.533720 0.823680 0.666127 
1269.366961 0.072414 0.405009 
1269.553023 0.496947 0.676677 
1269.718233 0.993171 0.773121 
1272.014998 0.290470 0.806264 
1272.351683 0.292857 0.978816 
1273.833656 0.348589 0.740336 
1275.316603 0.005023 0.699118 
1276.370263 0.476487 0.766062 
1277.026822 0.361340 0.314709 
1277.298186 0.103804 0.756486 
1278.066951 0.645093 0.106585 
1279.328057 0.162633 0.690925 
1280.854832 0.611930 0.622292 
1283.570355 0.226242 0.173139 
1284.780817 0.585461 0.466850 
1285.131809 0.637147 0.675373 
1285.355689 0.598439 0.892046 
1286.860952 0.595964 0.496072 
1287.674814 0.604647 0.477632 
1289.305238 0.977926 0.916069 
1290.022848 0.460060 0.544176 
1291.082252 0.656985 0.421990 
1291.319020 0.750974 0.338818 
1292.583886 0.317680 0.747460 
1293.767502 0.159460 0.237308 
1294.567011 0.546341 0.561353 
1295.641052 0.003157 0.485996 
1296.839003 0.902888 0.142980 
1298.130942 0.227899 0.923047 
1299.938051 0.718390 0.454641 
1300.336369 0.905158 0.516413 
1302.581931 0.325041 0.171773 
1302.880939 0.021080 0.092069 
1304.900709 0.557598 0.830319 
1307.195821 0.464713 0.293955 
1309.055953 0.890320 0.822602 
1309.247795 0.219626 0.438149 
1309.583494 0.499838 0.848412 
1310.412744 0.979694 0.828351 
1311.154699 0.363940 0.363643 
1312.250549 0.059272 0.780093 
1315.157534 0.054938 0.009709 
1315.910050 0.959207 0.073846 
1316.259126 0.540346 0.340623 
1317.407846 0.286129 0.945505 
1318.657024 0.047756 0.464947 
1319.119205 0.623257 0.250692 
1319.390256 0.969347 0.552346 
1319.590189 0.178207 0.757703 
1320.044897 0.660779 0.252470 
1320.327574 0.580807 0.906803 
1323.248108 0.079504 0.485479 
1323.771205 0.039831 0.109847 
1326.130984 0.043499 0.772738 
1326.927270 0.825837 0.862340 
1328.153853 0.629706 0.495653 
1328.543225 0.345891 0.478772 
1329.776285 0.354517 0.885196 
1330.493863 0.379582 0.439175 
1331.447191 0.773283 0.746930 
1331.563240 0.250502 0.455133 
1332.736571 0.167793 0.879535 
1333.122711 0.502454 0.160970 
1333.487661 0.651346 0.745658 
1334.059756 0.589870 0.390358 
1334.303096 0.355221 0.610604 
1335.170572 0.282857 0.792631 
1336.261092 0.257287 0.949472 
1336.568124 0.428249 0.382933 
1339.805949 0.627654 0.900549 
1341.376168 0.648396 0.007384 
1343.428110 0.155646 0.224690 
1343.701497 0.152471 0.714679 
1344.564191 0.422113 0.280585 
1346.473543 0.831630 0.193739 
1347.139812 0.578290 0.031682 
1348.154211 0.861315 0.093953 
1348.315174 0.896725 0.124147 
1348.756182 0.496738 0.377190 
1349.682019 0.305243 0.859456 
1350.258991 0.324333 0.846267 
1350.429786 0.245523 0.872765 
1351.539331 0.047252 0.861315 
1354.609745 0.879909 0.688376 
1355.232260 0.939534 0.346734 
1355.319282 0.193110 0.140371 
1357.122787 0.355112 0.239932 
1358.380084 0.452984 0.825757 
1360.634215 0.972818 0.193702 
1361.295093 0.207047 0.752013 
1369.049186 0.346196 0.250588 
1369.492568 0.951686 0.105409 
1370.881970 0.119232 0.757717 
1371.392498 0.583210 0.993582 
1372.581502 0.674108 0.644412 
1372.591970 0.356602 0.934974 
1372.788457 0.812132 0.705205 
1373.030613 0.751471 0.138182 
1374.065119 0.165340 0.035747 
1374.332941 0.126272 0.579033 
1374.691192 0.279863 0.583267 
1376.267049 0.139661 0.686365 
1376.591298 0.931990 0.315014 
1379.392122 0.584867 0.923370 
1380.300602 0.415610 0.812780 
1381.042520 0.345222 0.534476 
1382.250959 0.102596 0.362442 
1383.186455 0.802168 0.518863 
1383.984783 0.908370 0.147102 
1385.019866 0.644622 0.503908 
1385.512757 0.567634 0.218962 
1386.353991 0.339308 0.849354 
1386.694026 0.201108 0.374255 
1386.811344 0.925760 0.815814 
1386.910158 0.284055 0.713003 
1387.123612 0.246201 0.892162 
1388.497453 0.168596 0.917622 
1389.988910 0.918653 0.259954 
1390.333187 0.137014 0.407536 
1391.824332 0.789106 0.519073 
1392.369387 0.057738 0.435710 
1392.805635 0.685420 0.744717 
1394.186465 0.132898 0.997764 
1398.805270 0.985144 0.566709 
1400.776364 0.906173 0.290077 
1402.021613 0.754573 0.689092 
1402.268948 0.093938 0.843598 
1403.501792 0.724466 0.127573 
1403.716192 0.828217 0.020328 
1403.976158 0.170974 0.626747 
1404.717833 0.330865 0.424300 
1405.071622 0.369468 0.203765 
1407.107211 0.829501 0.816410 
1407.233674 0.609224 0.062645 
1407.347413 0.444523 0.816640 
1407.748921 0.981986 0.504432 
1407.786913 0.100847 0.975843 
1409.117146 0.100041 0.275706 
1410.364290 0.992570 0.026458 
1410.384049 0.531288 0.849106 
1410.621744 0.100999 0.469792 
1411.047089 0.725642 0.391063 
1411.132343 0.146592 0.540168 
1411.724682 0.353090 0.387040 
1411.954474 0.532179 0.387479 
1413.469235 0.533386 0.878117 
1413.823942 0.713400 0.746211 
1413.901008 0.666711 0.488658 
1416.279589 0.108533 0.132103 
1416.975328 0.909013 0.936041 
1421.144671 0.105843 0.141527 
1422.201922 0.830974 0.452258 
1422.666204 0.537989 0.733828 
1423.392168 0.842000 0.788342 
1423.908046 0.399562 0.349926 
1424.091256 0.312009 0.382286 
1425.356266 0.324035 0.293326 
1425.801295 0.336422 0.382525 
1429.712728 0.060540 0.951622 
1430.502885 0.034270 0.751455 
1432.131952 0.213640 0.240772 
1433.452317 0.998357 0.740859 
1433.533430 0.282151 0.651628 
1433.918497 0.623660 0.806409 
1434.217391 0.340522 0.930586 
1436.693856 0.161271 0.600143 
1437.074765 0.714169 0.541276 
1437.212530 0.468170 0.610500 
1439.428713 0.702295 0.868549 
1439.472396 0.174286 0.724857 
1440.282370 0.695856 0.366907 
1441.414104 0.498265 0.318404 
1441.438142 0.869408 0.401940 
1444.118930 0.052996 0.966905 
1444.845168 0.767889 0.262933 
1446.571905 0.839241 0.350278 
1446.587532 0.978753 0.030712 
1448.997726 0.124858 0.914307 
1450.994561 0.549990 0.556826 
1451.179369 0.946603 0.670370 
1456.081919 0.856588 0.064047 
1457.766683 0.711544 0.171096 
1459.452087 0.461693 0.170231 
1462.627459 0.836926 0.758254 
1463.521838 0.159500 0.073348 
1464.950044 0.001673 0.603249 
1465.282677 0.928443 0.952742 
1465.546325 0.946622 0.231230 
1469.731375 0.043831 0.470591 
1472.255002 0.610378 0.046822 
1472.848423 0.675170 0.576453 
1473.106371 0.460433 0.211402 
1473.502957 0.435572 0.256010 
1474.254113 0.785548 0.362778 
1478.339217 0.858814 0.438770 
1478.761250 0.300253 0.511666 
1479.602326 0.103757 0.489468 
1480.102278 0.342053 0.418186 
1480.295578 0.387962 0.462321 
1480.913681 0.111531 0.906905 
1482.134598 0.967237 0.378983 
1482.140918 0.117037 0.976460 
1483.973335 0.023233 0.889245 
1484.825488 0.814839 0.195620 
1485.349748 0.294891 0.747895 
1487.816740 0.133704 0.816298 
1489.078411 0.103905 0.391341 
1491.014337 0.812464 0.580842 
1493.523736 0.351436 0.143057 
1493.541407 0.034174 0.456700 
1493.707796 0.453666 0.300254 
1493.981229 0.781560 0.715178 
1494.088721 0.786292 0.541178 
1495.219467 0.262793 0.185503 
1497.790138 0.404965 0.995860 
1497.843811 0.849230 0.865015 
1498.411903 0.931962 0.576507 
1499.033176 0.362472 0.947127 
1499.988454 0.920881 0.374060 
1503.733944 0.128211 0.451204 
1503.937706 0.388937 0.793621 
1504.261126 0.134254 0.745789 
1505.171293 0.040174 0.520749 
1505.785413 0.700438 0.301773 
1506.111653 0.647261 0.014034 
1507.537421 0.132942 0.736192 
1507.816077 0.353053 0.927230 
1508.631878 0.641679 0.426760 
1509.117310 0.289770 0.680281 
1510.772905 0.295500 0.202427 
1512.606332 0.752736 0.106867 
1512.888480 0.517751 0.630889 
1514.845580 0.365002 0.503067 
1516.336654 0.036882 0.844783 
1516.692707 0.458060 0.911178 
1519.541361 0.442311 0.097336 
1520.139631 0.964519 0.908046 
1520.421254 0.813658 0.254650 
1522.519196 0.489784 0.090232 
1522.798741 0.906765 0.786545 
1523.546000 0.000440 0.992587 
1523.965356 0.969601 0.719866 
1523.983895 0.161805 0.160559 
1524.700448 0.488390 0.369837 
1527.047272 0.729666 0.766523 
1528.591026 0.374895 0.195995 
1528.789074 0.072126 0.309878 
1529.151497 0.839217 0.454184 
1530.696886 0.987912 0.847986 
1531.050241 0.941136 0.715116 
1532.338929 0.821376 0.929312 
1533.594733 0.065017 0.517162 
1533.634365 0.878326 0.957092 
1538.272786 0.815072 0.825455 
1538.968644 0.455583 0.527263 
1540.618882 0.878095 0.454605 
1541.345023 0.700405 0.748668 
1541.499742 0.368072 0.076685 
1543.944884 0.234786 0.425773 
1545.158219 0.969002 0.445746 
1545.294888 0.306719 0.172058 
1545.978095 0.365238 0.698532 
1546.101017 0.361107 0.600809 
1548.938683 0.356600 0.193394 
1549.074216 0.714364 0.368235 
1549.539490 0.252701 0.829356 
1550.453456 0.695453 0.662491 
1550.857081 0.760006 0.960079 
1551.043810 0.837876 0.106313 
1551.055906 0.335710 0.718952 
1552.162343 0.886020 0.222351 
1555.889406 0.982382 0.386086 
1557.156888 0.245634 0.868977 
1557.201006 0.373187 0.588605 
1557.645654 0.266753 0.417760 
1559.529167 0.888579 0.730186 
1559.560040 0.186207 0.586342 
1559.922504 0.904874 0.016680 
1561.329393 0.941855 0.792877 
1561.627259 0.040503 0.598089 
1561.704906 0.033634 0.158085 
1562.201328 0.739487 0.248254 
1563.491945 0.058857 0.509806 
1564.379192 0.124129 0.638379 
1566.350816 0.536722 0.779379 
1566.612562 0.159729 0.214446 
1568.295278 0.976851 0.014655 
1569.065498 0.483074 0.337931 
1569.334288 0.849682 0.973909 
1569.843317 0.287631 0.314024 
1572.500431 0.100153 0.727174 
1573.715037 0.059903 0.798873 
1574.156445 0.581460 0.346489 
1574.627109 0.331673 0.372700 
1574.785766 0.157883 0.746243 
1574.980898 0.452984 0.919805 
1575.548337 0.329245 0.989617 
1575.548750 0.191755 0.001722 
1575.969471 0.904628 0.616468 
1576.125918 0.396139 0.464009 
1576.453436 0.347742 0.235125 
1576.986975 0.047691 0.678631 
1577.040936 0.159912 0.094880 
1578.483665 0.558785 0.874532 
1578.561216 0.146061 0.320875 
1579.001543 0.994736 0.746086 
1580.000891 0.171047 0.992735 
1581.510532 0.284831 0.425934 
1588.315006 0.361231 0.804273 
1588.463467 0.147606 0.430523 
1588.668593 0.973890 0.551930 
1589.195605 0.899517 0.477920 
1589.935441 0.305656 0.680029 
1590.084848 0.490346 0.829180 
1590.241545 0.669982 0.871291 
1590.369196 0.099494 0.842845 
1590.374749 0.830196 0.058224 
1592.268793 0.510943 0.729214 
1593.937356 0.181794 0.499121 
1594.447338 0.814102 0.016796 
1596.079789 0.061716 0.266441 
1596.292998 0.580759 0.394985 
1596.863045 0.272953 0.267318 
1596.976794 0.192041 0.647630 
1600.890884 0.056741 0.599222 
1602.442650 0.615536 0.198806 
1603.369253 0.628023 0.254453 
1604.917297 0.720761 0.763412 
1605.122552 0.792492 0.158256 
1606.666580 0.890037 0.742415 
1607.093477 0.309069 0.644889 
1607.867402 0.499402 0.600507 
1608.201498 0.219450 0.968768 
1608.582031 0.534218 0.389364 
1608.795488 0.989268 0.112599 
1610.662679 0.588506 0.801596 
1610.830903 0.957989 0.694072 
1611.739543 0.602851 0.483305 
1612.484721 0.860900 0.905567 
1612.589441 0.358255 0.667493 
1614.916883 0.426994 0.428290 
1615.894609 0.578840 0.654639 
1619.279101 0.237222 0.888162 
1619.944930 0.283429 0.505378 
1620.707298 0.303920 0.970487 
1620.873065 0.680416 0.050717 
1620.972300 0.406099 0.112352 
1621.129675 0.621546 0.474578 
1623.148597 0.732183 0.373999 
1623.247599 0.757103 0.902802 
1623.620526 0.968029 0.474476 
1624.994898 0.311921 0.885495 
1625.740074 0.615904 0.175087 
1626.279234 0.287306 0.597767 
1626.348125 0.545365 0.928925 
1628.492286 0.753424 0.401648 
1629.779827 0.843748 0.185017 
1630.437968 0.317338 0.315563 
1631.391485 0.121668 0.251572 
1632.255270 0.327553 0.529406 
1633.183504 0.077017 0.772066 
1633.969236 0.799642 0.624043 
1635.594394 0.075306 0.999968 
1636.124521 0.363428 0.148672 
1636.319041 0.731198 0.631263 
1637.102890 0.420777 0.780926 
1637.394719 0.235472 0.026318 
1637.705874 0.367684 0.040761 
1638.022389 0.627666 0.423953 
1638.472826 0.167578 0.697914 
1638.930185 0.904785 0.526081 
1640.491511 0.090557 0.707154 
1641.852256 0.391462 0.748305 
1642.767016 0.403761 0.976058 
1643.771981 0.472489 0.095375 
1643.923951 0.789976 0.956349 
1644.671633 0.110194 0.023186 
1645.408346 0.881281 0.432785 
1648.609142 0.517836 0.180331 
1649.159551 0.604206 0.816281 
1650.791204 0.702520 0.681439 
1651.511745 0.826464 0.752554 
1652.298687 0.514039 0.322472 
1652.803582 0.289827 0.373710 
1653.080829 0.047764 0.319556 
1656.754118 0.205243 0.319283 
1658.625239 0.666743 0.428171 
1658.789018 0.335419 0.984760 
1659.520017 0.292713 0.412422 
1662.281962 0.365951 0.668399 
1664.258886 0.278753 0.005309 
1664.468883 0.750238 0.008872 
1667.999472 0.179557 0.070437 
1669.300985 0.599507 0.729679 
1669.545320 0.551663 0.166003 
1669.966103 0.344726 0.122235 
1670.904534 0.567646 0.576719 
1672.680622 0.922965 0.716476 
1673.001516 0.924429 0.782732 
1673.027914 0.036557 0.039003 
1673.508550 0.242619 0.765211 
1673.586748 0.766990 0.801079 
1674.048481 0.809659 0.230635 
1676.037616 0.777000 0.570582 
1676.792060 0.688456 0.725901 
1677.525088 0.745011 0.833517 
1678.276429 0.793304 0.334036 
1678.438268 0.545289 0.413432 
1679.790703 0.095085 0.658944 
1680.646336 0.852691 0.436058 
1681.463557 0.704211 0.455942 
1683.550623 0.024689 0.946167 
1683.629037 0.922656 0.227179 
1683.676324 0.583229 0.136291 
1684.438084 0.149867 0.285256 
1685.860146 0.285167 0.992882 
1687.330592 0.270436 0.128019 
1687.774186 0.475391 0.997661 
1689.466109 0.785490 0.266397 
1691.421926 0.942727 0.310574 
1691.829454 0.907972 0.011196 
1693.512139 0.381385 0.243934 
1693.843120 0.046541 0.479882 
1694.624363 0.244121 0.883319 
1696.827469 0.253339 0.807838 
1696.934408 0.154797 0.454860 
1697.303913 0.141660 0.189823 
1697.465145 0.358165 0.166412 
1697.489821 0.404752 0.323295 
1698.225808 0.644307 0.630841 
1698.361342 0.169225 0.402970 
1699.539412 0.808285 0.474876 
1700.392278 0.907360 0.313131 
1703.216987 0.419428 0.974827 
1703.571982 0.133571 0.861658 
1703.641479 0.110547 0.596853 
1705.931639 0.669621 0.200049 
1705.960619 0.891877 0.642528 
1707.914372 0.151816 0.904252 
1708.745979 0.263971 0.908301 
1711.840797 0.453453 0.355230 
1713.257381 0.298183 0.175617 
1714.082942 0.830721 0.944705 
1715.788906 0.502774 0.385433 
1716.784462 0.286077 0.825058 
1717.132172 0.445646 0.645917 
1717.268404 0.583916 0.600345 
1720.255064 0.896414 0.940609 
1720.816005 0.180297 0.010461 
1723.726105 0.935385 0.356179 
1724.773283 0.878748 0.829466 
1725.582502 0.040910 0.350305 
1726.790676 0.418298 0.793872 
1727.030122 0.419267 0.033280 
1728.040152 0.605310 0.270148 
1729.423136 0.249911 0.888271 
1729.971046 0.845191 0.236979 
1731.259721 0.251698 0.200707 
1731.309689 0.735614 0.233289 
1731.756888 0.810119 0.775311 
1732.083743 0.749738 0.231193 
1732.474367 0.478289 0.872723 
1732.625537 0.750862 0.746783 
1733.963967 0.936935 0.479396 
1734.654080 0.737349 0.127213 
1735.891602 0.104713 0.255981 
1736.178236 0.205857 0.457029 
1736.714881 0.776538 0.670720 
1737.420426 0.152286 0.628020 
1740.773528 0.635170 0.797735 
1741.074425 0.036119 0.776721 
1746.271185 0.412811 0.029744 
1746.575759 0.433115 0.879408 
1747.828866 0.594906 0.979011 
1748.181097 0.387596 0.791848 
1748.486130 0.295185 0.191494 
1748.555097 0.068549 0.578178 
1750.800778 0.114764 0.971884 
1751.174452 0.195563 0.969527 
1753.530998 0.655681 0.822549 
1753.725213 0.604796 0.797008 
1754.257356 0.036686 0.213014 
1754.589397 0.882625 0.048180 
1754.978748 0.739679 0.762809 
1756.005214 0.022337 0.264187 
1756.482168 0.221998 0.560259 
1756.855196 0.679823 0.177775 
1759.401714 0.262593 0.094265 
1759.795172 0.962704 0.120411 
1760.052061 0.139768 0.671111 
1764.849727 0.899727 0.840970 
1768.473404 0.909201 0.353465 
1769.149058 0.573283 0.429357 
1769.818256 0.967681 0.524924 
1770.909152 0.022456 0.924615 
1771.067700 0.302672 0.010048 
1771.617599 0.348039 0.578446 
1771.666563 0.095843 0.906336 
1772.217310 0.343613 0.065182 
1772.775092 0.069466 0.335962 
1773.340493 0.508614 0.411704 
1773.758460 0.732544 0.067346 
1774.859428 0.302188 0.481698 
1775.796857 0.705314 0.707261 
1776.740041 0.633114 0.699855 
1777.825461 0.850141 0.685329 
1778.872347 0.299081 0.859862 
1779.293141 0.494497 0.128027 
1780.085218 0.435883 0.556882 
1781.114708 0.486182 0.821075 
1781.902581 0.608995 0.208866 
1782.167224 0.115515 0.009894 
1783.866901 0.647555 0.619713 
1785.290727 0.167165 0.572576 
1785.659109 0.965878 0.480151 
1785.876651 0.159998 0.692037 
1786.074512 0.645576 0.646850 
1786.292829 0.217436 0.078188 
1787.348704 0.639798 0.913325 
1787.686714 0.657714 0.846240 
1789.676335 0.887431 0.542086 
1790.779623 0.246307 0.181134 
1791.624653 0.244767 0.248599 
1792.961885 0.972339 0.141316 
1793.667733 0.832288 0.578756 
1794.442811 0.897548 0.759221 
1795.983218 0.677755 0.707860 
1801.798228 0.318697 0.336796 
1802.121128 0.962382 0.502124 
1803.144734 0.971297 0.726994 
1803.645602 0.540016 0.785490 
1806.953477 0.876620 0.861750 
1807.316778 0.672542 0.745885 
1807.466580 0.620354 0.188177 
1810.335004 0.861125 0.051552 
1811.237355 0.157059 0.998977 
1812.014927 0.273018 0.163663 
1812.699106 0.240533 0.753623 
1813.879481 0.512598 0.530361 
1814.127345 0.551526 0.995475 
1814.545703 0.833254 0.535750 
1815.769932 0.047886 0.155597 
1817.540352 0.842057 0.464310 
1817.710916 0.146185 0.225413 
1817.918664 0.618159 0.941317 
1818.573322 0.212409 0.506246 
1818.965770 0.178831 0.406023 
1820.362172 0.925168 0.666474 
1821.053167 0.054645 0.806081 
1821.339500 0.115849 0.470784 
1821.610605 0.832766 0.835771 
1823.774500 0.045199 0.918066 
1825.241589 0.546740 0.732201 
1826.144163 0.250772 0.474627 
1830.249995 0.219783 0.963302 
1831.621687 0.431551 0.481700 
1832.316398 0.678791 0.204794 
1834.421848 0.769667 0.524881 
1834.476215 0.467742 0.301168 
1835.533105 0.774416 0.914286 
1838.492446 0.289980 0.731157 
1838.655426 0.324473 0.427499 
1838.735421 0.948727 0.191287 
1839.122649 0.760696 0.857054 
1839.594337 0.674917 0.237262 
1841.145704 0.855184 0.361583 
1841.859958 0.668485 0.134846 
1842.342861 0.845906 0.954893 
1845.347857 0.605675 0.003544 
1847.328228 0.011561 0.428942 
1849.544794 0.154906 0.154010 
1849.861929 0.255949 0.817489 
1850.397423 0.015891 0.100993 
1850.576943 0.304388 0.143693 
1852.731077 0.011709 0.399339 
1852.736128 0.681959 0.993954 
1853.900783 0.470287 0.839133 
1854.505526 0.941286 0.756705 
1856.400328 0.889530 0.416486 
1862.156209 0.597507 0.854065 
1862.299060 0.352781 0.943104 
1862.429529 0.884842 0.454640 
1862.833610 0.784793 0.637345 
1862.850607 0.795625 0.696484 
1865.030478 0.420673 0.288632 
1866.286690 0.902636 0.510245 
1868.187568 0.057359 0.991851 
1868.422507 0.289908 0.115058 
1868.876320 0.100502 0.405853 
1869.058733 0.872004 0.365772 
1870.572410 0.691367 0.794292 
1871.271098 0.276661 0.989135 
1871.472910 0.515631 0.460216 
1871.920036 0.180632 0.250264 
1871.942478 0.238888 0.077988 
1872.489264 0.561843 0.637053 
1872.793079 0.410059 0.754930 
1873.011717 0.882730 0.707954 
1874.584702 0.789158 0.546500 
1876.015717 0.272226 0.693352 
1877.724461 0.545804 0.204720 
1878.591621 0.770141 0.062887 
1878.949930 0.084975 0.655413 
1881.021136 0.964209 0.682259 
1884.924567 0.568289 0.955195 
1885.891857 0.756328 0.526483 
1886.155750 0.252053 0.380473 
1887.493463 0.285137 0.598630 
1887.698219 0.523489 0.358230 
1887.983560 0.864172 0.744866 
1890.730320 0.114976 0.734484 
1892.737669 0.519212 0.860022 
1896.909936 0.696170 0.379643 
1897.029890 0.685995 0.510504 
1897.066876 0.901287 0.912481 
1897.995435 0.970614 0.327243 
1898.199157 0.020804 0.371573 
1898.871027 0.755532 0.265159 
1900.072259 0.518692 0.563352 
1902.130287 0.720246 0.520697 
1902.832402 0.553001 0.143766 
1905.369751 0.564083 0.827414 
1906.019029 0.200101 0.389753 
1910.264284 0.346974 0.878827 
1911.925349 0.152937 0.675225 
1913.356708 0.180046 0.714501 
1914.344792 0.246852 0.808435 
1916.277778 0.000888 0.373535 
1916.365640 0.037333 0.201861 
1916.962247 0.872135 0.439757 
1921.001903 0.069630 0.002073 
1921.174074 0.795478 0.646163 
1922.317072 0.830462 0.368978 
1924.880611 0.471150 0.324759 
1924.954398 0.646067 0.278787 
1925.297754 0.977274 0.113302 
1925.770686 0.300061 0.975622 
1926.726169 0.070569 0.782645 
1926.895476 0.408143 0.271293 
1926.924416 0.118705 0.921657 
1929.485150 0.155813 0.815123 
1932.838501 0.005146 0.519396 
1934.722893 0.479737 0.910546 
1936.295295 0.687123 0.607392 
1937.147043 0.135342 0.042256 
1937.397447 0.367953 0.791462 
1937.608124 0.548279 0.680159 
1937.986580 0.447896 0.900462 
1938.842590 0.639756 0.981332 
1940.308333 0.955231 0.978503 
1940.730491 0.713133 0.869636 
1941.088694 0.632960 0.324970 
1944.023662 0.904537 0.626662 
1944.257916 0.770452 0.974592 
1945.418263 0.322669 0.182656 
1945.781458 0.807222 0.469348 
1946.600019 0.328547 0.835654 
1947.438858 0.214654 0.728024 
1948.248106 0.125219 0.867346 
1949.353280 0.290909 0.614063 
1950.556358 0.362827 0.375702 
1951.811244 0.221956 0.261094 
1952.477600 0.024543 0.794898 
1953.189525 0.935595 0.613454 
1953.352434 0.856077 0.669074 
1953.976127 0.380042 0.845146 
1955.969197 0.238991 0.346627 
1956.423805 0.716950 0.599793 
1956.525914 0.393229 0.027562 
1957.069175 0.776333 0.244244 
1957.305631 0.485120 0.183637 
1957.410180 0.136443 0.833891 
1959.094573 0.103761 0.558239 
1960.099692 0.150250 0.820305 
1961.012458 0.670678 0.747422 
1961.098962 0.622454 0.629207 
1962.193902 0.634113 0.489729 
1962.720166 0.905703 0.575491 
1963.020939 0.439651 0.006687 
1963.593615 0.910208 0.009025 
1964.783672 0.647862 0.213703 
1965.948934 0.619655 0.857461 
1966.294757 0.815692 0.520378 
1968.219487 0.999417 0.830891 
1968.442845 0.632183 0.085850 
1969.141793 0.018411 0.557537 
1971.877129 0.366501 0.176023 
1971.982271 0.414808 0.111170 
1972.328755 0.769449 0.552425 
1972.474035 0.514318 0.243633 
1973.912784 0.582341 0.545766 
1975.290873 0.982169 0.132434 
1976.470945 0.490746 0.892090 
1977.335312 0.471405 0.526678 
1977.726420 0.090098 0.040290 
1978.951016 0.297198 0.721475 
1979.036313 0.702449 0.595024 
1979.099495 0.591838 0.491390 
1979.224207 0.131798 0.673862 
1979.602590 0.231921 0.359612 
1980.466670 0.804801 0.378405 
1980.868081 0.849416 0.338405 
1983.187175 0.053768 0.845942 
1984.669009 0.787486 0.885377 
1985.197507 0.543203 0.694023 
1985.892403 0.112125 0.899086 
1987.101736 0.407373 0.049034 
1988.153928 0.851856 0.910186 
1989.048782 0.433576 0.023046 
1990.597262 0.908537 0.937642 
1990.754013 0.424397 0.594610 
1993.357744 0.495135 0.229453 
1993.590311 0.667150 0.922956 
1993.882874 0.486585 0.226164 
1996.620247 0.897391 0.599149 
1999.226442 0.007918 0.643496 
1999.489281 0.022938 0.572912 
2002.295076 0.269453 0.239641 
2002.727715 0.821287 0.641837 
2003.585752 0.481752 0.862156 
2004.088630 0.033889 0.461047 
2005.144588 0.982745 0.841179 
2005.301284 0.195589 0.017902 
2006.922893 0.438112 0.411115 
2008.385247 0.809511 0.459472 
2009.391371 0.200426 0.352987 
2011.684531 0.518627 0.948953 
2013.756158 0.483552 0.335430 
2015.393685 0.198273 0.476178 
2015.579978 0.240182 0.128092 
2018.547189 0.939828 0.892630 
2018.548508 0.704869 0.595839 
2019.160011 0.572843 0.650755 
2022.389108 0.365179 0.879976 
2024.037271 0.977991 0.308016 
2025.574431 0.892989 0.212188 
2026.983343 0.655802 0.722079 
2027.440984 0.523357 0.787905 
2027.930157 0.417289 0.283645 
2028.116322 0.943223 0.898790 
2031.707295 0.613597 0.412191 
2031.786838 0.309502 0.281218 
2032.021946 0.877360 0.117274 
2032.732275 0.820057 0.185400 
2033.570936 0.834586 0.731126 
2034.617036 0.545602 0.963148 
2035.287211 0.347833 0.844045 
2035.407558 0.782994 0.813930 
2035.888574 0.105069 0.026615 
2037.369314 0.980277 0.571511 
2037.658253 0.013912 0.077088 
2039.040785 0.938743 0.956666 
2039.220765 0.258409 0.887292 
2039.773983 0.727918 0.751961 
2040.454721 0.395703 0.639891 
2040.505829 0.449722 0.555943 
2042.533875 0.451255 0.452729 
2043.320775 0.003284 0.763256 
2043.984724 0.620331 0.575576 
2044.018549 0.676380 0.222185 
2044.302278 0.877312 0.327437 
2044.748793 0.714340 0.063782 
2045.164260 0.067243 0.548631 
2047.067864 0.999952 0.522544 
2048.097846 0.747741 0.494858 
