0.000000 0.216218 0.356973 
1.057923 0.698005 0.309989 
1.310876 0.394581 0.723165 
1.783940 0.219118 0.985264 
2.732626 0.646539 0.047710 
4.709555 0.349789 0.782920 
4.950478 0.414245 0.848887 
6.707990 0.266108 0.706219 
7.091795 0.340531 0.687245 
7.202606 0.057465 0.187864 
10.371496 0.421700 0.758287 
10.957808 0.498125 0.504395 
11.333413 0.683891 0.783507 
11.726275 0.286536 0.590003 
14.243580 0.430692 0.377341 
14.244356 0.492568 0.343074 
14.842013 0.994765 0.502598 
15.180730 0.449505 0.955520 
16.976693 0.058054 0.646812 
17.080865 0.679885 0.591813 
17.680110 0.167381 0.143702 
18.867778 0.346135 0.802658 
19.654093 0.025190 0.649467 
21.474689 0.090606 0.493035 
21.598198 0.350741 0.876852 
22.203111 0.784900 0.783990 
22.841415 0.089453 0.882959 
25.947575 0.167135 0.060957 
26.084511 0.933126 0.560537 
26.568420 0.135099 0.401825 
26.749232 0.765883 0.039089 
27.099096 0.600691 0.632603 
27.100508 0.742662 0.365992 
27.947809 0.009411 0.477359 
28.891736 0.767746 0.845244 
30.144870 0.900732 0.539678 
31.363187 0.341996 0.663628 
31.558512 0.336996 0.867790 
34.315547 0.973778 0.615851 
35.191112 0.298049 0.691500 
35.252270 0.554121 0.884244 
39.479617 0.866627 0.088445 
40.051168 0.418494 0.788460 
40.052747 0.340145 0.684208 
40.837492 0.325883 0.258474 
42.870188 0.746330 0.983066 
43.042515 0.096555 0.524462 
44.905506 0.291252 0.314255 
50.300583 0.756702 0.525474 
50.397893 0.292686 0.097730 
50.506705 0.985031 0.887703 
50.749758 0.698767 0.553477 
51.903585 0.918683 0.592913 
52.044922 0.910427 0.186562 
52.471714 0.174398 0.776109 
52.652868 0.496178 0.328410 
54.399345 0.286838 0.634957 
55.828302 0.120462 0.654472 
55.835040 0.108400 0.857905 
55.850840 0.964745 0.091329 
56.298309 0.897892 0.393485 
56.591258 0.999271 0.411462 
57.285603 0.893945 0.033226 
58.015669 0.472625 0.526223 
58.731982 0.442394 0.032873 
59.853122 0.522109 0.366226 
60.454720 0.858227 0.547461 
61.988218 0.663258 0.992659 
62.006580 0.697333 0.526229 
63.870770 0.951803 0.970528 
66.242380 0.660912 0.628719 
66.964614 0.190582 0.866376 
67.086750 0.507328 0.624764 
68.842685 0.978899 0.489519 
69.720854 0.579964 0.654454 
71.109953 0.746279 0.475261 
71.210286 0.039378 0.725199 
71.629530 0.484148 0.550192 
71.982597 0.119963 0.342415 
72.373423 0.005788 0.523868 
72.884965 0.043581 0.658534 
74.071235 0.330109 0.352391 
77.666077 0.230372 0.512897 
80.591822 0.997372 0.835377 
82.146421 0.943692 0.462323 
82.833622 0.423369 0.355705 
83.407455 0.748736 0.927461 
83.767647 0.512594 0.988912 
84.603026 0.255721 0.627167 
84.774483 0.327202 0.728328 
85.153976 0.601784 0.440651 
85.399008 0.768594 0.559126 
85.436205 0.149548 0.382869 
87.287474 0.497984 0.759711 
87.477320 0.488325 0.921566 
87.979189 0.316315 0.922431 
88.301852 0.197431 0.484028 
90.088018 0.561450 0.750253 
97.099176 0.948702 0.530615 
97.619660 0.559055 0.072278 
99.832884 0.512151 0.462406 
100.708482 0.970619 0.979474 
101.604383 0.015203 0.054511 
102.007179 0.525515 0.827793 
102.531907 0.874804 0.818603 
102.844383 0.480421 0.179827 
104.440498 0.361632 0.002794 
104.823382 0.496554 0.488636 
105.053092 0.517638 0.719023 
105.178052 0.777013 0.840416 
105.250649 0.885419 0.119042 
106.481289 0.899570 0.602867 
109.534581 0.358858 0.881078 
110.530321 0.542075 0.286639 
110.834367 0.322336 0.220305 
111.216313 0.197827 0.098592 
111.417298 0.272461 0.096414 
111.937146 0.801504 0.738485 
114.206665 0.736975 0.166736 
114.875902 0.089392 0.946234 
115.416864 0.350041 0.259634 
117.820214 0.228837 0.158066 
118.316887 0.904627 0.235733 
118.451180 0.929331 0.831872 
120.100485 0.961918 0.399996 
120.103708 0.176873 0.426139 
123.247537 0.897126 0.067109 
123.539103 0.337326 0.739973 
123.918882 0.880960 0.224691 
125.476066 0.656803 0.641597 
126.033244 0.137372 0.411182 
126.837004 0.496986 0.210192 
128.549973 0.799072 0.090186 
128.796990 0.516723 0.162736 
129.009489 0.244439 0.893167 
130.946461 0.723595 0.630720 
132.776082 0.978823 0.324286 
133.270864 0.430464 0.283363 
133.373723 0.673503 0.424961 
134.522725 0.033544 0.637907 
136.074663 0.965951 0.790391 
137.513081 0.341122 0.572720 
139.526488 0.020800 0.386031 
141.317110 0.530246 0.123095 
143.764595 0.089481 0.188293 
147.430051 0.129623 0.878353 
150.021841 0.101904 0.049487 
151.475134 0.881927 0.487845 
151.515657 0.858632 0.199632 
152.950501 0.500717 0.205060 
156.697076 0.031933 0.987306 
161.551977 0.370790 0.539902 
161.560333 0.465834 0.327937 
161.675994 0.589320 0.929258 
165.239707 0.983937 0.495558 
166.069974 0.470614 0.540881 
168.530112 0.299534 0.193622 
168.753874 0.871565 0.692481 
169.727013 0.568962 0.888304 
171.854355 0.676347 0.256694 
173.040535 0.800074 0.623184 
173.240671 0.885158 0.230212 
173.449540 0.146623 0.064697 
173.949727 0.444198 0.267802 
175.332653 0.245361 0.095317 
177.287774 0.167573 0.395471 
177.882363 0.581667 0.259717 
179.953409 0.767305 0.105805 
182.158591 0.904251 0.353913 
184.175882 0.821949 0.130431 
186.886853 0.724099 0.855929 
187.204648 0.557725 0.127548 
188.351127 0.647752 0.879337 
192.999982 0.317645 0.196492 
195.893975 0.884835 0.869943 
197.605029 0.906482 0.188894 
198.125879 0.456172 0.534314 
199.423132 0.085919 0.787482 
200.762256 0.158573 0.578255 
201.692558 0.164518 0.933347 
204.313711 0.671501 0.723385 
205.414750 0.365336 0.586363 
208.807286 0.835024 0.502489 
209.343652 0.235386 0.703316 
209.393284 0.731105 0.268058 
210.029995 0.942515 0.471557 
210.908664 0.022854 0.377421 
211.022052 0.820335 0.329306 
211.970552 0.767448 0.518903 
213.538410 0.898829 0.857471 
214.027152 0.748516 0.436227 
214.046934 0.050509 0.784441 
214.147130 0.666289 0.389524 
214.816058 0.649854 0.162874 
214.934095 0.516268 0.937434 
215.081044 0.305317 0.364150 
215.218497 0.670395 0.307727 
215.665508 0.825297 0.903527 
215.677020 0.734460 0.174335 
215.890681 0.172622 0.452954 
216.361022 0.356669 0.291905 
217.664655 0.265580 0.608850 
217.833551 0.668628 0.407878 
219.663629 0.721218 0.768509 
221.839060 0.953921 0.782843 
222.411310 0.855064 0.299777 
223.796101 0.576736 0.092099 
224.843969 0.481095 0.768959 
224.955172 0.853719 0.545736 
226.169722 0.202634 0.593305 
229.246114 0.487976 0.147348 
229.945582 0.327367 0.838864 
230.437294 0.503962 0.084801 
231.878307 0.274259 0.484725 
232.173944 0.112120 0.015382 
233.393897 0.545524 0.980135 
236.429508 0.921441 0.373602 
236.506545 0.735117 0.838015 
237.131199 0.550304 0.717967 
237.998884 0.576387 0.203021 
238.987276 0.532631 0.468965 
239.636169 0.388756 0.096138 
239.721973 0.891868 0.647262 
240.951591 0.254502 0.788195 
241.881583 0.722016 0.403798 
243.912505 0.996436 0.263114 
244.716669 0.843346 0.926434 
244.990796 0.709662 0.315538 
248.643225 0.321588 0.346217 
250.144457 0.530896 0.978217 
250.985099 0.837529 0.811886 
251.704287 0.628396 0.293126 
252.365768 0.430369 0.533996 
252.805667 0.839272 0.728967 
253.455423 0.811600 0.144653 
256.177002 0.907530 0.708859 
258.770891 0.912839 0.896897 
260.388668 0.469724 0.025685 
262.734631 0.942434 0.916739 
263.805907 0.761281 0.483691 
263.947204 0.175354 0.819401 
264.678101 0.557082 0.730354 
265.261684 0.912300 0.558851 
267.402838 0.056281 0.045479 
267.814187 0.572223 0.601164 
271.759445 0.455488 0.403394 
271.973495 0.102660 0.010967 
272.961747 0.657415 0.612108 
274.187106 0.237374 0.570364 
275.104425 0.434009 0.127595 
275.156332 0.090471 0.346528 
276.363294 0.943912 0.944493 
276.378828 0.473988 0.653490 
277.019131 0.956457 0.574110 
277.318799 0.274295 0.260395 
280.167870 0.872094 0.537578 
280.830530 0.651728 0.323749 
282.070095 0.595148 0.511930 
282.438825 0.150248 0.672783 
283.451555 0.867844 0.632769 
284.426409 0.279634 0.791084 
286.342482 0.503695 0.044045 
286.786981 0.294482 0.425519 
287.088040 0.151704 0.174964 
287.418557 0.097929 0.800482 
288.226851 0.492828 0.589500 
288.230033 0.505683 0.040985 
289.142058 0.337210 0.532170 
291.627509 0.858128 0.788778 
292.269085 0.569961 0.786601 
293.480587 0.179326 0.626155 
293.740999 0.019985 0.587069 
294.053272 0.025452 0.079678 
294.176690 0.673152 0.055404 
294.885251 0.338499 0.756133 
296.858993 0.741560 0.598863 
298.697937 0.991402 0.313513 
299.162708 0.155579 0.958205 
300.421513 0.760999 0.185150 
302.542442 0.513117 0.734310 
302.561996 0.771567 0.901586 
302.613305 0.211076 0.429110 
302.683544 0.954330 0.013801 
303.401373 0.371788 0.377318 
304.230726 0.487269 0.785864 
305.174194 0.487618 0.485813 
305.277562 0.839524 0.052179 
305.619744 0.689372 0.119680 
306.735862 0.986836 0.362982 
307.557729 0.998239 0.070352 
308.618433 0.473744 0.919289 
308.764559 0.501810 0.415708 
309.018402 0.271115 0.886974 
309.752059 0.995357 0.160598 
313.523298 0.454633 0.470999 
313.756049 0.798286 0.521607 
316.550866 0.889639 0.901728 
317.924163 0.449342 0.744612 
319.089782 0.927115 0.411000 
321.636434 0.680558 0.862332 
322.434424 0.110120 0.388225 
323.764378 0.596393 0.363294 
325.060924 0.377695 0.180562 
325.901458 0.197128 0.561267 
326.004879 0.141059 0.125432 
327.981671 0.031775 0.112701 
329.416788 0.400874 0.346131 
330.290872 0.825987 0.089941 
330.644260 0.676784 0.710319 
331.684055 0.894603 0.872135 
333.375953 0.481243 0.907748 
333.461155 0.081059 0.345190 
334.746740 0.868940 0.886955 
335.795075 0.547404 0.158105 
336.892171 0.694851 0.067870 
338.573714 0.321020 0.480748 
339.743316 0.196573 0.176479 
342.847395 0.647564 0.200386 
342.953014 0.961549 0.067141 
343.037655 0.620377 0.324576 
344.306027 0.032546 0.294614 
345.085046 0.299921 0.482948 
348.089306 0.912770 0.678021 
349.042219 0.139622 0.927313 
351.563114 0.423412 0.165398 
352.198391 0.899237 0.723247 
354.260362 0.168385 0.090654 
355.599314 0.127990 0.248631 
356.969315 0.785295 0.817036 
357.025986 0.452643 0.514073 
357.050046 0.408149 0.226504 
357.349341 0.330095 0.047481 
359.424585 0.764934 0.252833 
359.492968 0.978242 0.726476 
359.499721 0.842053 0.594486 
361.538938 0.271981 0.060425 
361.868269 0.824645 0.705504 
362.037347 0.647158 0.214501 
362.374045 0.063384 0.881735 
363.407721 0.641046 0.241452 
366.204808 0.606634 0.990571 
367.198057 0.576787 0.617708 
368.580905 0.224448 0.793061 
371.747359 0.089870 0.574163 
374.899010 0.421454 0.034070 
375.690570 0.446178 0.936642 
376.266254 0.246924 0.837662 
376.551854 0.434630 0.624107 
377.894412 0.369436 0.226664 
378.356148 0.045580 0.243202 
379.395385 0.683426 0.026689 
379.621837 0.372431 0.630782 
380.290493 0.764123 0.972553 
380.988359 0.400346 0.517462 
381.104933 0.620368 0.689392 
381.670201 0.416675 0.046471 
384.883053 0.890927 0.090153 
387.050968 0.938404 0.879710 
387.811403 0.736183 0.951934 
388.824112 0.425759 0.317890 
391.247424 0.332620 0.137011 
391.994328 0.477529 0.199777 
393.389827 0.353904 0.580984 
395.458630 0.783878 0.389426 
395.720597 0.203962 0.703411 
395.955007 0.415517 0.065235 
397.210163 0.349240 0.435952 
399.975877 0.764163 0.437592 
401.430108 0.267136 0.195503 
401.960938 0.882750 0.980372 
402.620228 0.798845 0.893686 
405.698728 0.218311 0.405102 
409.148335 0.004151 0.372676 
409.551391 0.492020 0.627180 
410.523438 0.537322 0.421936 
412.623172 0.489306 0.137142 
412.783078 0.076658 0.479303 
413.782402 0.394994 0.090898 
414.030214 0.027756 0.377749 
414.576469 0.616224 0.743792 
414.577430 0.519479 0.255383 
416.135018 0.626341 0.367886 
416.268487 0.429402 0.641390 
418.336880 0.195247 0.302558 
418.903198 0.147367 0.734523 
419.292322 0.280781 0.775098 
420.188434 0.881046 0.569998 
421.212790 0.614398 0.885097 
422.819528 0.904666 0.220902 
423.938921 0.052663 0.097012 
425.578140 0.286167 0.112273 
427.934940 0.549126 0.220252 
428.475039 0.838763 0.441050 
429.712844 0.596071 0.899721 
429.862794 0.924622 0.151076 
432.081757 0.860414 0.183770 
432.261182 0.486425 0.696972 
434.791800 0.774035 0.430598 
436.342421 0.379736 0.383318 
440.276846 0.522667 0.505714 
441.805742 0.317316 0.960113 
442.227057 0.042265 0.630389 
442.589306 0.068207 0.746290 
443.619972 0.520630 0.506015 
444.541169 0.198682 0.336507 
444.602195 0.697497 0.472766 
447.489933 0.730160 0.257404 
447.824080 0.757966 0.882894 
449.812270 0.615559 0.700459 
451.109941 0.274175 0.753707 
453.342774 0.170457 0.176330 
454.094483 0.525817 0.522986 
456.698980 0.037063 0.896401 
458.611724 0.955210 0.604430 
459.029405 0.249771 0.925224 
459.109196 0.510206 0.936399 
459.613194 0.154063 0.128089 
460.426037 0.089151 0.338993 
461.264113 0.107322 0.128580 
461.629670 0.116271 0.499124 
461.883818 0.071078 0.966645 
462.182038 0.789198 0.356474 
462.804462 0.270772 0.008878 
463.323325 0.377727 0.008286 
464.697999 0.412232 0.412848 
465.018157 0.096265 0.270126 
465.212625 0.226040 0.209278 
468.077183 0.398253 0.876434 
469.714882 0.095972 0.325853 
470.255119 0.815585 0.914013 
473.470777 0.365020 0.416718 
474.802037 0.778458 0.048898 
475.529493 0.664507 0.232606 
476.078900 0.591809 0.000788 
476.791524 0.846652 0.287935 
477.070567 0.886461 0.415115 
478.018902 0.663425 0.655767 
478.399495 0.581231 0.458848 
478.771464 0.320069 0.260640 
480.010653 0.480105 0.382577 
481.578070 0.826215 0.267060 
482.329743 0.791379 0.932390 
484.166805 0.813687 0.616891 
484.627656 0.850268 0.719493 
486.946605 0.456690 0.898959 
488.043627 0.634726 0.787459 
488.465488 0.857418 0.656631 
488.996856 0.609256 0.728195 
489.063631 0.230609 0.389951 
489.468221 0.334106 0.380145 
491.498338 0.555483 0.432306 
491.694321 0.016042 0.509686 
493.924019 0.418470 0.002637 
493.925706 0.736006 0.346558 
494.055522 0.138044 0.758621 
499.454068 0.739690 0.298688 
501.025520 0.494260 0.165710 
501.860056 0.494676 0.397797 
502.821663 0.679509 0.759023 
503.314126 0.242155 0.525231 
504.264339 0.189794 0.338536 
505.238449 0.981256 0.637343 
506.989714 0.145202 0.843720 
507.409220 0.043394 0.144973 
509.871473 0.939873 0.713165 
510.567957 0.307831 0.151734 
513.548280 0.811746 0.302109 
513.859802 0.006589 0.997620 
514.440129 0.829750 0.392362 
516.036077 0.542977 0.645712 
516.255886 0.034567 0.062793 
516.680103 0.985990 0.838759 
518.257926 0.484221 0.975603 
520.980091 0.645123 0.003625 
521.326192 0.283525 0.016648 
521.878409 0.564931 0.954179 
522.289304 0.370803 0.262269 
522.762217 0.438209 0.553875 
523.058365 0.611887 0.303984 
523.912974 0.859959 0.580387 
524.895467 0.949204 0.566893 
524.925906 0.764171 0.769794 
525.628095 0.359914 0.532886 
525.730680 0.233342 0.776624 
527.627727 0.531917 0.204652 
528.081985 0.213974 0.074290 
531.367059 0.470556 0.251175 
531.418722 0.839839 0.811634 
532.489504 0.589976 0.252918 
532.998107 0.245618 0.728423 
533.130404 0.517734 0.204686 
534.584607 0.758073 0.372944 
534.849983 0.648793 0.518933 
535.958103 0.874856 0.430775 
536.600653 0.423336 0.598035 
537.321283 0.906349 0.144313 
537.587613 0.050304 0.733537 
539.263417 0.140788 0.858947 
539.669563 0.776519 0.475777 
539.736829 0.381587 0.174174 
541.465386 0.563305 0.269907 
544.194284 0.792157 0.513906 
545.281516 0.926116 0.328749 
545.916859 0.657199 0.964583 
546.429407 0.492893 0.017493 
547.619296 0.175599 0.615966 
548.316226 0.933520 0.734754 
548.885873 0.558979 0.242332 
549.093516 0.315881 0.987991 
549.632845 0.578407 0.299890 
549.889522 0.836424 0.826419 
555.023620 0.341393 0.667783 
555.168090 0.281515 0.315146 
555.657492 0.409488 0.914127 
558.113310 0.386186 0.867744 
559.360554 0.784650 0.841710 
560.495008 0.208388 0.086952 
561.148853 0.495450 0.787421 
561.924210 0.055718 0.495898 
565.411168 0.829125 0.379021 
566.120760 0.490607 0.391848 
567.161959 0.360243 0.528860 
568.316012 0.021870 0.312852 
569.032059 0.489778 0.271120 
569.512795 0.155979 0.357938 
570.762372 0.643689 0.138007 
571.390579 0.122521 0.980817 
571.551613 0.495127 0.149838 
571.775728 0.399176 0.245930 
572.187824 0.958647 0.345119 
572.318311 0.255404 0.618590 
573.505050 0.747753 0.498062 
574.288916 0.337915 0.309045 
575.378110 0.361914 0.699225 
575.636152 0.289173 0.173272 
576.617010 0.881448 0.767135 
576.686354 0.354477 0.010295 
578.233773 0.112920 0.650703 
578.261083 0.848165 0.831223 
578.731541 0.510158 0.949647 
580.912871 0.236041 0.627687 
581.277483 0.180884 0.804793 
583.565333 0.578151 0.749277 
585.436440 0.493755 0.328727 
585.486417 0.778837 0.823263 
586.057821 0.326709 0.290717 
587.624491 0.986453 0.583357 
588.141934 0.673690 0.462271 
589.280467 0.099584 0.253999 
590.158057 0.048281 0.083362 
592.461729 0.388740 0.041536 
593.813624 0.881088 0.530339 
594.459919 0.524927 0.374436 
594.683893 0.228559 0.460628 
595.273702 0.177558 0.614073 
595.346321 0.020616 0.133717 
598.030869 0.139696 0.253279 
598.584459 0.635659 0.918127 
598.884772 0.679451 0.488554 
601.053123 0.244311 0.070516 
601.860844 0.503427 0.888698 
603.625783 0.600593 0.879695 
603.976159 0.257227 0.471346 
604.518356 0.149592 0.945956 
605.671258 0.378562 0.503265 
608.418180 0.385568 0.956876 
609.816894 0.421302 0.920778 
611.363897 0.518480 0.719126 
611.380430 0.824536 0.277868 
611.670420 0.365408 0.802300 
612.000080 0.358851 0.081305 
612.120135 0.337261 0.417629 
612.393494 0.498321 0.165925 
612.652074 0.021258 0.151660 
613.017746 0.711809 0.739695 
615.688537 0.069620 0.228161 
615.861234 0.369650 0.717138 
616.803599 0.158029 0.600490 
617.420856 0.781644 0.375603 
617.759450 0.294903 0.166968 
618.282379 0.577661 0.203319 
618.283449 0.184019 0.025451 
619.190700 0.386146 0.954941 
619.775683 0.182312 0.136474 
620.729585 0.476275 0.377863 
621.615311 0.084773 0.673410 
623.026407 0.844062 0.611601 
623.355958 0.296351 0.650115 
623.776566 0.614036 0.671504 
624.362910 0.672540 0.420727 
624.839854 0.909241 0.959231 
624.984197 0.821270 0.291093 
625.299230 0.266611 0.445595 
626.052309 0.964494 0.092693 
626.993234 0.985448 0.362345 
628.070920 0.137971 0.603827 
628.439481 0.732302 0.842113 
629.416023 0.731475 0.754742 
631.763642 0.145964 0.361501 
634.196645 0.095134 0.398996 
634.628076 0.776600 0.619909 
636.005776 0.023435 0.699904 
636.769865 0.282295 0.578321 
637.455597 0.402128 0.913000 
637.681186 0.199813 0.974365 
639.363062 0.183287 0.768219 
640.103867 0.427824 0.095065 
641.334772 0.313612 0.321295 
643.157685 0.915786 0.948219 
643.306621 0.228499 0.923824 
644.596089 0.869711 0.232432 
644.890781 0.564472 0.031519 
644.944746 0.641361 0.743763 
645.522427 0.450756 0.775575 
646.536582 0.032162 0.030664 
647.718666 0.954661 0.875054 
649.718251 0.273441 0.428773 
649.990842 0.999920 0.719887 
650.287850 0.399277 0.519738 
652.616622 0.113467 0.806273 
653.243003 0.721129 0.495890 
653.702924 0.793295 0.421040 
653.709719 0.919774 0.972383 
656.363505 0.996845 0.680182 
656.721064 0.248702 0.206009 
656.990635 0.310122 0.636592 
658.622299 0.907603 0.817956 
658.848559 0.938659 0.444802 
660.199550 0.439803 0.807127 
660.448154 0.154366 0.259758 
662.433776 0.017304 0.929743 
663.199438 0.694382 0.183028 
664.202476 0.777695 0.735907 
664.273018 0.275884 0.184987 
664.616755 0.251247 0.114648 
667.790393 0.107553 0.916565 
669.389858 0.028410 0.992523 
669.489951 0.376060 0.424003 
669.657606 0.148583 0.644259 
669.969551 0.791491 0.339759 
671.113060 0.737435 0.678653 
671.690501 0.207579 0.351646 
672.307976 0.415966 0.042379 
672.869844 0.956389 0.718740 
673.072997 0.613274 0.889451 
674.430334 0.859420 0.963758 
676.092812 0.153376 0.144101 
676.322443 0.158025 0.525297 
677.966655 0.449617 0.163944 
678.334911 0.908327 0.538921 
679.174885 0.256708 0.033912 
680.882013 0.702106 0.154116 
682.780993 0.413978 0.480670 
683.586004 0.186325 0.800681 
686.408505 0.606553 0.953538 
687.310983 0.305112 0.064471 
690.989342 0.916966 0.387722 
691.394117 0.664138 0.507768 
691.508360 0.356985 0.510355 
692.404489 0.855942 0.574391 
693.273895 0.137604 0.968468 
693.513963 0.424377 0.986926 
694.380006 0.377206 0.097864 
694.864947 0.950594 0.837602 
697.220495 0.093264 0.530242 
699.775018 0.858585 0.196363 
700.348171 0.826905 0.328146 
701.506484 0.889034 0.135744 
702.546699 0.953226 0.641574 
703.623551 0.437091 0.833625 
704.403628 0.915935 0.163108 
705.473639 0.603063 0.168537 
705.992282 0.356663 0.410104 
706.648456 0.087874 0.974303 
709.450812 0.217233 0.824428 
709.708869 0.315863 0.809594 
710.355553 0.408917 0.083695 
710.810789 0.449328 0.102994 
711.928070 0.975628 0.089860 
713.069946 0.071859 0.568824 
713.303427 0.438999 0.135218 
715.576186 0.765622 0.706885 
716.870338 0.145239 0.098910 
717.992197 0.768775 0.914147 
719.432341 0.966464 0.560213 
719.501293 0.745585 0.993788 
721.674866 0.803705 0.973443 
722.255097 0.111024 0.921495 
722.537004 0.088992 0.254794 
724.194329 0.111112 0.016278 
724.949646 0.199065 0.275966 
725.553644 0.826864 0.642627 
727.054013 0.431503 0.022102 
728.816839 0.714545 0.665275 
728.823620 0.904711 0.902944 
728.831367 0.373538 0.020339 
729.040046 0.162797 0.239588 
731.254001 0.150172 0.849568 
731.362786 0.693034 0.461389 
731.956633 0.908520 0.417613 
732.493537 0.005655 0.876995 
732.699581 0.997689 0.480739 
732.791341 0.846677 0.850940 
733.424971 0.691524 0.949520 
733.631712 0.720164 0.514085 
735.406486 0.636169 0.320978 
735.524034 0.647414 0.548004 
736.097629 0.949799 0.799345 
740.090462 0.968579 0.264250 
740.410326 0.600547 0.463480 
741.406388 0.058218 0.483956 
742.733794 0.189064 0.857303 
743.588733 0.172029 0.031706 
744.020823 0.331810 0.514459 
744.638311 0.788467 0.140052 
744.720920 0.429520 0.787164 
745.055131 0.614504 0.546208 
745.230865 0.901203 0.019876 
747.121357 0.733899 0.982020 
747.876076 0.464006 0.826573 
748.475057 0.716423 0.579834 
749.058005 0.457306 0.847506 
749.397939 0.576807 0.279736 
750.057299 0.589798 0.353254 
750.347332 0.591422 0.601390 
751.294092 0.551377 0.441799 
751.578098 0.053503 0.524454 
752.757899 0.268020 0.694963 
752.839636 0.907727 0.358782 
753.333022 0.563612 0.220219 
753.983879 0.162356 0.240362 
754.360774 0.269200 0.602562 
754.764073 0.657169 0.365070 
755.627886 0.702404 0.776258 
757.904788 0.779408 0.728810 
758.174843 0.363745 0.798711 
761.177023 0.544808 0.090174 
761.910171 0.280681 0.023676 
761.945572 0.892844 0.488960 
763.277095 0.246733 0.527837 
763.788723 0.262347 0.815993 
764.158870 0.075183 0.965193 
764.652376 0.660896 0.739859 
766.334297 0.571619 0.681753 
767.624208 0.002657 0.275512 
768.221271 0.074625 0.572462 
769.534404 0.921088 0.684543 
771.014164 0.531047 0.151076 
772.534935 0.535520 0.336362 
773.558210 0.507741 0.503053 
774.171623 0.810507 0.114733 
775.057966 0.447061 0.216014 
775.643251 0.551850 0.103291 
776.365159 0.057740 0.543741 
776.367497 0.255287 0.930050 
778.182464 0.537111 0.546134 
778.303980 0.124708 0.220549 
779.589361 0.745229 0.849979 
780.227567 0.114742 0.678814 
782.868864 0.806244 0.543591 
782.949405 0.594684 0.784263 
784.999323 0.900943 0.000659 
785.411905 0.410518 0.232991 
786.538654 0.459878 0.188987 
788.415582 0.388437 0.037008 
789.011756 0.175531 0.914988 
789.359759 0.138361 0.005225 
789.879811 0.296895 0.053085 
791.637600 0.737149 0.330034 
794.028452 0.475535 0.502980 
797.378663 0.336561 0.877150 
798.748201 0.830862 0.373938 
799.244396 0.796804 0.113749 
800.207076 0.335865 0.208165 
800.671774 0.638412 0.761660 
801.177647 0.622711 0.595116 
801.202680 0.673489 0.343026 
801.266456 0.444969 0.471307 
801.773105 0.721708 0.686169 
801.850081 0.763855 0.843458 
802.464865 0.507095 0.431932 
806.083176 0.955992 0.166398 
807.010207 0.795346 0.422290 
807.231915 0.948802 0.191088 
808.049440 0.714078 0.836269 
808.636969 0.134487 0.439861 
809.006503 0.950540 0.149649 
809.458301 0.864382 0.759929 
809.555520 0.870638 0.416546 
810.436847 0.919791 0.334264 
811.369653 0.637825 0.805436 
814.704906 0.142148 0.830346 
814.789451 0.995450 0.940781 
817.951153 0.785989 0.166413 
820.446802 0.405321 0.333957 
820.478206 0.717395 0.727501 
822.331759 0.822405 0.957393 
823.476501 0.999918 0.254248 
823.569583 0.648459 0.858902 
824.013527 0.112740 0.601136 
824.396098 0.682078 0.215048 
827.501144 0.123662 0.369012 
828.112780 0.530386 0.959553 
828.155019 0.647659 0.814101 
828.422274 0.432772 0.330175 
828.676772 0.816808 0.389290 
829.198250 0.816402 0.437284 
829.718477 0.831090 0.623896 
832.475032 0.918407 0.382613 
832.816026 0.020072 0.767349 
834.993393 0.882867 0.966410 
835.696778 0.340530 0.165224 
836.185142 0.346864 0.956019 
836.542182 0.481029 0.027934 
839.102811 0.996725 0.926359 
841.815865 0.514611 0.110842 
842.842908 0.519370 0.180233 
846.648223 0.375352 0.503216 
847.778534 0.507643 0.422415 
847.836976 0.155545 0.795610 
848.120798 0.536325 0.369532 
848.627429 0.731138 0.797319 
849.602947 0.244196 0.807650 
850.255312 0.763819 0.979089 
850.377444 0.706181 0.878437 
850.493524 0.374358 0.214927 
850.679037 0.890911 0.226412 
851.240269 0.210152 0.725351 
851.859606 0.751468 0.786370 
852.045280 0.815030 0.563607 
852.826387 0.033558 0.750141 
854.070867 0.834883 0.168014 
854.229191 0.761398 0.871736 
856.120875 0.632192 0.429886 
856.939519 0.194595 0.374458 
858.534730 0.132508 0.230906 
858.981264 0.862086 0.500243 
858.990597 0.868833 0.435415 
859.694411 0.428355 0.897312 
860.051990 0.833227 0.756314 
860.780146 0.156316 0.982687 
861.107346 0.823893 0.508192 
861.135639 0.265195 0.509173 
861.193528 0.049944 0.008292 
862.225497 0.314057 0.018623 
862.301948 0.471271 0.086835 
862.862665 0.083405 0.965450 
865.292532 0.263550 0.752269 
865.894412 0.625201 0.534797 
866.178303 0.299040 0.521530 
866.355099 0.614223 0.394980 
866.386973 0.253138 0.221264 
867.798532 0.986998 0.889527 
868.910224 0.926924 0.645553 
870.015066 0.064332 0.971112 
870.253092 0.440148 0.123576 
870.609683 0.507723 0.093879 
871.422557 0.327319 0.265015 
872.743480 0.455832 0.416550 
872.829613 0.386182 0.203683 
873.007838 0.636697 0.872196 
873.087196 0.239031 0.351191 
873.159834 0.470616 0.107387 
873.983774 0.813590 0.622736 
874.131061 0.499054 0.499824 
874.275999 0.387373 0.812114 
874.444734 0.171051 0.976992 
875.566994 0.192213 0.183493 
877.530577 0.210994 0.065689 
879.940192 0.672813 0.620924 
883.283054 0.321047 0.287763 
884.421860 0.794681 0.108037 
884.652814 0.976355 0.480555 
884.694893 0.070468 0.857042 
884.721472 0.191618 0.079186 
885.147050 0.645102 0.732737 
888.321162 0.987520 0.957419 
888.391492 0.787095 0.969829 
889.255627 0.591502 0.661298 
890.672412 0.353878 0.322670 
892.131449 0.186427 0.483446 
893.365359 0.707901 0.575595 
893.477546 0.778470 0.350902 
893.972252 0.073797 0.017424 
894.748505 0.421828 0.211142 
895.488488 0.781772 0.140366 
895.864133 0.981764 0.914589 
896.945609 0.922670 0.036335 
899.142748 0.533303 0.419255 
899.490935 0.389278 0.451699 
901.285060 0.274095 0.237550 
902.792644 0.243453 0.223184 
902.874611 0.774523 0.701777 
903.885188 0.625787 0.862571 
904.703690 0.631069 0.201928 
905.633477 0.929077 0.732080 
905.875790 0.437552 0.550454 
906.473417 0.312076 0.774881 
906.749924 0.540441 0.954522 
907.965276 0.094133 0.896441 
908.205062 0.765791 0.554596 
908.646118 0.182155 0.282869 
909.580169 0.990615 0.896424 
911.010626 0.473574 0.961900 
911.499610 0.104762 0.717569 
912.233577 0.881120 0.758017 
912.481579 0.203283 0.713617 
912.886065 0.797678 0.640379 
914.091104 0.923440 0.797127 
916.917451 0.362598 0.279935 
917.801874 0.708216 0.608994 
918.021345 0.613888 0.499072 
918.304185 0.015025 0.494753 
919.675583 0.435348 0.494857 
922.081161 0.701532 0.818415 
924.949641 0.715743 0.208543 
925.977409 0.581754 0.515660 
927.300301 0.477045 0.966465 
929.567371 0.990566 0.750975 
929.874947 0.532507 0.060475 
930.366325 0.966868 0.044803 
932.904792 0.702102 0.132980 
933.428124 0.729023 0.769673 
933.988449 0.195156 0.613331 
934.087486 0.841146 0.979174 
934.320252 0.816523 0.438449 
934.358140 0.778869 0.507978 
935.228169 0.769633 0.733163 
936.398158 0.549262 0.145950 
937.913130 0.982129 0.055705 
938.018659 0.598046 0.022658 
939.568308 0.776785 0.054559 
940.940542 0.316235 0.074616 
940.980988 0.997496 0.363645 
948.971397 0.995324 0.427055 
949.618570 0.703561 0.181868 
950.590453 0.420939 0.247829 
953.107584 0.094871 0.728408 
953.390354 0.001312 0.956491 
953.941542 0.580302 0.127679 
959.778336 0.178760 0.744786 
962.892130 0.120910 0.346069 
962.962707 0.116753 0.866624 
963.843640 0.051750 0.858038 
965.768587 0.537819 0.355683 
966.753841 0.514348 0.524979 
967.154596 0.893831 0.393208 
967.291716 0.986787 0.075502 
972.038713 0.597262 0.726789 
972.802545 0.285518 0.608205 
975.729042 0.525679 0.520487 
975.841113 0.223235 0.565629 
976.142428 0.476315 0.277721 
977.979053 0.494036 0.484271 
978.848464 0.233520 0.148529 
979.018039 0.486729 0.389378 
980.253464 0.133556 0.488010 
981.682126 0.606048 0.623426 
982.438693 0.217809 0.396021 
983.732213 0.244461 0.697953 
983.913814 0.030060 0.395276 
984.596397 0.579167 0.305169 
984.650456 0.450984 0.492932 
984.654853 0.781066 0.271926 
986.508261 0.412647 0.900436 
987.979211 0.290808 0.852381 
989.026923 0.415691 0.860447 
990.193844 0.156303 0.451000 
990.894089 0.023943 0.775865 
991.125950 0.607923 0.124118 
992.169036 0.114273 0.931685 
992.646974 0.209265 0.914380 
992.798362 0.434260 0.630078 
996.205177 0.535093 0.929491 
996.458415 0.837289 0.397260 
996.926985 0.494590 0.256864 
998.261906 0.891009 0.501853 
998.421463 0.519394 0.432257 
999.539294 0.248405 0.329213 
999.936447 0.612161 0.194173 
1000.636807 0.576016 0.332826 
1000.649109 0.937916 0.876258 
1001.439876 0.897979 0.494415 
1003.893706 0.083491 0.300104 
1004.887640 0.908912 0.738830 
1006.074320 0.411266 0.947273 
1006.628287 0.730912 0.318561 
1008.262055 0.307026 0.748148 
1008.542898 0.411463 0.853373 
1008.990249 0.315827 0.806918 
1009.795284 0.265252 0.700999 
1009.948067 0.440304 0.307350 
1013.355392 0.067348 0.609608 
1013.469671 0.232465 0.003052 
1014.273754 0.951655 0.012604 
1014.566864 0.073514 0.306289 
1017.250831 0.861837 0.998839 
1018.405811 0.434286 0.677657 
1021.806544 0.412207 0.577924 
1022.403801 0.975711 0.380811 
1022.929278 0.624406 0.660332 
1024.305808 0.391574 0.533441 
1024.606652 0.034931 0.892939 
1025.324191 0.405495 0.662633 
1025.995247 0.262764 0.208130 
1026.959086 0.045162 0.810389 
1029.557501 0.810907 0.997641 
1030.529272 0.614575 0.674453 
1030.953183 0.379047 0.517804 
1033.124650 0.600190 0.458245 
1033.190148 0.129503 0.282922 
1033.849724 0.182358 0.556733 
1035.688138 0.209841 0.036820 
1036.359317 0.627381 0.394406 
1037.531275 0.942759 0.790827 
1039.473415 0.087720 0.695109 
1041.748406 0.151297 0.167774 
1042.872306 0.562882 0.825595 
1043.400074 0.821299 0.355156 
1045.021269 0.367962 0.299470 
1048.891584 0.057535 0.623439 
1049.162515 0.046092 0.341483 
1049.538479 0.167059 0.058642 
1050.556849 0.488242 0.286960 
1051.334792 0.826171 0.214229 
1051.954179 0.866297 0.964886 
1052.325004 0.013362 0.093794 
1056.295868 0.364581 0.208485 
1056.701155 0.562118 0.422812 
1057.031691 0.691222 0.124985 
1057.796293 0.392380 0.667079 
1058.217369 0.016638 0.147838 
1058.696180 0.010006 0.612138 
1059.029202 0.038558 0.493327 
1059.475094 0.501426 0.228210 
1060.632520 0.237893 0.739497 
1061.098548 0.177547 0.837095 
1061.246216 0.388066 0.331035 
1064.287907 0.787608 0.381479 
1064.362143 0.225796 0.246075 
1067.135689 0.687639 0.026812 
1067.487087 0.732264 0.788048 
1069.869321 0.183743 0.942581 
1070.054493 0.721062 0.012109 
1070.159124 0.325642 0.260683 
1070.384842 0.454083 0.094992 
1070.800462 0.098060 0.753790 
1071.192726 0.115955 0.134946 
1074.727272 0.248831 0.746886 
1075.079723 0.196587 0.437147 
1075.782408 0.444156 0.778098 
1076.101405 0.343343 0.793839 
1077.666972 0.221709 0.401354 
1078.263440 0.511467 0.382854 
1079.759888 0.978374 0.619036 
1080.047376 0.234422 0.520378 
1080.222293 0.806968 0.221799 
1081.394011 0.028848 0.190242 
1082.065441 0.067213 0.750974 
1084.395484 0.094343 0.413078 
1085.048561 0.063640 0.046988 
1086.606174 0.549880 0.064125 
1087.483520 0.378255 0.181116 
1087.814473 0.243294 0.081723 
1088.461140 0.944901 0.997898 
1088.912357 0.048802 0.165384 
1089.472342 0.632188 0.785043 
1090.211569 0.386864 0.720621 
1091.370077 0.562812 0.622096 
1092.146794 0.677257 0.129949 
1092.618450 0.238699 0.617196 
1095.709480 0.811433 0.109366 
1095.775681 0.979656 0.624230 
1096.070886 0.740526 0.319948 
1096.309284 0.170494 0.516476 
1097.121334 0.019493 0.887351 
1098.220498 0.828652 0.884346 
1098.732349 0.819938 0.137392 
1099.376635 0.302234 0.770585 
1099.419981 0.300084 0.344313 
1100.447230 0.905974 0.222079 
1100.711292 0.827511 0.475039 
1104.075592 0.036058 0.066391 
1104.256235 0.173514 0.805157 
1104.587157 0.784571 0.758591 
1105.350321 0.359221 0.588819 
1105.815708 0.122238 0.663340 
1107.910037 0.985213 0.559868 
1108.195669 0.671195 0.513963 
1109.447480 0.369618 0.024244 
1112.555948 0.231171 0.589246 
1113.970618 0.371880 0.274849 
1114.338550 0.977195 0.022979 
1114.552059 0.189224 0.830649 
1115.742162 0.928408 0.599902 
1117.352570 0.319475 0.292560 
1118.784650 0.537850 0.441638 
1120.425514 0.159522 0.847399 
1120.979766 0.439110 0.975526 
1122.912537 0.157906 0.601410 
1124.353684 0.368216 0.351065 
1125.259080 0.188362 0.071763 
1125.794758 0.171142 0.110308 
1126.045297 0.596951 0.635395 
1126.696152 0.486918 0.995026 
1127.179659 0.657809 0.000665 
1127.679576 0.451321 0.315271 
1127.696438 0.346784 0.175190 
1128.630768 0.031132 0.058954 
1131.188475 0.214879 0.600761 
1133.199739 0.242501 0.943640 
1133.372272 0.284069 0.782692 
1133.425960 0.053624 0.508046 
1133.724412 0.114771 0.309385 
1134.148260 0.131586 0.504398 
1134.931619 0.963342 0.046280 
1135.557265 0.500063 0.735302 
1136.832131 0.574835 0.258560 
1138.311585 0.648097 0.014291 
1138.785211 0.336327 0.089469 
1139.370295 0.709183 0.466784 
1144.739043 0.710873 0.403262 
1147.536192 0.840825 0.343741 
1147.543404 0.944363 0.267835 
1147.621112 0.624796 0.611556 
1147.965441 0.725911 0.641314 
1152.097500 0.009721 0.059648 
1152.817678 0.408947 0.653456 
1152.895283 0.513291 0.809186 
1153.231701 0.826357 0.210830 
1154.953436 0.074705 0.273172 
1156.283840 0.099449 0.444565 
1158.029685 0.760372 0.402791 
1159.064197 0.175704 0.801463 
1159.364593 0.872633 0.127680 
1159.628748 0.961152 0.479365 
1162.942931 0.799081 0.511991 
1163.427555 0.699735 0.315442 
1163.584363 0.698890 0.214754 
1165.307088 0.263341 0.902969 
1166.305773 0.559127 0.197732 
1166.385662 0.429868 0.903551 
1168.502652 0.252588 0.307008 
1168.782231 0.226263 0.492328 
1170.222416 0.119966 0.602361 
1170.276893 0.242705 0.874660 
1171.477162 0.109926 0.050565 
1172.964796 0.681774 0.007143 
1173.777360 0.217561 0.749318 
1174.650158 0.814663 0.090922 
1177.089087 0.676812 0.539041 
1177.155850 0.269864 0.210600 
1179.862963 0.906987 0.447538 
1179.928070 0.452411 0.769480 
1181.127194 0.711585 0.535262 
1182.961300 0.287977 0.589776 
1183.518813 0.265880 0.597159 
1183.819677 0.110403 0.721117 
1184.087558 0.600115 0.636666 
1184.204028 0.505402 0.556326 
1185.297281 0.036662 0.502812 
1186.382931 0.211339 0.893529 
1187.241731 0.351180 0.671061 
1187.832663 0.517564 0.310896 
1189.269653 0.270747 0.781479 
1190.108669 0.537821 0.397989 
1190.295250 0.679470 0.845276 
1190.725784 0.798656 0.791529 
1191.242522 0.080462 0.121936 
1191.936697 0.612353 0.216743 
1193.232876 0.841119 0.429398 
1193.826728 0.637048 0.672161 
1195.786279 0.589933 0.841613 
1197.588302 0.090514 0.883366 
1198.342551 0.899873 0.721654 
1200.870708 0.252442 0.502876 
1201.302885 0.951686 0.510976 
1201.657694 0.757513 0.597326 
1201.829556 0.324486 0.436329 
1201.894491 0.611214 0.353718 
1202.216214 0.615340 0.895611 
1202.851895 0.777238 0.972175 
1204.326465 0.338779 0.677661 
1205.002765 0.340087 0.922152 
1205.978409 0.957610 0.081924 
1206.057577 0.135603 0.126793 
1206.149259 0.925203 0.549207 
1207.007854 0.464710 0.015351 
1207.355646 0.495810 0.569705 
1207.574156 0.314159 0.652984 
1211.856894 0.545707 0.215752 
1213.048168 0.746253 0.439836 
1213.960611 0.525783 0.200524 
1216.380776 0.193200 0.740786 
1217.421755 0.689587 0.507010 
1218.226544 0.142995 0.733486 
1218.268427 0.551901 0.830003 
1223.902401 0.308808 0.506280 
1223.918819 0.055381 0.094961 
1226.064834 0.537536 0.404377 
1226.352043 0.490598 0.046724 
1227.394585 0.916150 0.363916 
1228.903628 0.171289 0.827697 
1229.718191 0.740963 0.405589 
1229.875626 0.547440 0.838752 
1230.388639 0.701811 0.276489 
1232.172604 0.895564 0.740290 
1232.272470 0.788535 0.279050 
1232.299154 0.075098 0.312735 
1233.279793 0.042757 0.441429 
1233.979178 0.511685 0.118535 
1234.070152 0.541833 0.488945 
1235.114032 0.241288 0.772796 
1235.190836 0.793208 0.872080 
1236.141391 0.895316 0.755137 
1236.384444 0.661503 0.551980 
1237.140037 0.868114 0.765817 
1237.280021 0.135099 0.136986 
1237.409501 0.210557 0.458924 
1237.705874 0.706488 0.234752 
1237.884796 0.544660 0.385636 
1240.124329 0.394141 0.276228 
1242.958979 0.975566 0.127598 
1243.115752 0.774920 0.430017 
1243.853626 0.580932 0.057503 
1245.700957 0.679702 0.523851 
1245.967107 0.434652 0.202579 
1246.341502 0.347439 0.347665 
1247.173161 0.916615 0.136482 
1248.349460 0.737300 0.666032 
1248.866127 0.231258 0.581198 
1249.001135 0.940083 0.381798 
1249.304086 0.157170 0.612068 
1251.925185 0.529846 0.709263 
1252.094035 0.065820 0.514344 
1252.497309 0.901859 0.232707 
1252.557424 0.539602 0.608175 
1255.717192 0.000531 0.263218 
1256.041147 0.404179 0.848620 
1257.190019 0.124832 0.635594 
1257.454616 0.056917 0.838585 
1258.231312 0.084081 0.118649 
1258.448469 0.911405 0.488272 
1263.044543 0.246647 0.662029 
1264.229608 0.702343 0.660392 
1264.807415 0.621860 0.357302 
1266.728590 0.466426 0.583048 
1266.975329 0.971200 0.611972 
1267.180124 0.180781 0.297553 
1267.207105 0.284586 0.186298 
1267.207436 0.659180 0.361974 
1269.570707 0.258096 0.856592 
1270.491458 0.312535 0.011924 
1272.656169 0.937313 0.681042 
1273.646399 0.496601 0.590122 
1274.065062 0.462659 0.977374 
1279.250113 0.008816 0.205209 
1280.034879 0.414271 0.393495 
1280.816109 0.762432 0.372413 
1281.224260 0.870146 0.898038 
1282.577878 0.268130 0.551657 
1283.319789 0.410741 0.427577 
1283.475621 0.875224 0.254847 
1283.482955 0.774275 0.731218 
1286.095710 0.288811 0.841618 
1287.425458 0.304140 0.523823 
1287.636239 0.277420 0.425188 
1287.672196 0.315864 0.009640 
1287.858522 0.817480 0.037248 
1294.043231 0.854087 0.178582 
1295.685221 0.317137 0.609417 
1296.055980 0.647878 0.528580 
1296.205755 0.878155 0.360636 
1296.417966 0.636470 0.455372 
1298.245885 0.583778 0.861306 
1299.853649 0.450124 0.398332 
1301.088543 0.540057 0.382271 
1302.729695 0.576315 0.405307 
1303.955044 0.913038 0.855304 
1308.314696 0.806823 0.000055 
1308.624718 0.111363 0.235490 
1309.205521 0.309909 0.304432 
1309.561335 0.211734 0.941023 
1309.568511 0.664168 0.660686 
1310.281080 0.300638 0.898827 
1310.772732 0.334292 0.140807 
1311.940102 0.375770 0.674694 
1311.960338 0.761867 0.667131 
1315.141554 0.292835 0.114487 
1315.738149 0.627865 0.245001 
1317.761998 0.167209 0.761063 
1318.669573 0.973047 0.258987 
1319.311230 0.728745 0.221445 
1320.767069 0.235954 0.018820 
1323.288807 0.944457 0.703732 
1323.935002 0.807399 0.583807 
1324.141156 0.406483 0.707076 
1324.302243 0.859831 0.636798 
1324.353148 0.843394 0.571347 
1324.569014 0.122418 0.717359 
1324.913376 0.944490 0.854321 
1325.547383 0.946302 0.765963 
1326.223905 0.965423 0.326577 
1326.269626 0.846658 0.118193 
1326.457826 0.552188 0.613920 
1327.927504 0.477429 0.281115 
1329.080842 0.645104 0.964921 
1330.426699 0.995779 0.841680 
1330.547452 0.017151 0.365429 
1330.998578 0.997384 0.947266 
1331.071951 0.559790 0.536726 
1331.308205 0.577143 0.833298 
1331.469973 0.158967 0.476713 
1331.489334 0.748614 0.516974 
1332.402415 0.773320 0.673414 
1334.062773 0.428723 0.000733 
1336.227733 0.060276 0.965438 
1336.387546 0.124756 0.436662 
1337.749235 0.231420 0.892563 
1337.981830 0.862533 0.434479 
1338.206610 0.594744 0.307373 
1340.596314 0.853279 0.571300 
1340.897764 0.043371 0.238464 
1340.902835 0.270250 0.951979 
1342.375632 0.282943 0.570208 
1343.364297 0.126916 0.885032 
1343.397404 0.871780 0.033838 
1348.468182 0.892324 0.267895 
1348.917485 0.071478 0.009482 
1349.607642 0.294350 0.588285 
1352.576715 0.441422 0.293243 
1352.667033 0.628319 0.938418 
1353.133694 0.396181 0.223456 
1354.471667 0.511324 0.778408 
1354.849363 0.412773 0.959995 
1355.128056 0.138718 0.793933 
1356.336722 0.912486 0.313633 
1357.196868 0.386086 0.768134 
1358.265154 0.035448 0.495603 
1358.631413 0.700225 0.783866 
1358.693977 0.293607 0.286857 
1361.886407 0.477438 0.482683 
1362.431429 0.840359 0.395573 
1363.481300 0.509436 0.154379 
1363.496354 0.254112 0.685110 
1363.551311 0.821119 0.106807 
1365.847916 0.454074 0.096148 
1366.055155 0.304091 0.222450 
1366.078185 0.012824 0.799076 
1366.115944 0.187366 0.967396 
1367.621929 0.893524 0.463955 
1367.684185 0.150479 0.793298 
1368.200387 0.236363 0.297298 
1368.287337 0.544128 0.145144 
1368.323765 0.089297 0.047241 
1368.739947 0.519977 0.231266 
1368.881811 0.101593 0.955119 
1368.974307 0.324459 0.851856 
1370.546635 0.464782 0.441426 
1371.222447 0.623237 0.016265 
1374.173396 0.171686 0.070915 
1374.323120 0.518999 0.146781 
1375.303570 0.839958 0.636257 
1375.712463 0.472029 0.783696 
1376.657491 0.794205 0.365422 
1376.678556 0.845473 0.601259 
1379.867587 0.280332 0.146653 
1380.380937 0.808050 0.870080 
1381.319169 0.853738 0.711498 
1381.645889 0.261819 0.153210 
1382.187718 0.481265 0.230085 
1382.237482 0.507894 0.239716 
1383.726430 0.797686 0.832530 
1385.385409 0.691066 0.222537 
1386.715599 0.229724 0.954462 
1389.653719 0.457190 0.646490 
1389.879962 0.751290 0.578915 
1390.629547 0.918455 0.821625 
1390.915671 0.420047 0.163236 
1392.300848 0.278153 0.962730 
1394.656869 0.201093 0.411721 
1395.910651 0.155922 0.199932 
1396.095908 0.796989 0.005251 
1397.431987 0.267101 0.223301 
1397.548841 0.419961 0.386428 
1397.753777 0.132235 0.747814 
1398.728796 0.240570 0.955708 
1399.484792 0.247581 0.626900 
1400.597527 0.823607 0.410650 
1402.117554 0.246240 0.841961 
1402.402961 0.520465 0.754886 
1402.569401 0.475444 0.194490 
1402.997419 0.522913 0.729434 
1403.692906 0.646935 0.685226 
1405.735363 0.053754 0.095752 
1406.016280 0.993887 0.833318 
1406.826717 0.007085 0.131562 
1407.247909 0.720140 0.656843 
1409.108259 0.767192 0.486845 
1409.807158 0.674405 0.510605 
1411.364088 0.401129 0.154252 
1411.780792 0.016582 0.031854 
1412.637521 0.472431 0.942707 
1414.462786 0.636073 0.851586 
1414.579026 0.794910 0.082261 
1416.652771 0.809805 0.705697 
1417.638945 0.570180 0.551142 
1418.829701 0.255261 0.033658 
1420.686748 0.970542 0.579632 
1423.072900 0.219281 0.518835 
1423.577115 0.166818 0.181121 
1424.748005 0.278336 0.590151 
1424.863331 0.187557 0.358592 
1425.038407 0.906512 0.277371 
1425.186626 0.063269 0.811574 
1425.651659 0.597140 0.492893 
1425.809788 0.998143 0.490003 
1426.815514 0.777018 0.272569 
1428.893539 0.402363 0.402402 
1432.097813 0.511390 0.268867 
1433.482327 0.978430 0.018506 
1433.869513 0.146701 0.258238 
1434.330223 0.289956 0.766942 
1434.423683 0.332607 0.425460 
1434.537745 0.315790 0.751392 
1435.426040 0.143674 0.970994 
1435.551347 0.461863 0.821743 
1440.023137 0.493967 0.061356 
1440.148973 0.830478 0.371227 
1440.627173 0.406643 0.568837 
1443.325023 0.554409 0.510969 
1443.602914 0.936682 0.349280 
1445.018872 0.425121 0.151874 
1445.659276 0.394824 0.556648 
1448.867105 0.522530 0.848545 
1449.719814 0.734700 0.336470 
1453.481084 0.169479 0.144008 
1454.877498 0.119175 0.552604 
1456.041588 0.138927 0.362415 
1456.637341 0.145224 0.850028 
1456.637515 0.753597 0.548952 
1458.302820 0.145823 0.837254 
1458.539138 0.171399 0.434617 
1459.126234 0.955126 0.689043 
1459.206926 0.725835 0.852161 
1460.861829 0.697289 0.538844 
1462.021506 0.183922 0.224104 
1462.832007 0.684232 0.296308 
1463.495183 0.627865 0.768394 
1463.868179 0.550757 0.116322 
1466.864781 0.878205 0.030013 
1467.647477 0.765840 0.701271 
1467.954344 0.566376 0.041439 
1468.156094 0.633140 0.000620 
1468.632244 0.608562 0.283131 
1468.635953 0.155396 0.312424 
1469.063841 0.370114 0.146008 
1469.913873 0.037517 0.508271 
1470.194758 0.469812 0.560146 
1471.884001 0.025328 0.148895 
1472.061485 0.700895 0.928607 
1472.885824 0.763122 0.853002 
1476.049351 0.278232 0.896953 
1476.657144 0.748330 0.822887 
1478.558764 0.563150 0.392225 
1479.301943 0.831262 0.555093 
1479.491903 0.545766 0.785792 
1479.700132 0.175506 0.308890 
1479.873937 0.143759 0.477358 
1479.880460 0.608150 0.419342 
1481.516548 0.441319 0.013539 
1484.773088 0.195262 0.173925 
1484.946105 0.954571 0.220658 
1485.817924 0.301043 0.378959 
1487.273803 0.571956 0.423624 
1487.936020 0.572931 0.729014 
1488.544739 0.049672 0.151108 
1490.675345 0.876867 0.971286 
1491.171785 0.911729 0.944019 
1491.179902 0.466912 0.354358 
1491.296620 0.369653 0.323121 
1492.736976 0.941984 0.688188 
1494.312546 0.430224 0.683117 
1495.767521 0.775191 0.986405 
1496.130353 0.326292 0.428579 
1496.378386 0.664491 0.444949 
1496.385802 0.868782 0.189473 
1500.098827 0.255754 0.145155 
1502.437325 0.327741 0.756414 
1504.364924 0.062725 0.551685 
1504.533301 0.106977 0.292391 
1506.763618 0.759300 0.220518 
1506.988889 0.722344 0.599868 
1507.646283 0.407476 0.090775 
1510.133068 0.123649 0.031795 
1511.470497 0.557650 0.560720 
1512.453755 0.627799 0.642775 
1513.878164 0.617110 0.372833 
1514.749166 0.970542 0.707982 
1515.216018 0.565884 0.002719 
1515.420711 0.031206 0.286985 
1516.236971 0.161689 0.657318 
1516.933421 0.410722 0.268892 
1519.832151 0.888769 0.968763 
1519.893078 0.406931 0.179521 
1520.550793 0.636921 0.235269 
1521.003582 0.733183 0.861852 
1521.051585 0.222116 0.347681 
1523.314027 0.743581 0.108392 
1524.598782 0.141650 0.870691 
1526.022863 0.950970 0.591175 
1526.058131 0.199096 0.662639 
1526.116473 0.049219 0.987511 
1526.120351 0.453102 0.427010 
1526.630431 0.060299 0.126772 
1527.419028 0.333509 0.345946 
1527.773912 0.155064 0.175710 
1528.443794 0.482173 0.887523 
1528.462861 0.601922 0.349386 
1533.139737 0.424039 0.753052 
1533.561060 0.455057 0.596405 
1536.511212 0.229800 0.900439 
1536.980741 0.161312 0.484282 
1537.632396 0.535001 0.772534 
1539.281493 0.990063 0.374529 
1539.769686 0.512982 0.725818 
1540.476062 0.361498 0.157703 
1541.677054 0.468056 0.001481 
1544.274141 0.060816 0.533416 
1544.639605 0.170454 0.286021 
1544.834042 0.075175 0.455450 
1545.334730 0.977775 0.384921 
1545.423785 0.954326 0.527389 
1552.712038 0.355383 0.261258 
1552.865083 0.045744 0.784673 
1555.887526 0.626375 0.796959 
1556.034802 0.467451 0.524635 
1556.738451 0.840579 0.554711 
1556.881149 0.146234 0.725195 
1557.726996 0.175152 0.207595 
1560.446954 0.705709 0.105979 
1560.621179 0.069000 0.193970 
1563.464885 0.949163 0.140370 
1565.702807 0.701694 0.208992 
1566.447667 0.493897 0.541597 
1567.482105 0.657875 0.930442 
1568.137369 0.929042 0.299861 
1570.166632 0.333171 0.518656 
1571.193687 0.096654 0.899845 
1571.815538 0.426120 0.267775 
1571.942301 0.521631 0.826351 
1572.523641 0.543153 0.676970 
1573.668376 0.159947 0.834061 
1574.837638 0.902081 0.603242 
1577.949262 0.617143 0.168597 
1578.100450 0.667450 0.553635 
1579.187800 0.358773 0.827406 
1579.872271 0.849528 0.288372 
1580.274753 0.585164 0.886806 
1580.589121 0.673640 0.593784 
1581.275646 0.699862 0.265265 
1583.545363 0.396318 0.404054 
1583.621025 0.824516 0.378763 
1584.281740 0.343437 0.229816 
1585.232448 0.858813 0.601796 
1585.253589 0.906569 0.435760 
1585.479751 0.329019 0.004713 
1585.767633 0.576130 0.985725 
1586.912100 0.201626 0.295198 
1587.171227 0.604730 0.237788 
1588.235755 0.104790 0.785691 
1588.794275 0.243063 0.916269 
1589.298142 0.005437 0.600189 
1590.154983 0.518053 0.098723 
1590.438437 0.309044 0.977714 
1590.587878 0.459648 0.550141 
1591.809410 0.056414 0.966063 
1593.124135 0.740103 0.862586 
1593.261201 0.884849 0.390937 
1593.655971 0.589853 0.763379 
1593.726949 0.357860 0.350817 
1594.681474 0.237891 0.071575 
1594.802621 0.368418 0.662479 
1595.421265 0.593621 0.448242 
1596.381142 0.371986 0.222993 
1598.339995 0.516099 0.318957 
1598.340682 0.667596 0.881309 
1599.045788 0.852369 0.184937 
1601.047823 0.871849 0.139871 
1601.264472 0.217765 0.140133 
1603.198846 0.034345 0.078719 
1603.678879 0.199501 0.021097 
1603.740554 0.785990 0.562841 
1606.448633 0.518226 0.045281 
1606.969969 0.375726 0.306268 
1607.655946 0.639841 0.843504 
1610.859174 0.636894 0.564642 
1610.961207 0.725915 0.854614 
1613.052856 0.897885 0.186553 
1614.009341 0.932713 0.937196 
1614.636650 0.029433 0.109144 
1615.690279 0.575930 0.567174 
1617.738722 0.792505 0.974255 
1619.295809 0.238371 0.352273 
1621.072231 0.622873 0.271585 
1622.840700 0.474368 0.755832 
1624.791783 0.537549 0.831332 
1626.818157 0.458289 0.729425 
1629.178567 0.991216 0.806391 
1630.059038 0.276739 0.955834 
1631.089788 0.796133 0.801845 
1631.543106 0.242837 0.422769 
1632.362488 0.173273 0.656271 
1633.016051 0.084994 0.803737 
1633.392675 0.749394 0.472443 
1633.679611 0.996199 0.458567 
1633.759754 0.879400 0.031368 
1633.777496 0.476752 0.975735 
1635.219305 0.920056 0.375956 
1639.217520 0.365007 0.881930 
1639.806238 0.622294 0.880038 
1640.192600 0.996393 0.224839 
1643.217068 0.921604 0.906482 
1645.583300 0.480083 0.487818 
1646.036702 0.713501 0.208217 
1646.735059 0.632447 0.254748 
1647.252950 0.467447 0.746475 
1650.270369 0.388137 0.177211 
1650.726208 0.008646 0.631535 
1653.035647 0.730220 0.089813 
1653.058641 0.327234 0.021344 
1653.550139 0.253284 0.690927 
1654.594831 0.197800 0.069960 
1655.115710 0.099154 0.574912 
1655.238527 0.756141 0.141831 
1655.638767 0.613864 0.323672 
1656.916957 0.137003 0.363377 
1658.441516 0.694713 0.768274 
1658.966281 0.049323 0.392137 
1659.325278 0.388574 0.446949 
1659.564285 0.849107 0.555164 
1659.752354 0.846325 0.912008 
1662.807167 0.572765 0.822572 
1663.162656 0.799119 0.471574 
1664.089214 0.566612 0.414902 
1664.315536 0.561418 0.410819 
1664.486751 0.215906 0.462339 
1666.517655 0.498997 0.656392 
1667.319062 0.410877 0.170572 
1667.791509 0.020423 0.580759 
1669.057832 0.889514 0.746545 
1669.307779 0.941454 0.340226 
1669.377016 0.429818 0.379461 
1670.642581 0.276216 0.675988 
1672.096970 0.340985 0.587143 
1672.114969 0.953403 0.851585 
1675.190782 0.017295 0.440031 
1676.893206 0.246540 0.237510 
1677.108994 0.795270 0.800475 
1677.338507 0.239521 0.311703 
1678.670617 0.175243 0.545863 
1682.518235 0.367477 0.888016 
1684.079794 0.594209 0.299486 
1684.611072 0.784628 0.541444 
1684.927346 0.465248 0.637449 
1685.897405 0.411540 0.949025 
1686.695161 0.062910 0.160230 
1686.926224 0.803209 0.006073 
1687.447651 0.351874 0.809793 
1687.548275 0.473564 0.468871 
1687.952957 0.143007 0.416004 
1689.030389 0.908992 0.061649 
1689.144068 0.774192 0.377058 
1690.583426 0.189297 0.179655 
1690.882309 0.336963 0.827358 
1691.276712 0.177669 0.668649 
1691.990734 0.405536 0.139179 
1692.135480 0.695323 0.747059 
1692.310736 0.283761 0.707321 
1692.634008 0.237109 0.608187 
1693.558563 0.626307 0.610150 
1695.687773 0.949713 0.901264 
1696.003584 0.737865 0.430348 
1696.264158 0.481230 0.560226 
1696.562729 0.484569 0.037640 
1698.400307 0.269412 0.497105 
1698.473188 0.090507 0.392582 
1699.302303 0.018021 0.117310 
1702.373543 0.090818 0.588965 
1704.070769 0.247977 0.161654 
1704.554709 0.567137 0.052111 
1705.536458 0.777182 0.533879 
1705.917739 0.458067 0.109212 
1706.829919 0.593683 0.674375 
1707.459307 0.004832 0.326324 
1708.616010 0.187665 0.064311 
1708.882701 0.178667 0.816335 
1710.584597 0.173562 0.734995 
1712.205887 0.889108 0.440792 
1712.735788 0.454022 0.569358 
1713.184621 0.600152 0.281845 
1715.391043 0.720593 0.319634 
1715.650249 0.861277 0.452132 
1715.753067 0.304984 0.820025 
1716.040122 0.521774 0.363288 
1716.971020 0.451532 0.867545 
1719.670891 0.839503 0.755223 
1720.130742 0.348686 0.259050 
1720.427581 0.445262 0.523669 
1721.391645 0.341911 0.457421 
1724.149660 0.121257 0.782524 
1724.186243 0.638936 0.784893 
1724.278166 0.620158 0.153570 
1724.843878 0.820330 0.807782 
1725.624778 0.946149 0.349200 
1725.858831 0.154694 0.902203 
1726.474949 0.533251 0.394794 
1726.594602 0.919145 0.798825 
1727.598826 0.051318 0.291181 
1727.728051 0.548087 0.304329 
1728.020733 0.472142 0.769075 
1729.180933 0.385671 0.919550 
1729.639716 0.906007 0.933282 
1731.071992 0.626474 0.151879 
1731.252480 0.349007 0.344468 
1732.141174 0.177225 0.793714 
1732.188506 0.234965 0.619719 
1732.751072 0.308365 0.315325 
1736.344098 0.667609 0.009789 
1738.515308 0.042539 0.378443 
1741.076322 0.703771 0.987756 
1741.769206 0.188330 0.904105 
1742.887513 0.021856 0.685686 
1743.777040 0.889999 0.514812 
1743.888163 0.775271 0.093045 
1745.578891 0.451981 0.982937 
1749.456289 0.700982 0.763625 
1752.447496 0.110309 0.567353 
1752.566316 0.321760 0.567614 
1754.001439 0.743228 0.420633 
1754.447996 0.961795 0.076067 
1755.891612 0.780563 0.678994 
1756.431833 0.659927 0.995099 
1756.481833 0.952454 0.839660 
1756.515751 0.406953 0.078173 
1756.820143 0.853792 0.703859 
1756.862827 0.902701 0.895485 
1757.492569 0.933462 0.503577 
1757.720278 0.336171 0.017546 
1758.204540 0.133059 0.321443 
1758.741688 0.711285 0.851221 
1758.762243 0.316117 0.739743 
1760.840913 0.912182 0.590602 
1761.258474 0.339426 0.318392 
1762.732437 0.341593 0.356462 
1763.226625 0.000588 0.781273 
1763.828050 0.492067 0.516867 
1767.151282 0.999755 0.631075 
1767.628418 0.581521 0.914817 
1767.761031 0.986715 0.872329 
1767.955764 0.544235 0.033276 
1769.316199 0.897601 0.428227 
1769.391269 0.188655 0.050077 
1769.644339 0.287315 0.028775 
1770.185563 0.852668 0.746452 
1770.977039 0.027883 0.671400 
1773.258792 0.777967 0.049410 
1775.500341 0.066305 0.699452 
1776.263896 0.690268 0.756738 
1776.516493 0.368895 0.152086 
1776.778997 0.755156 0.088787 
1776.846413 0.556492 0.666295 
1778.377516 0.095911 0.335578 
1778.448865 0.641982 0.629142 
1778.542368 0.222583 0.432455 
1780.837102 0.005684 0.819893 
1781.825035 0.348279 0.212032 
1783.442464 0.408279 0.677200 
1784.993161 0.127318 0.080912 
1786.550076 0.487733 0.810475 
1787.174417 0.449240 0.414115 
1787.492733 0.014784 0.882048 
1788.429126 0.658048 0.409580 
1789.461853 0.217049 0.810912 
1791.561645 0.135483 0.261267 
1793.893243 0.348178 0.554635 
1793.894055 0.254124 0.611110 
1793.955355 0.454328 0.642704 
1794.199457 0.614533 0.812481 
1794.875348 0.225012 0.847982 
1796.359087 0.917222 0.087146 
1798.714381 0.658721 0.375342 
1798.909197 0.263523 0.953778 
1798.981425 0.316783 0.853482 
1802.268715 0.804975 0.814494 
1802.714656 0.335690 0.236049 
1804.201999 0.768385 0.138155 
1804.462577 0.972565 0.502311 
1806.074039 0.616447 0.740735 
1807.134746 0.168723 0.561329 
1807.232044 0.981864 0.181714 
1807.236420 0.613090 0.580522 
1809.356062 0.985370 0.100171 
1810.374644 0.291213 0.226743 
1811.993058 0.056588 0.626222 
1814.379974 0.269781 0.551593 
1814.604476 0.445250 0.546708 
1816.773130 0.555846 0.520322 
1817.912602 0.874155 0.416279 
1820.205263 0.648215 0.306134 
1820.312682 0.600691 0.052456 
1822.736184 0.809842 0.236893 
1823.288695 0.882811 0.389790 
1823.410924 0.558933 0.677570 
1823.411568 0.339770 0.195266 
1823.473213 0.668017 0.476739 
1823.723149 0.804333 0.536860 
1823.732430 0.617268 0.583380 
1825.260918 0.939315 0.621090 
1825.778774 0.366944 0.212731 
1826.294801 0.494730 0.549769 
1831.820421 0.851200 0.390893 
1832.195264 0.198602 0.790522 
1834.538553 0.121457 0.546860 
1836.085930 0.673111 0.848806 
1836.138783 0.528201 0.604341 
1836.830153 0.190897 0.993976 
1837.579387 0.831621 0.248294 
1838.522969 0.953355 0.217458 
1838.981071 0.897485 0.512923 
1839.072108 0.480172 0.393015 
1839.144583 0.393284 0.414306 
1841.075975 0.053543 0.801385 
1841.088400 0.600921 0.418545 
1841.912068 0.253056 0.564385 
1842.428542 0.177949 0.551044 
1843.111166 0.307164 0.272209 
1843.256866 0.335720 0.657035 
1843.508220 0.196341 0.300954 
1844.033121 0.062580 0.987039 
1845.158113 0.222926 0.354706 
1846.307050 0.662404 0.316901 
1846.771253 0.785536 0.991005 
1848.475036 0.466592 0.953210 
1848.918082 0.468869 0.217087 
1849.623871 0.570044 0.943925 
1850.508650 0.980185 0.754401 
1850.836539 0.811572 0.067645 
1851.054215 0.373297 0.012170 
1851.309732 0.190615 0.114439 
1852.299979 0.191717 0.449807 
1854.419609 0.116227 0.188510 
1855.355451 0.214438 0.336282 
1855.684339 0.289551 0.869567 
1857.038943 0.192287 0.748930 
1857.470230 0.600997 0.300955 
1857.558904 0.344370 0.847219 
1858.905933 0.576735 0.987352 
1859.227528 0.641000 0.138512 
1860.045437 0.994380 0.125041 
1860.104796 0.926775 0.809077 
1860.297100 0.507118 0.143023 
1861.735798 0.633070 0.836147 
1861.877834 0.967069 0.742412 
1864.481250 0.903305 0.426646 
1864.507396 0.030553 0.652471 
1864.951639 0.237061 0.887004 
1865.084155 0.460720 0.127202 
1866.322830 0.770027 0.186225 
1867.224712 0.662880 0.842431 
1867.535539 0.213601 0.558442 
1867.941446 0.401771 0.112523 
1867.950872 0.507584 0.620365 
1868.673513 0.795892 0.841656 
1869.141610 0.048229 0.822038 
1870.203789 0.274839 0.724954 
1871.755766 0.786554 0.406476 
1871.860972 0.869477 0.141766 
1873.410870 0.115365 0.537785 
1878.185666 0.354355 0.732737 
1878.514610 0.722120 0.311426 
1878.538298 0.251513 0.900141 
1878.965216 0.824832 0.225951 
1880.416182 0.960021 0.307406 
1880.693077 0.297870 0.233479 
1881.939975 0.215574 0.472212 
1882.207728 0.213042 0.382452 
1882.940130 0.976065 0.172087 
1883.667326 0.565996 0.033740 
1884.593050 0.854666 0.267017 
1885.315271 0.495068 0.013961 
1887.472312 0.373959 0.483903 
1887.780371 0.988826 0.760398 
1888.019814 0.286661 0.902174 
1888.381038 0.018607 0.947944 
1888.410618 0.049965 0.372419 
1892.014609 0.742368 0.274186 
1892.169922 0.854973 0.894418 
1896.444929 0.769937 0.449509 
1899.472598 0.808105 0.260164 
1900.724794 0.148785 0.999173 
1901.365750 0.795877 0.735805 
1901.673061 0.622931 0.134200 
1902.158258 0.867520 0.142528 
1902.456027 0.613172 0.828918 
1904.405327 0.169015 0.090815 
1905.062129 0.629644 0.153484 
1905.066784 0.325633 0.059451 
1906.487091 0.256355 0.855900 
1907.257180 0.372943 0.627254 
1907.713178 0.525928 0.641928 
1908.877735 0.433572 0.317914 
1911.748387 0.614411 0.176040 
1911.993192 0.846501 0.283485 
1913.200182 0.068186 0.031171 
1913.247330 0.687776 0.097032 
1915.140429 0.545258 0.231621 
1915.285418 0.955261 0.090256 
1915.536638 0.321340 0.887988 
1915.919017 0.591601 0.348092 
1916.196441 0.019534 0.964995 
1917.772315 0.255055 0.941662 
1918.413212 0.948986 0.588933 
1918.710304 0.778329 0.887867 
1919.711716 0.008012 0.796911 
1919.722619 0.836343 0.891024 
1920.806533 0.327840 0.920042 
1921.050779 0.697698 0.954398 
1921.628510 0.947043 0.714806 
1922.165472 0.046603 0.732158 
1922.396888 0.691088 0.760086 
1923.552373 0.021113 0.622089 
1927.595749 0.959028 0.692017 
1929.828515 0.859159 0.366005 
1931.891796 0.372003 0.507037 
1932.604893 0.321361 0.448695 
1933.240181 0.508429 0.540361 
1933.870943 0.735373 0.046392 
1934.367513 0.751579 0.224466 
1935.903470 0.560856 0.297929 
1936.772578 0.173199 0.144199 
1938.065893 0.550369 0.621100 
1940.159375 0.710251 0.297512 
1940.302622 0.482444 0.471550 
1942.974153 0.005521 0.453520 
1943.874017 0.295248 0.770905 
1947.153846 0.834080 0.164585 
1947.362025 0.439219 0.555262 
1947.941993 0.080164 0.396455 
1951.148047 0.148851 0.282507 
1952.260246 0.123495 0.348550 
1952.389498 0.606672 0.665711 
1952.932838 0.316614 0.310523 
1953.999924 0.716924 0.475771 
1954.597309 0.124882 0.503419 
1955.810262 0.376255 0.846308 
1959.955228 0.914256 0.851078 
1963.017449 0.603342 0.147737 
1966.643412 0.618051 0.678630 
1967.732860 0.616518 0.111897 
1968.871361 0.307671 0.856918 
1970.427696 0.535564 0.945554 
1970.629965 0.972521 0.932482 
1970.940728 0.191943 0.521039 
1972.109369 0.483637 0.210755 
1974.786706 0.978047 0.135787 
1974.998216 0.252529 0.675359 
1975.772903 0.497281 0.508795 
1977.741377 0.007825 0.633296 
1978.018076 0.082275 0.855299 
1981.157292 0.343473 0.245413 
1981.560217 0.861831 0.806713 
1981.965934 0.613511 0.182850 
1982.415615 0.099697 0.834107 
1984.707622 0.152547 0.443682 
1985.853219 0.040817 0.691041 
1986.926331 0.068323 0.674332 
1987.922070 0.950318 0.947329 
1988.822939 0.636280 0.765165 
1988.984812 0.022611 0.291154 
1989.153816 0.305525 0.370073 
1989.228537 0.026697 0.742489 
1990.512626 0.823373 0.164834 
1992.225415 0.559198 0.051802 
1993.153604 0.038067 0.555444 
1993.416755 0.403469 0.173062 
1994.013802 0.747913 0.185400 
1994.268048 0.681543 0.972843 
1997.564987 0.403274 0.610681 
1997.930831 0.176347 0.745928 
1998.021479 0.561662 0.613968 
1998.117277 0.904957 0.246857 
1998.685282 0.787653 0.391517 
1998.780899 0.909968 0.214719 
2000.902852 0.889261 0.881956 
2001.511710 0.614530 0.376485 
2002.582289 0.948866 0.446014 
2003.236784 0.080693 0.060523 
2005.247660 0.582467 0.591517 
2005.517948 0.959644 0.973876 
2005.660412 0.337848 0.566034 
2005.774696 0.036754 0.608062 
2008.709213 0.695590 0.459120 
2009.977107 0.598658 0.640904 
2010.618524 0.780833 0.477596 
2010.682679 0.612902 0.338525 
2010.756735 0.836937 0.073067 
2011.136483 0.260446 0.689580 
2011.235350 0.967478 0.910338 
2011.465351 0.157309 0.676128 
2011.549800 0.258887 0.855938 
2012.189732 0.674739 0.797219 
2012.314811 0.937914 0.861915 
2012.532080 0.342902 0.478372 
2014.247908 0.824861 0.981230 
2014.255427 0.136435 0.675252 
2015.280063 0.556337 0.580968 
2016.445377 0.139886 0.591773 
2018.791836 0.866123 0.512530 
2018.853208 0.776252 0.885848 
2019.262986 0.332480 0.320438 
2022.535535 0.970158 0.318269 
2024.252599 0.827110 0.149295 
2025.033522 0.851658 0.311926 
2025.539926 0.866154 0.977790 
2026.703960 0.855069 0.822019 
2028.068268 0.044528 0.592690 
2028.324399 0.617034 0.608744 
2028.515739 0.835938 0.504463 
2030.350194 0.582440 0.276809 
2030.974250 0.164001 0.332120 
2031.859031 0.018672 0.036441 
2033.997147 0.483991 0.835198 
2034.442576 0.024130 0.228459 
2034.539869 0.402836 0.344942 
2035.132502 0.843538 0.922288 
2035.564287 0.708187 0.587623 
2035.589297 0.216647 0.409045 
2035.677059 0.355844 0.320544 
2036.654604 0.068660 0.006522 
2036.943500 0.023010 0.607349 
2037.802806 0.669058 0.857442 
2037.953175 0.876714 0.857538 
2039.719318 0.470957 0.372760 
2040.172550 0.152601 0.266588 
2040.241734 0.187617 0.378163 
2042.304014 0.879118 0.615322 
2044.597323 0.818410 0.381280 
2047.636053 0.828774 0.545098 
2048.063621 0.314580 0.145819 
