0.000000 0.078985 0.511034 
0.106238 0.642247 0.260836 
0.230945 0.758665 0.445799 
0.387583 0.136586 0.729998 
0.619135 0.272386 0.448951 
1.584990 0.162788 0.513423 
1.755127 0.546847 0.253482 
1.843620 0.042497 0.484691 
3.687137 0.863724 0.489469 
6.133312 0.973929 0.076783 
6.310803 0.119858 0.011922 
7.312862 0.740406 0.471999 
7.607444 0.070285 0.707957 
7.699802 0.718819 0.196761 
7.768462 0.017528 0.126016 
10.469047 0.894251 0.146867 
12.253688 0.494385 0.226840 
15.583636 0.748426 0.195035 
15.642476 0.065645 0.579402 
16.444368 0.284911 0.281882 
16.759028 0.338274 0.540708 
16.787886 0.416513 0.627409 
19.299570 0.289274 0.508430 
19.362211 0.448381 0.730801 
20.113465 0.102641 0.681443 
20.254751 0.467560 0.079471 
21.234500 0.121843 0.957287 
22.802037 0.561084 0.299721 
22.802766 0.370021 0.502490 
22.893677 0.889495 0.560750 
28.862983 0.870545 0.481671 
29.979935 0.048971 0.543544 
31.300147 0.381230 0.233896 
32.348696 0.842173 0.373570 
33.110892 0.209946 0.166602 
33.922563 0.729672 0.284342 
34.839530 0.083680 0.577446 
35.725108 0.286397 0.108016 
37.370800 0.136281 0.090550 
37.924387 0.769966 0.902005 
39.611420 0.693568 0.945362 
39.759163 0.570068 0.391416 
39.795955 0.112128 0.092990 
40.984801 0.651754 0.598098 
42.672920 0.364703 0.041294 
43.008740 0.330030 0.737589 
43.520695 0.883537 0.614126 
44.099694 0.372956 0.994192 
44.424791 0.705150 0.633134 
45.344316 0.074104 0.497895 
45.536961 0.830392 0.312855 
47.153338 0.678167 0.525042 
47.368788 0.436595 0.540892 
47.651319 0.520414 0.969983 
50.030336 0.259511 0.779375 
50.265309 0.376504 0.996844 
51.084125 0.382995 0.250638 
51.921593 0.255299 0.264345 
52.450531 0.656031 0.733587 
56.123227 0.737990 0.360180 
57.707413 0.204728 0.358781 
58.658068 0.866506 0.353747 
58.969468 0.521941 0.894486 
59.628250 0.601204 0.268856 
60.630822 0.702491 0.298186 
61.777301 0.664803 0.865890 
61.859777 0.856244 0.248531 
63.132302 0.689719 0.342216 
65.289115 0.564293 0.942124 
65.801044 0.470525 0.391992 
66.136019 0.761513 0.116191 
66.789420 0.956071 0.376597 
67.539608 0.690204 0.783511 
69.409462 0.156151 0.295874 
70.176974 0.633958 0.484659 
70.570544 0.958160 0.575365 
71.046327 0.842511 0.993853 
71.477146 0.001820 0.838896 
71.579620 0.023145 0.176932 
76.088099 0.327089 0.974810 
76.427506 0.670092 0.052745 
77.849832 0.052618 0.694554 
80.546766 0.818630 0.221197 
84.888781 0.073616 0.618200 
85.003740 0.260607 0.490147 
86.023353 0.377584 0.755395 
86.399010 0.593988 0.801713 
87.597711 0.818360 0.169500 
87.717543 0.968446 0.643440 
88.310998 0.091482 0.510902 
89.050776 0.977454 0.514277 
89.738333 0.414367 0.361198 
90.750627 0.032553 0.289207 
90.849487 0.264698 0.374751 
92.446988 0.067490 0.826940 
92.488864 0.870371 0.018325 
93.333581 0.024453 0.112980 
93.461218 0.771993 0.951300 
94.062575 0.077891 0.858034 
94.175043 0.909072 0.313783 
94.745393 0.646231 0.476030 
95.242062 0.320793 0.496550 
96.306537 0.518192 0.362368 
96.656330 0.525403 0.270015 
96.764914 0.041003 0.804007 
97.458284 0.451824 0.116509 
97.672056 0.833542 0.132365 
99.021985 0.536828 0.857283 
99.441419 0.510225 0.720130 
100.683532 0.975769 0.465833 
100.756386 0.009245 0.697639 
102.460866 0.358621 0.088064 
105.162295 0.203783 0.632986 
108.232257 0.885725 0.379272 
109.725222 0.064321 0.139330 
110.507234 0.604382 0.819815 
110.662623 0.709619 0.248047 
112.201076 0.722770 0.243375 
112.469787 0.329846 0.875112 
112.537748 0.627099 0.852999 
112.634759 0.839729 0.128063 
115.797040 0.983839 0.412954 
116.209872 0.449365 0.800943 
116.751732 0.465732 0.884912 
117.248783 0.656926 0.031657 
117.277384 0.591295 0.700198 
117.928892 0.413388 0.530112 
118.058951 0.860643 0.460408 
119.899161 0.980309 0.815432 
120.014474 0.180020 0.514843 
120.636439 0.930394 0.540483 
122.038279 0.632091 0.961064 
122.282564 0.205019 0.097504 
123.222766 0.052640 0.201235 
123.567064 0.801435 0.966581 
124.152897 0.363517 0.390014 
124.507106 0.881541 0.746523 
126.094842 0.587491 0.010106 
127.988955 0.907263 0.905527 
128.104409 0.910526 0.661550 
129.371380 0.808271 0.769885 
129.410517 0.043033 0.993935 
130.039844 0.227669 0.222183 
130.439689 0.767163 0.521953 
132.221327 0.269348 0.709619 
133.773556 0.576101 0.156041 
134.039198 0.702234 0.792576 
136.345814 0.749538 0.195328 
136.514706 0.902647 0.466796 
137.181432 0.204152 0.331571 
138.751031 0.357552 0.601452 
139.152785 0.101536 0.883621 
139.468001 0.078138 0.783349 
139.718028 0.655758 0.812983 
139.863506 0.201618 0.643709 
140.600701 0.191407 0.737956 
140.781108 0.215056 0.100605 
142.081189 0.661450 0.297049 
144.161397 0.158112 0.065073 
144.528483 0.861055 0.090593 
146.683238 0.681745 0.189864 
148.577388 0.691023 0.771697 
151.877442 0.972830 0.205881 
152.119467 0.456078 0.622551 
162.281458 0.385274 0.836938 
165.975795 0.963971 0.496622 
166.289649 0.324340 0.256906 
166.847760 0.409103 0.240784 
166.962722 0.122073 0.307780 
167.173907 0.908981 0.174129 
168.104120 0.614526 0.317722 
168.171961 0.284346 0.229391 
168.278934 0.151265 0.012702 
168.283349 0.948247 0.664139 
168.441571 0.109096 0.112050 
168.547916 0.294952 0.558894 
168.739839 0.227638 0.646374 
169.979074 0.771875 0.831921 
171.126058 0.457817 0.732944 
171.344180 0.402286 0.125772 
171.831339 0.466388 0.485605 
172.636374 0.466048 0.386423 
173.763973 0.315000 0.650471 
173.962074 0.194150 0.096275 
174.943217 0.271158 0.563952 
179.154528 0.275841 0.722258 
179.979513 0.378129 0.001754 
180.191713 0.988209 0.346481 
180.841080 0.843024 0.512084 
181.114155 0.895514 0.364517 
181.396576 0.829940 0.757019 
182.109812 0.003157 0.236778 
185.392640 0.403203 0.207385 
185.973525 0.019164 0.022265 
187.799182 0.661275 0.250274 
187.821138 0.050204 0.931919 
188.356803 0.665549 0.291686 
191.083226 0.670342 0.473619 
191.301706 0.088968 0.723355 
192.070936 0.270286 0.332106 
193.526447 0.077038 0.235009 
193.627465 0.571486 0.322453 
193.765459 0.290680 0.223015 
194.160250 0.536995 0.646740 
197.058013 0.500587 0.364607 
197.701885 0.887955 0.348691 
197.724735 0.433368 0.332862 
199.008028 0.852950 0.140694 
199.323349 0.306065 0.011662 
202.654628 0.546366 0.671601 
202.789737 0.761052 0.571799 
204.594347 0.012870 0.981456 
205.253037 0.779466 0.527747 
207.045102 0.174959 0.361685 
207.172089 0.708324 0.921592 
208.294997 0.120527 0.588208 
209.101700 0.180249 0.826582 
209.247756 0.953879 0.966441 
209.678652 0.406202 0.069762 
210.634662 0.477741 0.029042 
210.694673 0.437345 0.607621 
211.537765 0.623367 0.181532 
215.861018 0.610754 0.172264 
216.437886 0.214365 0.276416 
216.753536 0.905805 0.392914 
218.038777 0.056173 0.804166 
220.530917 0.494453 0.270977 
223.204181 0.762172 0.770411 
223.851073 0.635714 0.960270 
228.226691 0.264954 0.303509 
228.870782 0.519608 0.259669 
229.327175 0.389323 0.540997 
230.142012 0.565331 0.858895 
231.410446 0.400575 0.677045 
233.602032 0.145703 0.662924 
234.131117 0.627363 0.352691 
236.517828 0.209086 0.501116 
236.925571 0.222376 0.933083 
236.938163 0.401475 0.830898 
238.752287 0.297384 0.640533 
240.259399 0.503284 0.141968 
241.222590 0.359346 0.384055 
243.014201 0.690822 0.663243 
244.096052 0.385160 0.985804 
244.127986 0.559111 0.075721 
245.587836 0.744251 0.768912 
246.582966 0.881464 0.747777 
246.823914 0.653392 0.368768 
246.857998 0.362894 0.487908 
248.569029 0.319255 0.970475 
248.660799 0.248975 0.176755 
251.439561 0.274719 0.929683 
251.768170 0.454472 0.575998 
252.018886 0.106224 0.640126 
252.204457 0.608338 0.200765 
252.903618 0.579627 0.115181 
253.482912 0.270325 0.796531 
253.971077 0.400241 0.381901 
254.409773 0.365388 0.334820 
255.106080 0.106610 0.970940 
255.834873 0.105613 0.306846 
260.267657 0.072037 0.578812 
260.652767 0.144826 0.615257 
262.015552 0.181304 0.243928 
265.648468 0.352977 0.888233 
266.392911 0.859774 0.273559 
266.547294 0.266238 0.147061 
267.036739 0.096407 0.881601 
269.265628 0.845016 0.345810 
270.032399 0.965203 0.814037 
270.946175 0.136646 0.905728 
271.415534 0.375515 0.786551 
271.788615 0.135146 0.792672 
272.361881 0.176134 0.838043 
273.028004 0.615456 0.309964 
276.598845 0.546613 0.843712 
277.197228 0.053263 0.098725 
277.807565 0.687935 0.046394 
277.955612 0.630762 0.722622 
278.559209 0.861832 0.358860 
278.597653 0.509674 0.474244 
283.025115 0.195234 0.438965 
284.040807 0.977125 0.562400 
284.749339 0.908731 0.030006 
284.782912 0.929595 0.085403 
285.552282 0.506838 0.326675 
286.092764 0.342948 0.390388 
286.426525 0.786083 0.340820 
286.871797 0.908153 0.464449 
288.159915 0.419077 0.425503 
289.134378 0.810174 0.316411 
289.136030 0.483682 0.942871 
289.317875 0.164610 0.045230 
291.591340 0.870244 0.208624 
292.235993 0.473946 0.727407 
292.298429 0.994514 0.679473 
292.878982 0.010465 0.377366 
292.974591 0.956863 0.938878 
293.261552 0.199304 0.856119 
293.508742 0.608014 0.797260 
293.682821 0.905755 0.609009 
294.649666 0.562983 0.046463 
294.849359 0.577413 0.668497 
295.135148 0.358159 0.369975 
295.566188 0.831665 0.820306 
297.304700 0.124863 0.629469 
297.601253 0.979663 0.478426 
298.340912 0.757675 0.424827 
298.795882 0.726536 0.123072 
302.211069 0.163582 0.018814 
303.117655 0.250302 0.951528 
305.194020 0.829133 0.586692 
305.955144 0.788731 0.316240 
306.486412 0.347606 0.956673 
307.715991 0.457402 0.232805 
308.832618 0.490761 0.112787 
309.172055 0.398682 0.989343 
309.501430 0.424084 0.209386 
310.786563 0.384509 0.505842 
311.640562 0.897602 0.376463 
312.066079 0.548539 0.956193 
314.458638 0.554706 0.315181 
316.033496 0.741940 0.763795 
316.513927 0.511756 0.287661 
317.402506 0.201796 0.909838 
318.396760 0.109289 0.974534 
319.091820 0.894714 0.238752 
319.359900 0.898337 0.371118 
323.067113 0.622524 0.620139 
323.300653 0.351863 0.915812 
325.256393 0.180825 0.205264 
327.385424 0.081753 0.484160 
327.667290 0.542272 0.446606 
329.178670 0.054985 0.052331 
329.315657 0.773982 0.339492 
330.476207 0.850187 0.325016 
332.431974 0.956654 0.944738 
332.779551 0.755640 0.449245 
333.453635 0.076207 0.386803 
334.588366 0.620615 0.151084 
334.984804 0.418875 0.045524 
335.149745 0.147111 0.494237 
335.842805 0.661505 0.072951 
335.900538 0.611188 0.916171 
336.311459 0.344852 0.102809 
337.985930 0.979640 0.492079 
338.325360 0.946075 0.009320 
338.468786 0.027191 0.428317 
338.693187 0.201556 0.395206 
339.193338 0.217486 0.461790 
341.245425 0.461163 0.079848 
341.621724 0.883183 0.494647 
342.399404 0.231435 0.036452 
345.262359 0.492416 0.153351 
345.689680 0.096400 0.681390 
346.658414 0.229727 0.094353 
349.959160 0.819485 0.312575 
351.320517 0.424958 0.249007 
352.831981 0.562596 0.752352 
355.067374 0.219349 0.051304 
356.265702 0.093930 0.201203 
356.513473 0.617479 0.037611 
356.607201 0.833147 0.947691 
357.538779 0.911220 0.636278 
358.994067 0.395942 0.902636 
360.023910 0.453939 0.806042 
360.458436 0.472410 0.695496 
361.186267 0.927191 0.034849 
361.595130 0.961117 0.039300 
363.466937 0.853052 0.025704 
365.885337 0.010523 0.643082 
367.203627 0.822815 0.935648 
368.670703 0.329536 0.546610 
368.757544 0.589322 0.056967 
368.856610 0.360604 0.473098 
371.928026 0.602178 0.757287 
372.788994 0.455209 0.152623 
375.267546 0.882137 0.961937 
376.913588 0.531602 0.084247 
380.807083 0.709728 0.967023 
381.004097 0.140263 0.904781 
381.808537 0.722152 0.314428 
383.226200 0.618701 0.935354 
383.816303 0.875603 0.454225 
384.278579 0.050918 0.667427 
388.688356 0.774534 0.287997 
390.469253 0.387852 0.279346 
390.739824 0.679558 0.368288 
391.203660 0.902775 0.125428 
391.675646 0.326286 0.984261 
393.407499 0.892051 0.184630 
393.606098 0.368166 0.317185 
394.802705 0.633871 0.062667 
396.142997 0.294378 0.674229 
397.980882 0.988567 0.850244 
401.826175 0.312707 0.331270 
402.574887 0.449559 0.610995 
403.672731 0.559885 0.633531 
404.609754 0.311963 0.447353 
406.340683 0.012051 0.481145 
406.439774 0.089582 0.096089 
409.634801 0.894065 0.359593 
409.673396 0.265614 0.523342 
411.776813 0.789758 0.069312 
412.008488 0.855604 0.416613 
413.267660 0.829052 0.900414 
414.090893 0.082770 0.769649 
416.270965 0.028341 0.613556 
417.739195 0.996358 0.312390 
417.752817 0.089285 0.947120 
420.699604 0.851046 0.599717 
421.187146 0.681022 0.709619 
421.274344 0.236888 0.665748 
422.113457 0.849687 0.042119 
423.287885 0.880234 0.380139 
423.543346 0.155010 0.930792 
425.184700 0.313276 0.474737 
426.836623 0.903199 0.466522 
426.839456 0.530146 0.353523 
426.984461 0.145041 0.494105 
427.063930 0.966429 0.865056 
427.112154 0.201440 0.078950 
433.030388 0.417564 0.927117 
433.129314 0.734041 0.628610 
434.563142 0.306634 0.051348 
434.717349 0.386900 0.550411 
435.475832 0.729660 0.968098 
437.821208 0.066805 0.949361 
439.302352 0.252364 0.003063 
440.061225 0.643262 0.986279 
440.674742 0.588085 0.259218 
441.390747 0.277941 0.102185 
443.629020 0.803542 0.733508 
443.667615 0.217122 0.432453 
443.962252 0.193070 0.051372 
444.995163 0.705551 0.794894 
445.173342 0.236008 0.184516 
445.977032 0.601596 0.593951 
447.136236 0.743805 0.064720 
449.179757 0.500984 0.240209 
450.115333 0.869526 0.832291 
451.801638 0.646169 0.592426 
452.772132 0.757284 0.302415 
452.818757 0.561197 0.924050 
454.421141 0.102100 0.534496 
455.170497 0.256666 0.664955 
457.248979 0.091352 0.540837 
457.607497 0.413396 0.927185 
457.854896 0.680776 0.067263 
457.977576 0.269904 0.010102 
460.037985 0.229025 0.110103 
460.588369 0.693502 0.129454 
461.344004 0.271757 0.354024 
461.917192 0.002709 0.684780 
462.259092 0.360276 0.839552 
462.299186 0.377181 0.828770 
463.016321 0.655287 0.747413 
463.442449 0.800485 0.378859 
464.640602 0.809251 0.399214 
465.489410 0.427262 0.727657 
465.990903 0.682962 0.507097 
467.180272 0.219338 0.652708 
467.314988 0.493913 0.657333 
468.425996 0.261881 0.560940 
468.689725 0.868056 0.875338 
470.664575 0.182214 0.967939 
470.800229 0.979699 0.797680 
472.094124 0.822252 0.648355 
475.880196 0.950472 0.240344 
476.175362 0.152444 0.720015 
476.389333 0.872326 0.645561 
477.225574 0.410588 0.460172 
477.757602 0.393158 0.856212 
478.182054 0.244043 0.261360 
478.362397 0.098202 0.655065 
478.690551 0.273479 0.844697 
479.442192 0.188660 0.762818 
481.488625 0.096263 0.500110 
485.381656 0.726083 0.492063 
485.480040 0.349805 0.386308 
486.695850 0.929952 0.279965 
487.649972 0.923536 0.299739 
487.906058 0.389028 0.206342 
489.606730 0.950679 0.638872 
489.980333 0.760396 0.398741 
490.912134 0.415328 0.641500 
491.457321 0.845770 0.795663 
491.968510 0.871762 0.009814 
492.039077 0.503995 0.548734 
492.818856 0.677185 0.015234 
493.799705 0.541652 0.416117 
494.143310 0.845500 0.921671 
494.614341 0.804913 0.967930 
496.145393 0.138559 0.842713 
496.214947 0.553249 0.626813 
496.395986 0.008684 0.499781 
497.072212 0.897304 0.772414 
497.347577 0.813652 0.054435 
497.922136 0.437655 0.132859 
498.975230 0.209718 0.081565 
500.181094 0.727186 0.439005 
500.769339 0.583340 0.450075 
502.703120 0.142353 0.728050 
505.850556 0.384946 0.704793 
507.021771 0.463106 0.434504 
507.204621 0.345797 0.308803 
507.294520 0.189865 0.206768 
507.386719 0.175051 0.037445 
508.103899 0.519016 0.490068 
508.737844 0.101946 0.940173 
510.503688 0.948892 0.267868 
511.057606 0.649657 0.812586 
511.221811 0.333036 0.765302 
512.136563 0.761678 0.690899 
512.202414 0.895264 0.856690 
512.636836 0.444739 0.096991 
517.471960 0.559769 0.478832 
517.486373 0.534215 0.951004 
520.030633 0.777009 0.552368 
520.506838 0.811993 0.233638 
521.208681 0.506275 0.790566 
521.220729 0.921984 0.355243 
521.438148 0.561461 0.556710 
522.822589 0.077216 0.016269 
523.119910 0.630284 0.407168 
524.253800 0.579499 0.894518 
525.256843 0.250380 0.898164 
525.655106 0.992715 0.757520 
526.223541 0.128406 0.766293 
526.822288 0.845280 0.251383 
527.737872 0.085998 0.569234 
527.829205 0.125584 0.994432 
528.892327 0.128559 0.169058 
530.128283 0.371378 0.135409 
531.706324 0.316787 0.740218 
532.196165 0.350137 0.559763 
532.359003 0.593255 0.925844 
532.456491 0.004706 0.170398 
532.623565 0.634860 0.630964 
532.703687 0.442248 0.190270 
533.096001 0.227652 0.956101 
534.619507 0.022088 0.799950 
535.222341 0.848708 0.533461 
535.500458 0.352513 0.562048 
535.787383 0.300559 0.241860 
536.071273 0.614703 0.591846 
536.190522 0.691352 0.932334 
536.498201 0.854871 0.158706 
536.967067 0.299778 0.353642 
537.305359 0.470262 0.180190 
538.734886 0.764371 0.680627 
539.266461 0.333480 0.645321 
543.069636 0.996137 0.130415 
544.863663 0.941529 0.109858 
545.207781 0.819315 0.631978 
545.919535 0.268322 0.849746 
546.177213 0.669278 0.917283 
546.812044 0.890109 0.674373 
549.923178 0.429472 0.555349 
549.952122 0.280938 0.067535 
555.006039 0.752817 0.249307 
556.042765 0.237925 0.321059 
557.385642 0.369803 0.200718 
557.925637 0.720743 0.109014 
559.473567 0.898355 0.024120 
559.731555 0.761307 0.066024 
560.881978 0.807133 0.558260 
560.907694 0.120551 0.660475 
561.668445 0.844978 0.159712 
561.873171 0.046873 0.185115 
562.392278 0.525822 0.093699 
563.856760 0.001642 0.876939 
564.556027 0.410911 0.618635 
564.933309 0.615356 0.999225 
566.232269 0.564640 0.028059 
568.501378 0.292490 0.972827 
568.679882 0.199019 0.667401 
569.948730 0.297665 0.117090 
570.469202 0.395356 0.089904 
570.722410 0.494689 0.798023 
571.840886 0.195076 0.160666 
573.177563 0.231385 0.172599 
574.197296 0.545913 0.368554 
576.681627 0.066469 0.008471 
577.750129 0.589568 0.953617 
578.195477 0.197192 0.968864 
578.251745 0.238670 0.884160 
581.484606 0.352295 0.730565 
583.654931 0.021283 0.675003 
584.056318 0.869651 0.601463 
584.098194 0.733669 0.024999 
584.271725 0.821874 0.764380 
586.006511 0.159407 0.105062 
588.129117 0.334140 0.262429 
588.978429 0.806448 0.449005 
589.486297 0.166933 0.567243 
590.064803 0.890995 0.806173 
591.376818 0.203977 0.751369 
591.474674 0.183698 0.019444 
592.288791 0.022728 0.820209 
594.668499 0.296277 0.020354 
594.805973 0.496552 0.589436 
595.125328 0.338695 0.353520 
595.342796 0.835833 0.987094 
595.627684 0.578107 0.791686 
595.745586 0.202015 0.449758 
596.004106 0.113255 0.694597 
596.797923 0.011221 0.643044 
599.115352 0.370292 0.447026 
600.219070 0.925025 0.436884 
602.893632 0.032842 0.014843 
603.683503 0.442121 0.153082 
605.481529 0.297581 0.230201 
605.614702 0.078079 0.786374 
606.036062 0.243861 0.641607 
606.798813 0.645812 0.283985 
607.159681 0.060993 0.097552 
609.978219 0.343007 0.403239 
610.667334 0.387977 0.018100 
610.803037 0.976246 0.519179 
610.962955 0.784789 0.690338 
611.732797 0.006150 0.038561 
611.817012 0.874937 0.143562 
612.369757 0.592858 0.828336 
613.230866 0.137860 0.772467 
615.460181 0.805725 0.691774 
618.091244 0.158046 0.869400 
618.206694 0.075940 0.400265 
619.558811 0.587502 0.225375 
619.990382 0.975764 0.115818 
620.113333 0.598103 0.196502 
622.359815 0.985156 0.686947 
622.946643 0.659363 0.787034 
623.215551 0.778240 0.309709 
624.495503 0.912094 0.706121 
627.821215 0.480212 0.162909 
633.372042 0.508126 0.151246 
633.706393 0.825556 0.560398 
634.921986 0.548318 0.924222 
635.531916 0.973951 0.004065 
639.718524 0.803531 0.445602 
639.860727 0.775450 0.444606 
640.178224 0.061479 0.790108 
640.679475 0.665425 0.343412 
640.796692 0.312277 0.392218 
641.381792 0.714543 0.445582 
641.514039 0.042846 0.082031 
641.800431 0.405913 0.165439 
642.660994 0.868558 0.206555 
643.275068 0.034702 0.930283 
643.475899 0.871242 0.001846 
645.406320 0.882762 0.300974 
645.499801 0.823374 0.267087 
647.715775 0.925963 0.841648 
648.036070 0.936307 0.623236 
648.660696 0.029137 0.265243 
650.047000 0.252551 0.236508 
650.808662 0.571086 0.212914 
652.034411 0.131681 0.530540 
652.121760 0.634147 0.532148 
652.612271 0.521851 0.567056 
652.737631 0.133576 0.003056 
653.996426 0.513041 0.705918 
654.168878 0.678686 0.233586 
654.618978 0.721962 0.670610 
654.764274 0.647397 0.085425 
654.816129 0.210147 0.807809 
657.748916 0.328724 0.814146 
658.933203 0.619516 0.664026 
659.340313 0.726951 0.355074 
659.728492 0.408872 0.032786 
659.884555 0.399984 0.304088 
660.133397 0.070410 0.328531 
661.243866 0.207370 0.518030 
664.216608 0.188567 0.771479 
665.009959 0.328149 0.093684 
665.233002 0.921721 0.952925 
667.693840 0.619984 0.113554 
668.130034 0.732036 0.178233 
668.884730 0.779028 0.612180 
669.514453 0.205798 0.181705 
669.663107 0.950744 0.872205 
671.069129 0.339121 0.869229 
671.854542 0.952697 0.072017 
671.966902 0.218716 0.206419 
674.984179 0.895564 0.305651 
675.092638 0.344991 0.116869 
675.739545 0.644389 0.496624 
676.448848 0.860589 0.971663 
677.415102 0.215602 0.133645 
678.746793 0.833124 0.005790 
679.332734 0.900750 0.059051 
679.358382 0.439419 0.120530 
679.814796 0.744264 0.922956 
682.407172 0.002368 0.982706 
682.964877 0.161240 0.343186 
684.010198 0.229394 0.932756 
684.285200 0.945213 0.276775 
685.255797 0.126021 0.847245 
686.384558 0.705028 0.936864 
688.118213 0.352540 0.835284 
688.457627 0.030288 0.506204 
689.648020 0.499336 0.815013 
689.898680 0.843451 0.233311 
690.923289 0.545020 0.602880 
691.220229 0.137646 0.857667 
691.270870 0.256258 0.480435 
691.453547 0.534883 0.113733 
691.842607 0.360638 0.332713 
692.222916 0.202420 0.652292 
692.611709 0.484160 0.994163 
695.306402 0.420128 0.937361 
696.305736 0.890975 0.571273 
700.292477 0.957957 0.892198 
700.697392 0.630006 0.600316 
703.000053 0.346204 0.464668 
703.105987 0.392488 0.534168 
703.646560 0.727194 0.769415 
706.393024 0.743097 0.230662 
706.878017 0.504787 0.015001 
710.067934 0.690004 0.406768 
710.312661 0.238675 0.807236 
715.432046 0.085385 0.366405 
716.697145 0.154925 0.908286 
717.059552 0.674259 0.335032 
717.517786 0.396530 0.998634 
717.677508 0.849137 0.773779 
718.074412 0.619227 0.328702 
718.450353 0.316375 0.238712 
718.492360 0.449559 0.982570 
718.708733 0.799369 0.036356 
719.108698 0.535798 0.042260 
719.922473 0.363644 0.843576 
721.124663 0.582616 0.447528 
722.220142 0.227170 0.424405 
723.350820 0.772354 0.668169 
723.751039 0.542628 0.607916 
724.742045 0.073106 0.074003 
724.979951 0.908827 0.687796 
725.771990 0.269117 0.641894 
728.730997 0.534904 0.992483 
729.719180 0.740396 0.147361 
730.933134 0.489162 0.540932 
731.913839 0.313470 0.486349 
732.352849 0.913797 0.550015 
732.587224 0.178500 0.264213 
732.920788 0.511658 0.264540 
733.164419 0.418098 0.249664 
736.004706 0.764448 0.011064 
736.352401 0.014897 0.926698 
736.763208 0.299812 0.038458 
738.660630 0.414773 0.274887 
738.852965 0.761819 0.717594 
739.791152 0.549798 0.730953 
740.541473 0.276599 0.304091 
740.716511 0.881976 0.191697 
741.288448 0.951818 0.061566 
741.356055 0.717900 0.209022 
742.227729 0.841438 0.235877 
744.711775 0.116889 0.691027 
744.983630 0.570927 0.717560 
745.893152 0.563711 0.426881 
746.722839 0.299862 0.889874 
747.263259 0.547465 0.982978 
747.714105 0.320533 0.566939 
748.547318 0.166978 0.604456 
750.967551 0.152306 0.938942 
751.569673 0.520991 0.602237 
752.925095 0.629276 0.798662 
756.438653 0.249149 0.422447 
756.962200 0.358727 0.816606 
757.005679 0.356533 0.879894 
758.714327 0.568479 0.482433 
759.101799 0.430531 0.230664 
762.371974 0.722877 0.401702 
762.388389 0.650988 0.666292 
763.009019 0.446223 0.810561 
763.009578 0.524050 0.965535 
765.207257 0.668589 0.237665 
765.367271 0.278265 0.502063 
766.091172 0.117624 0.314299 
766.346393 0.924139 0.111592 
766.897974 0.494940 0.993821 
767.401358 0.772517 0.556228 
767.543128 0.088731 0.054615 
768.863558 0.620127 0.812845 
769.276897 0.824388 0.823245 
770.923376 0.184145 0.210902 
771.041025 0.664202 0.436113 
771.471728 0.461936 0.110005 
772.494892 0.251992 0.630529 
772.809431 0.096721 0.007574 
773.935185 0.708754 0.560302 
776.692050 0.755492 0.325610 
776.976788 0.484230 0.228137 
777.407609 0.605107 0.765226 
778.246143 0.930234 0.838216 
778.258704 0.154157 0.034453 
778.585661 0.608480 0.000284 
781.607993 0.879253 0.733767 
781.658227 0.178649 0.351081 
781.739119 0.744639 0.760413 
782.919581 0.353907 0.511772 
784.329887 0.908248 0.057878 
784.740170 0.115425 0.604077 
787.168683 0.898803 0.179819 
788.009549 0.023473 0.412588 
789.295269 0.512696 0.821085 
791.280804 0.198675 0.990649 
791.363915 0.539665 0.446415 
791.681020 0.588963 0.306757 
792.947298 0.484459 0.692255 
793.536309 0.829405 0.372406 
793.698387 0.802812 0.036895 
794.105804 0.470239 0.944618 
795.365998 0.162241 0.819226 
795.405004 0.703822 0.932543 
796.711386 0.290823 0.707998 
797.279313 0.766642 0.424514 
797.704288 0.739377 0.061082 
797.719146 0.722391 0.132378 
799.529239 0.193132 0.108285 
801.979057 0.978125 0.285347 
801.985650 0.906421 0.329707 
802.909744 0.614589 0.329161 
803.016619 0.232251 0.059281 
803.498582 0.848593 0.999219 
804.990889 0.686321 0.273139 
805.913052 0.067926 0.021634 
806.161994 0.576144 0.909418 
806.600652 0.311760 0.331366 
807.027714 0.763806 0.153146 
807.777628 0.827827 0.830841 
808.333369 0.241845 0.569402 
808.570402 0.717813 0.604010 
808.603771 0.429160 0.728316 
809.319435 0.501179 0.815511 
810.262140 0.279957 0.944054 
812.950756 0.199038 0.854315 
813.061010 0.282691 0.797008 
813.944945 0.371228 0.777428 
814.435060 0.799104 0.055641 
814.932975 0.112563 0.705363 
818.523938 0.174004 0.391906 
820.660795 0.690703 0.461418 
822.000767 0.181616 0.209334 
822.498489 0.591608 0.707741 
823.896776 0.826928 0.823925 
824.105952 0.584818 0.986669 
824.173760 0.649686 0.488561 
825.833349 0.934739 0.618583 
826.267651 0.825924 0.911905 
826.439996 0.161056 0.541835 
827.742899 0.831409 0.244835 
830.158372 0.081135 0.645958 
830.172636 0.169902 0.430640 
830.516442 0.546810 0.947578 
831.899043 0.593023 0.522819 
832.555796 0.109757 0.735660 
833.170826 0.689232 0.773165 
833.328460 0.965562 0.499414 
835.708821 0.538067 0.487511 
836.391175 0.151081 0.629709 
836.395458 0.503879 0.745237 
836.688193 0.958089 0.195959 
837.352049 0.905257 0.268281 
837.456423 0.520091 0.704557 
837.475626 0.726369 0.306985 
838.112285 0.460813 0.928440 
839.073778 0.822440 0.648778 
841.237391 0.784198 0.290976 
842.519447 0.120180 0.205343 
843.781312 0.292798 0.083424 
844.004923 0.560585 0.950367 
844.466558 0.321174 0.289861 
846.939853 0.212381 0.561818 
847.783436 0.457468 0.760745 
850.388844 0.763338 0.810640 
850.426568 0.060433 0.826475 
850.814563 0.690256 0.253622 
851.896355 0.388352 0.276431 
852.325730 0.942208 0.176973 
852.721344 0.746488 0.072279 
854.946503 0.492107 0.670788 
855.839954 0.363414 0.281128 
858.049370 0.974980 0.987117 
858.383156 0.775632 0.675091 
859.230997 0.650276 0.538870 
859.739256 0.778160 0.612754 
859.879989 0.984339 0.974741 
860.416750 0.212249 0.214608 
861.511939 0.515833 0.216054 
864.689707 0.814452 0.172148 
865.844837 0.533673 0.855174 
866.242557 0.810915 0.821562 
869.221703 0.917927 0.742597 
869.416009 0.577841 0.952147 
871.626679 0.541533 0.365546 
871.804370 0.370641 0.279313 
872.787808 0.288653 0.640365 
872.966171 0.778182 0.057216 
873.222390 0.465246 0.286574 
875.572074 0.624207 0.283988 
875.656719 0.337956 0.178878 
878.311377 0.754844 0.888421 
879.426912 0.692123 0.586775 
879.537212 0.479758 0.370133 
880.002929 0.857332 0.276805 
880.272683 0.719543 0.274658 
880.901306 0.014119 0.358704 
884.600292 0.187835 0.912546 
884.997684 0.896262 0.113347 
885.367599 0.380659 0.147102 
887.547769 0.703168 0.748337 
888.718780 0.223012 0.551564 
889.788578 0.904565 0.560881 
889.806675 0.010859 0.772425 
889.888236 0.681503 0.310051 
890.622137 0.724252 0.316725 
890.622181 0.698101 0.443058 
890.710901 0.536588 0.520634 
891.387905 0.102011 0.592246 
891.418456 0.352787 0.041669 
891.611161 0.440455 0.595896 
892.060892 0.528096 0.777492 
893.078453 0.272701 0.088636 
897.283382 0.634379 0.190132 
898.630724 0.506415 0.821656 
899.924427 0.812936 0.620490 
900.993184 0.639084 0.096305 
901.117467 0.390487 0.128623 
901.856060 0.686024 0.614881 
902.303120 0.785116 0.152734 
902.907963 0.858699 0.117410 
904.558090 0.625201 0.613407 
907.379263 0.842094 0.136977 
907.641210 0.821078 0.426374 
908.585102 0.037679 0.192757 
908.765926 0.674926 0.038049 
909.722106 0.473198 0.398407 
910.829270 0.619006 0.244652 
911.200397 0.976785 0.455231 
912.069948 0.572300 0.546566 
912.626952 0.935175 0.702432 
913.649267 0.030279 0.598179 
916.098321 0.599187 0.792503 
917.696318 0.823937 0.229703 
919.652138 0.886701 0.379683 
920.651204 0.877839 0.867559 
922.197536 0.747137 0.186221 
923.566815 0.316030 0.308743 
925.161725 0.721577 0.853003 
925.376837 0.554704 0.010894 
926.390456 0.632148 0.436547 
929.027867 0.920188 0.083696 
931.749383 0.348364 0.050869 
933.208389 0.067576 0.732200 
933.607259 0.653371 0.839549 
933.661153 0.059562 0.271036 
934.503440 0.231223 0.164876 
936.806722 0.609473 0.669348 
937.726112 0.035307 0.556310 
937.735086 0.525156 0.437960 
939.800779 0.119444 0.111599 
940.161859 0.281679 0.938750 
940.919347 0.949603 0.136471 
941.991994 0.604895 0.845961 
942.363838 0.278453 0.986956 
943.287278 0.284155 0.159065 
943.692304 0.991461 0.110890 
945.098093 0.190511 0.584739 
945.251350 0.180468 0.357862 
946.136484 0.013333 0.582808 
948.009438 0.090146 0.396464 
948.378985 0.523360 0.922727 
949.336413 0.372936 0.415719 
950.305047 0.780397 0.641287 
950.743084 0.806615 0.558510 
952.067093 0.661347 0.460596 
953.107396 0.897711 0.977118 
953.184473 0.609794 0.529487 
955.093284 0.964282 0.856382 
955.418145 0.672059 0.746809 
956.235087 0.017044 0.618882 
957.014979 0.736388 0.213054 
958.284943 0.025277 0.669430 
959.516336 0.897307 0.717166 
960.237815 0.519610 0.793831 
961.559320 0.892991 0.227432 
963.225559 0.988599 0.262243 
963.737081 0.657193 0.202139 
964.031676 0.839293 0.055983 
965.387528 0.706132 0.573804 
965.667671 0.431747 0.227867 
968.189105 0.264969 0.693078 
970.316255 0.831742 0.886204 
971.039783 0.509477 0.127182 
971.362690 0.832658 0.213056 
971.846465 0.317322 0.218492 
972.491514 0.888721 0.620167 
972.506498 0.766971 0.802635 
974.848907 0.159112 0.558326 
974.915918 0.406076 0.715176 
977.054160 0.730019 0.252751 
977.751342 0.043743 0.903304 
979.957644 0.272895 0.992771 
980.554820 0.326586 0.628319 
981.349831 0.010755 0.708145 
981.727223 0.750187 0.208352 
983.370146 0.101448 0.488537 
983.467317 0.332697 0.363542 
983.499810 0.045462 0.258604 
984.612275 0.705700 0.603442 
984.726854 0.758488 0.946928 
985.449214 0.675144 0.484909 
987.176986 0.161546 0.220994 
987.821276 0.181587 0.822020 
988.351458 0.620281 0.522874 
990.590829 0.957525 0.754244 
990.690262 0.438463 0.992771 
990.858091 0.885198 0.025400 
991.104055 0.962801 0.527507 
993.148501 0.773763 0.634257 
995.010018 0.343222 0.165784 
996.078437 0.632418 0.766168 
997.147833 0.312221 0.525717 
998.794221 0.171556 0.523616 
999.156978 0.651571 0.367802 
999.728434 0.776894 0.038476 
1002.045682 0.348696 0.903778 
1002.818146 0.522967 0.426190 
1004.772087 0.314505 0.518270 
1005.053833 0.118253 0.089041 
1005.076698 0.282861 0.849664 
1005.221774 0.854069 0.106208 
1006.645674 0.527027 0.021245 
1007.869960 0.785984 0.442995 
1008.733673 0.593259 0.168192 
1008.902888 0.109309 0.445858 
1010.299714 0.164655 0.451428 
1010.447836 0.184557 0.128234 
1010.492429 0.542276 0.977613 
1011.144301 0.717477 0.162559 
1011.208390 0.148623 0.259350 
1012.797870 0.292136 0.250755 
1013.029948 0.699108 0.116145 
1014.044060 0.393516 0.131156 
1014.841049 0.596029 0.003795 
1015.752503 0.958186 0.979840 
1018.651824 0.118160 0.425894 
1021.891490 0.934585 0.114153 
1021.969264 0.928192 0.857389 
1022.706761 0.587294 0.998076 
1023.532150 0.685286 0.993395 
1024.503331 0.070755 0.641196 
1024.818159 0.267483 0.297577 
1024.866131 0.992285 0.322657 
1024.984356 0.597402 0.848635 
1025.504760 0.010690 0.196468 
1025.690484 0.555710 0.980732 
1025.977322 0.384769 0.528056 
1028.657249 0.338915 0.350124 
1029.180705 0.233859 0.124165 
1030.574985 0.632727 0.349092 
1030.940199 0.038080 0.398802 
1031.595046 0.256144 0.649025 
1033.412204 0.514913 0.494631 
1034.077511 0.098071 0.068597 
1035.101815 0.487041 0.958937 
1035.300826 0.977266 0.411271 
1036.650529 0.806613 0.696799 
1038.184418 0.991740 0.530275 
1039.759296 0.896386 0.529216 
1039.858563 0.819898 0.134885 
1041.204039 0.229717 0.079316 
1041.965104 0.159259 0.637928 
1043.383348 0.967784 0.547330 
1043.894544 0.771153 0.382613 
1044.567115 0.449069 0.630821 
1045.032870 0.142424 0.271010 
1048.403659 0.854925 0.206744 
1048.951751 0.701427 0.970698 
1051.386675 0.332395 0.442961 
1052.138136 0.900152 0.019168 
1052.484516 0.338932 0.694191 
1053.669834 0.601617 0.021007 
1055.119718 0.291479 0.201873 
1055.277035 0.575543 0.075315 
1055.448893 0.718504 0.717533 
1057.360415 0.949098 0.442460 
1057.452170 0.269665 0.275920 
1058.391028 0.132150 0.013802 
1058.756190 0.294343 0.530247 
1059.174477 0.765171 0.190058 
1059.431693 0.437911 0.265628 
1059.827268 0.261707 0.049759 
1060.177136 0.346938 0.650193 
1061.820460 0.152868 0.180278 
1066.553342 0.963404 0.592782 
1068.003945 0.928888 0.485624 
1069.628683 0.824111 0.365764 
1071.146189 0.451787 0.421001 
1072.635980 0.479850 0.893385 
1072.647584 0.147146 0.027897 
1073.461476 0.676983 0.131366 
1073.754667 0.434155 0.254196 
1074.502120 0.142331 0.837910 
1075.130982 0.633513 0.598903 
1075.646769 0.535487 0.060507 
1077.737435 0.969037 0.598330 
1077.958723 0.172682 0.750903 
1080.083980 0.678479 0.449517 
1081.948700 0.976380 0.402663 
1082.562091 0.044154 0.133532 
1083.596082 0.740861 0.907076 
1084.550194 0.612207 0.433095 
1084.602626 0.726879 0.866657 
1085.951374 0.972798 0.058667 
1086.363894 0.020825 0.987574 
1087.212294 0.376766 0.358678 
1089.263002 0.029706 0.729105 
1090.829774 0.410806 0.417222 
1091.604705 0.780771 0.906485 
1092.544429 0.131269 0.844986 
1095.318103 0.942780 0.240757 
1095.803578 0.491208 0.384427 
1096.313216 0.978098 0.072586 
1096.735738 0.801303 0.656184 
1097.114760 0.697721 0.314290 
1097.855806 0.976932 0.468667 
1098.344697 0.968389 0.937622 
1098.705157 0.734556 0.174925 
1101.601577 0.712545 0.270485 
1101.927932 0.166846 0.651731 
1101.974317 0.271910 0.556411 
1102.618117 0.398766 0.810097 
1104.486497 0.757249 0.431717 
1104.944121 0.113002 0.798701 
1105.033203 0.025623 0.938480 
1105.179115 0.199444 0.441132 
1105.231471 0.699967 0.403898 
1106.277229 0.114182 0.929666 
1106.997815 0.143322 0.291719 
1109.070149 0.819690 0.415599 
1109.695704 0.831913 0.435498 
1109.759710 0.153588 0.502289 
1111.253687 0.184503 0.270860 
1112.393055 0.252625 0.781811 
1113.441144 0.928804 0.632472 
1116.387207 0.115076 0.361925 
1117.293578 0.656829 0.685851 
1120.376360 0.614424 0.468056 
1121.117700 0.263968 0.736767 
1121.181922 0.425549 0.846083 
1122.924738 0.486263 0.896781 
1123.035851 0.247793 0.566437 
1123.206849 0.233636 0.648427 
1123.261269 0.461175 0.549524 
1124.428729 0.418608 0.186355 
1124.737731 0.780131 0.908113 
1126.899912 0.351219 0.436724 
1126.903141 0.638394 0.635274 
1129.467355 0.963515 0.541182 
1130.092353 0.786505 0.667398 
1131.689346 0.217512 0.000250 
1134.188795 0.308791 0.202327 
1134.268832 0.053675 0.068570 
1135.711796 0.511998 0.304799 
1137.496592 0.112778 0.531162 
1137.956121 0.225079 0.343045 
1137.975578 0.913191 0.569422 
1138.459564 0.643886 0.117236 
1140.385030 0.096475 0.516957 
1140.729907 0.488463 0.279445 
1143.461297 0.244565 0.015158 
1145.832846 0.279628 0.505779 
1147.024329 0.098018 0.716396 
1147.611022 0.880704 0.265793 
1149.484741 0.431701 0.962287 
1154.212356 0.437718 0.693066 
1154.261246 0.530612 0.121097 
1154.516498 0.832079 0.702483 
1155.320196 0.382474 0.057127 
1156.427378 0.736569 0.126937 
1158.532303 0.616032 0.608186 
1159.332903 0.002496 0.195799 
1159.417466 0.854029 0.688861 
1160.068437 0.517265 0.488293 
1162.326277 0.486905 0.665435 
1162.612687 0.078765 0.365108 
1163.335326 0.587052 0.629932 
1163.887806 0.232334 0.857270 
1164.680802 0.248084 0.537261 
1165.305686 0.982580 0.536672 
1165.423729 0.657984 0.926582 
1165.977302 0.532128 0.173620 
1166.172076 0.947773 0.509379 
1166.694393 0.405815 0.261032 
1168.659590 0.781043 0.330108 
1168.933420 0.986201 0.999526 
1170.069116 0.892064 0.978152 
1170.339982 0.952547 0.495806 
1170.665989 0.424456 0.094712 
1171.897431 0.227141 0.744942 
1172.077097 0.559403 0.440012 
1172.263944 0.373663 0.763933 
1172.377323 0.411220 0.727860 
1172.982246 0.053094 0.243211 
1173.142965 0.944780 0.836919 
1173.735863 0.571395 0.397416 
1173.910961 0.684362 0.224889 
1173.995472 0.232925 0.814051 
1174.356776 0.925298 0.454645 
1175.028913 0.331599 0.912624 
1175.684691 0.282652 0.951058 
1176.524306 0.620556 0.533492 
1176.590878 0.914298 0.863711 
1177.530248 0.657418 0.799668 
1177.565953 0.097184 0.428878 
1177.644176 0.959127 0.144366 
1177.685489 0.530010 0.473796 
1179.076251 0.182773 0.668877 
1181.072503 0.474912 0.555371 
1182.020183 0.917363 0.225299 
1182.139816 0.671253 0.163226 
1183.063580 0.860543 0.934656 
1183.894368 0.960681 0.908782 
1184.430460 0.962322 0.414827 
1185.380693 0.553899 0.463321 
1185.455565 0.254452 0.643532 
1185.687026 0.602718 0.464909 
1187.445538 0.326630 0.995061 
1187.951578 0.216326 0.321111 
1188.098883 0.644172 0.658453 
1188.289853 0.404383 0.512924 
1188.414839 0.118859 0.461540 
1188.734623 0.879811 0.683521 
1189.371279 0.881248 0.395241 
1192.741759 0.284031 0.095430 
1196.782944 0.612220 0.993972 
1199.234218 0.191083 0.348380 
1200.341401 0.002785 0.112380 
1203.259549 0.126712 0.635610 
1204.871501 0.918993 0.559761 
1207.136134 0.388922 0.613100 
1208.657007 0.890523 0.392837 
1209.342680 0.493693 0.514379 
1209.508554 0.334105 0.004144 
1209.511296 0.413671 0.214328 
1209.723191 0.862066 0.303106 
1211.073126 0.530184 0.890256 
1211.954043 0.188446 0.953962 
1213.315722 0.285606 0.836775 
1214.120214 0.294845 0.225771 
1214.229511 0.743943 0.288608 
1214.469235 0.165288 0.419029 
1215.011625 0.516667 0.913703 
1215.491646 0.717365 0.526296 
1215.774015 0.072705 0.846258 
1216.478920 0.467027 0.873388 
1223.318227 0.784675 0.378021 
1223.587501 0.438765 0.923007 
1223.897312 0.639416 0.575447 
1224.462530 0.445935 0.601342 
1226.220992 0.971036 0.490783 
1228.032107 0.053567 0.071829 
1229.592120 0.959122 0.410697 
1231.046124 0.575880 0.823663 
1233.445296 0.611143 0.928264 
1233.560317 0.846411 0.487303 
1235.384643 0.445439 0.580663 
1237.026497 0.798565 0.986918 
1237.278947 0.939553 0.052076 
1237.483423 0.810654 0.043938 
1241.951941 0.240986 0.541530 
1242.935854 0.550237 0.849826 
1243.728903 0.080566 0.028218 
1243.805249 0.477186 0.213767 
1244.312615 0.918154 0.933198 
1244.763888 0.762655 0.075344 
1247.559370 0.381557 0.943835 
1247.592199 0.061462 0.092130 
1247.634550 0.150302 0.410331 
1248.787044 0.121119 0.867175 
1248.896667 0.070299 0.201121 
1249.020148 0.895695 0.272205 
1250.427206 0.657035 0.242524 
1251.258902 0.446942 0.339753 
1252.131307 0.693381 0.351619 
1252.321709 0.850585 0.386529 
1253.031971 0.144399 0.847867 
1254.810168 0.771355 0.798877 
1255.183970 0.462933 0.444911 
1255.905621 0.459081 0.742728 
1256.666581 0.180565 0.338383 
1257.293368 0.241866 0.089710 
1257.904604 0.855221 0.654444 
1263.728842 0.269011 0.299034 
1267.501047 0.675558 0.409517 
1270.194544 0.490683 0.321142 
1270.336067 0.622492 0.479956 
1270.449587 0.742909 0.875222 
1270.554015 0.205472 0.171055 
1271.649976 0.947864 0.914047 
1273.327630 0.070723 0.360359 
1273.339720 0.663882 0.640997 
1273.808542 0.703268 0.494334 
1273.818738 0.638399 0.997686 
1280.252403 0.472394 0.973351 
1281.810715 0.437284 0.013141 
1284.362156 0.621304 0.254760 
1285.190181 0.314149 0.071147 
1285.776322 0.177460 0.058172 
1286.276129 0.911117 0.968158 
1286.408970 0.592114 0.706767 
1287.384542 0.795668 0.132055 
1289.481299 0.335289 0.532757 
1291.153861 0.807606 0.016639 
1292.405489 0.965628 0.792724 
1294.006095 0.473595 0.062470 
1294.604537 0.208979 0.100188 
1295.985903 0.153200 0.554931 
1296.314735 0.693172 0.174399 
1296.530585 0.975871 0.277731 
1296.690039 0.611835 0.540848 
1297.175365 0.692413 0.259025 
1297.858305 0.358838 0.846658 
1298.685197 0.607872 0.754953 
1299.745654 0.976909 0.698742 
1300.651021 0.384311 0.898752 
1300.783901 0.048099 0.105686 
1301.284599 0.486925 0.925453 
1302.818739 0.369988 0.246032 
1304.151354 0.481529 0.366690 
1304.323320 0.599997 0.808273 
1304.433918 0.470113 0.702777 
1304.531753 0.389063 0.609448 
1305.569631 0.823406 0.071249 
1305.681165 0.954901 0.735551 
1307.513411 0.772761 0.748988 
1307.571069 0.488699 0.396238 
1307.608364 0.697798 0.902217 
1310.993112 0.146924 0.531868 
1312.716663 0.797320 0.540927 
1312.770798 0.607775 0.109508 
1312.923178 0.541091 0.981540 
1313.659060 0.451492 0.950703 
1314.871090 0.223022 0.935076 
1315.339166 0.388326 0.005660 
1316.481954 0.394817 0.502445 
1316.792041 0.092520 0.274933 
1317.619536 0.518118 0.242870 
1322.344658 0.977183 0.776091 
1322.983645 0.438467 0.385694 
1323.980626 0.153800 0.017515 
1324.074812 0.702248 0.580538 
1324.974010 0.685573 0.293344 
1326.567145 0.893722 0.459712 
1326.723880 0.106837 0.624437 
1328.919169 0.624952 0.412197 
1330.158479 0.905833 0.530773 
1330.665304 0.742010 0.185694 
1332.735732 0.933827 0.816873 
1332.828728 0.286543 0.653561 
1335.403478 0.875463 0.953849 
1335.690284 0.358107 0.680233 
1336.360042 0.782903 0.213576 
1336.541589 0.704815 0.696371 
1337.321987 0.865680 0.440015 
1337.457160 0.401091 0.669449 
1337.658679 0.232302 0.729641 
1337.841812 0.628317 0.171340 
1338.211999 0.200047 0.167336 
1339.342535 0.174803 0.513161 
1341.239851 0.658145 0.247758 
1343.495882 0.181477 0.646432 
1345.661814 0.440641 0.987339 
1345.813179 0.164345 0.284130 
1348.517122 0.879956 0.848574 
1350.743180 0.052016 0.841020 
1352.078294 0.908079 0.121191 
1354.262827 0.458888 0.656374 
1354.368900 0.177879 0.746742 
1354.424028 0.219790 0.633952 
1355.817856 0.571389 0.710679 
1359.503354 0.091388 0.996987 
1360.013434 0.786994 0.768349 
1360.294569 0.423063 0.545371 
1360.956243 0.987859 0.950453 
1363.269056 0.322939 0.611790 
1363.289737 0.181385 0.400169 
1364.608173 0.406706 0.159235 
1366.044408 0.390025 0.488949 
1367.242094 0.680366 0.466305 
1367.336306 0.697138 0.145601 
1367.369346 0.220802 0.838626 
1367.608083 0.117575 0.230556 
1367.646840 0.855024 0.694082 
1368.492051 0.125720 0.996875 
1368.938471 0.103203 0.588280 
1369.886375 0.561735 0.077569 
1370.374060 0.707781 0.928895 
1371.476030 0.916645 0.515534 
1371.952562 0.685114 0.267427 
1373.349952 0.090558 0.934674 
1374.721498 0.196229 0.472548 
1375.622947 0.324176 0.331214 
1376.500085 0.778569 0.345585 
1376.729767 0.971444 0.850703 
1376.749557 0.691056 0.756894 
1378.353606 0.818347 0.589546 
1379.259084 0.788708 0.630260 
1381.316800 0.513777 0.454651 
1382.603430 0.004229 0.614241 
1383.225286 0.551062 0.806877 
1383.289448 0.001204 0.737008 
1383.472507 0.639149 0.195070 
1383.670291 0.020167 0.006429 
1385.228388 0.209468 0.205164 
1385.315585 0.196148 0.037532 
1385.414849 0.031961 0.472990 
1385.463376 0.191304 0.898681 
1387.027262 0.609925 0.084826 
1387.998385 0.400746 0.542695 
1388.609598 0.954755 0.876739 
1390.064755 0.561493 0.154122 
1390.778808 0.594616 0.166433 
1391.375187 0.354802 0.588583 
1391.534835 0.917076 0.576614 
1391.643347 0.056938 0.490846 
1392.819200 0.130241 0.540387 
1392.877378 0.119189 0.112734 
1394.166220 0.766296 0.762800 
1395.614743 0.914569 0.291577 
1396.192418 0.152532 0.528008 
1397.137854 0.879979 0.196124 
1397.143909 0.038266 0.755988 
1397.408716 0.500931 0.752880 
1397.470876 0.097217 0.207177 
1397.617168 0.824684 0.099845 
1398.823859 0.922329 0.635922 
1400.080313 0.423364 0.263515 
1400.953309 0.241988 0.307316 
1402.007781 0.268585 0.763652 
1402.366368 0.689215 0.554241 
1403.253237 0.698194 0.219591 
1404.110448 0.887743 0.556521 
1405.965242 0.834628 0.854971 
1408.806269 0.965227 0.007115 
1409.228653 0.191225 0.278264 
1411.579527 0.747525 0.293198 
1413.020543 0.500049 0.916330 
1416.505848 0.750293 0.512633 
1416.818353 0.994136 0.252386 
1417.234631 0.684608 0.984091 
1417.702520 0.915530 0.300040 
1419.125539 0.992403 0.698550 
1419.639640 0.492664 0.496433 
1420.763657 0.841394 0.302330 
1421.270209 0.946108 0.063903 
1421.730692 0.245081 0.514202 
1421.973938 0.018973 0.867819 
1423.025477 0.062091 0.087067 
1426.644090 0.842109 0.995530 
1427.569247 0.621381 0.008468 
1427.686706 0.558921 0.083928 
1429.365014 0.431881 0.673528 
1431.435943 0.051885 0.715090 
1432.323338 0.938305 0.207420 
1434.714009 0.201836 0.111116 
1435.695086 0.447205 0.256553 
1436.093075 0.802237 0.150838 
1439.493426 0.663067 0.442103 
1442.413894 0.120484 0.337963 
1443.020616 0.295260 0.070023 
1443.113930 0.996530 0.947196 
1445.033447 0.530913 0.925575 
1447.399606 0.886464 0.661180 
1447.661215 0.515757 0.235439 
1448.994521 0.238026 0.051284 
1449.639912 0.736204 0.681814 
1449.809547 0.232215 0.493567 
1450.368293 0.866749 0.112531 
1451.613625 0.988500 0.775379 
1451.640389 0.217417 0.006440 
1453.286159 0.470968 0.811581 
1453.496639 0.787935 0.036612 
1456.701472 0.821255 0.208768 
1457.366506 0.734058 0.618169 
1458.259525 0.737552 0.966179 
1459.142430 0.832396 0.456809 
1459.313689 0.144438 0.020713 
1460.777795 0.168696 0.852185 
1462.145909 0.991920 0.630177 
1463.069786 0.763104 0.399161 
1464.097007 0.255668 0.355280 
1465.297182 0.035707 0.692952 
1465.421945 0.834024 0.369086 
1465.897148 0.902744 0.665293 
1466.770703 0.129896 0.621860 
1467.684284 0.711963 0.315842 
1467.983170 0.472214 0.543872 
1469.510956 0.892685 0.686482 
1469.821770 0.273329 0.867351 
1471.509673 0.210238 0.203169 
1472.168575 0.219868 0.339824 
1472.524999 0.499002 0.333463 
1472.918622 0.836511 0.261719 
1474.167483 0.797024 0.915592 
1475.502330 0.266944 0.322895 
1475.567056 0.573594 0.437901 
1476.516005 0.104723 0.569197 
1478.047785 0.278592 0.300436 
1479.717421 0.914787 0.311678 
1480.730870 0.115673 0.418570 
1480.771088 0.840189 0.875580 
1481.157953 0.291637 0.468353 
1481.328603 0.319996 0.129869 
1481.443155 0.234692 0.270799 
1484.299479 0.931242 0.360144 
1485.195465 0.116324 0.019121 
1485.808530 0.871519 0.627233 
1486.433993 0.651609 0.013159 
1487.403813 0.017997 0.725912 
1487.773927 0.276634 0.659412 
1489.291086 0.851648 0.741466 
1489.770177 0.768443 0.271385 
1490.842481 0.905899 0.541393 
1491.123189 0.840558 0.918395 
1492.325281 0.520970 0.596916 
1492.393538 0.550099 0.584640 
1496.858148 0.453803 0.340766 
1497.959337 0.587630 0.636343 
1498.387386 0.777689 0.269906 
1499.460172 0.507402 0.635015 
1500.265263 0.187261 0.216189 
1502.554732 0.124814 0.711612 
1503.271948 0.892145 0.311999 
1503.296635 0.746685 0.601908 
1504.775547 0.433421 0.339566 
1505.560782 0.226645 0.420700 
1505.950221 0.388901 0.416018 
1507.369767 0.112487 0.028805 
1508.059041 0.100477 0.810074 
1508.550415 0.400527 0.450216 
1508.902312 0.333942 0.754890 
1510.010249 0.303490 0.179056 
1511.131360 0.021427 0.198774 
1511.203258 0.170204 0.550054 
1511.231951 0.233880 0.222480 
1512.350897 0.590294 0.831736 
1513.090511 0.012278 0.269252 
1513.230577 0.446984 0.613615 
1513.791627 0.776898 0.646904 
1514.537074 0.148210 0.346448 
1515.270927 0.295455 0.514641 
1515.561343 0.931932 0.856742 
1516.117334 0.585598 0.014247 
1517.361041 0.691869 0.609016 
1518.366564 0.109507 0.774368 
1519.961639 0.513502 0.367302 
1520.244468 0.424642 0.734033 
1522.626405 0.520063 0.929620 
1523.486531 0.624494 0.842759 
1523.883343 0.718200 0.535805 
1525.757407 0.739114 0.164782 
1526.396966 0.789891 0.174955 
1526.814541 0.222356 0.465149 
1527.570329 0.306838 0.434161 
1527.629114 0.770088 0.808354 
1528.933193 0.742604 0.968272 
1531.310756 0.775791 0.357556 
1531.657627 0.227586 0.372997 
1532.917769 0.097950 0.366850 
1533.573117 0.929348 0.279007 
1534.425802 0.813942 0.032846 
1536.029101 0.700113 0.336637 
1536.301810 0.204995 0.492254 
1537.794538 0.800504 0.596403 
1538.351546 0.686147 0.668338 
1538.700746 0.770846 0.542407 
1539.229617 0.307405 0.523345 
1540.624702 0.301890 0.018617 
1541.079677 0.688703 0.823170 
1541.881742 0.533009 0.442213 
1543.661819 0.128218 0.805008 
1544.981042 0.461317 0.984068 
1545.788878 0.065528 0.601663 
1547.714063 0.200366 0.550755 
1548.630684 0.793065 0.902077 
1548.738624 0.790281 0.616397 
1548.760298 0.026455 0.577740 
1548.791629 0.610298 0.433571 
1549.694826 0.927189 0.473742 
1552.226271 0.473345 0.887817 
1552.648095 0.320327 0.231272 
1554.869831 0.932438 0.386983 
1555.000816 0.369640 0.629774 
1555.324391 0.777015 0.268125 
1555.852092 0.941477 0.166212 
1556.027060 0.041790 0.472583 
1556.467090 0.729336 0.757462 
1556.941393 0.031942 0.644394 
1557.146545 0.694831 0.730088 
1557.844841 0.701727 0.966438 
1558.678813 0.813936 0.705948 
1559.497304 0.659936 0.803939 
1559.668330 0.461138 0.651345 
1559.703951 0.828564 0.756702 
1560.362493 0.804018 0.690071 
1560.559349 0.142658 0.618228 
1561.360050 0.263131 0.942253 
1561.401631 0.575228 0.704860 
1561.527055 0.334276 0.020136 
1562.370560 0.737323 0.423812 
1563.611028 0.288539 0.975681 
1564.922582 0.456939 0.782855 
1565.573020 0.214158 0.762583 
1566.750793 0.537465 0.034629 
1566.908606 0.589929 0.333219 
1567.463196 0.815656 0.282385 
1568.067636 0.983663 0.120626 
1568.554319 0.971633 0.667895 
1571.802382 0.305986 0.397848 
1572.039589 0.405281 0.111728 
1573.640435 0.910467 0.879334 
1574.079100 0.122202 0.031580 
1574.298210 0.370075 0.353724 
1575.680059 0.395353 0.291485 
1575.854147 0.135793 0.556549 
1576.297262 0.017643 0.339307 
1577.305692 0.932378 0.461141 
1578.109264 0.745099 0.535762 
1578.265310 0.069821 0.095709 
1582.510523 0.360842 0.909065 
1583.095747 0.872132 0.601800 
1584.366985 0.434290 0.278714 
1584.881110 0.302485 0.545632 
1586.995261 0.611266 0.156637 
1587.102705 0.251107 0.725102 
1587.329270 0.930000 0.477279 
1588.137612 0.184178 0.260076 
1589.557490 0.885168 0.891638 
1589.781021 0.992374 0.460283 
1590.197483 0.861708 0.017425 
1590.454104 0.939547 0.057944 
1591.715113 0.708548 0.889167 
1591.799001 0.859498 0.076855 
1592.533810 0.848256 0.476615 
1594.753480 0.250644 0.322130 
1596.903443 0.456747 0.544046 
1596.904481 0.021750 0.376408 
1599.272844 0.456906 0.745677 
1600.052118 0.109127 0.380057 
1600.568320 0.417842 0.250005 
1602.479144 0.221849 0.199619 
1602.563648 0.764262 0.426065 
1605.291556 0.974360 0.864996 
1607.037395 0.013880 0.294328 
1607.146443 0.697099 0.331892 
1608.518055 0.940241 0.322935 
1609.104227 0.070206 0.260886 
1609.688864 0.813113 0.439459 
1609.934584 0.864996 0.026673 
1610.072544 0.086856 0.612956 
1610.466154 0.430646 0.245641 
1610.617302 0.858672 0.961547 
1611.522451 0.194320 0.781340 
1611.932766 0.264490 0.673751 
1612.378127 0.615431 0.722333 
1613.603569 0.363363 0.732414 
1613.774854 0.215091 0.372489 
1613.860916 0.097322 0.481383 
1614.175606 0.158917 0.891013 
1614.424597 0.531330 0.141748 
1615.232608 0.678864 0.884692 
1615.388390 0.738292 0.178815 
1615.401135 0.742812 0.257934 
1615.661674 0.730248 0.380488 
1617.695970 0.602536 0.334251 
1617.802592 0.430484 0.262101 
1619.260150 0.887671 0.360201 
1619.491548 0.492793 0.523511 
1620.900470 0.971673 0.065299 
1622.073343 0.785410 0.762612 
1624.585521 0.213692 0.577079 
1625.198991 0.731612 0.852757 
1630.923986 0.122319 0.407487 
1631.031439 0.876420 0.714012 
1633.565820 0.191510 0.110389 
1633.623708 0.348399 0.224005 
1634.317728 0.801450 0.749356 
1635.423284 0.094336 0.079229 
1635.764265 0.911542 0.975485 
1635.935390 0.068825 0.802585 
1636.685126 0.204875 0.484931 
1638.486788 0.589235 0.769146 
1639.036548 0.504612 0.719579 
1639.464087 0.548543 0.387885 
1639.498325 0.783336 0.023031 
1639.714033 0.272983 0.838643 
1640.013225 0.449776 0.680096 
1642.164582 0.540821 0.631615 
1642.254511 0.110264 0.760814 
1642.932922 0.141595 0.754103 
1642.966362 0.615989 0.402624 
1645.698580 0.276164 0.258091 
1647.079976 0.756377 0.933027 
1647.175780 0.173086 0.292566 
1651.591926 0.382768 0.948502 
1651.942893 0.061848 0.462319 
1652.507440 0.273754 0.304502 
1653.041944 0.035871 0.469439 
1653.104826 0.669252 0.084344 
1655.520607 0.441040 0.260369 
1656.689071 0.948562 0.831492 
1660.249160 0.045848 0.715662 
1661.196611 0.284557 0.131873 
1663.312694 0.656120 0.571812 
1663.430518 0.778461 0.838933 
1663.588572 0.975379 0.766559 
1664.528048 0.429569 0.104285 
1665.488069 0.990696 0.037268 
1667.352954 0.912661 0.281495 
1667.390997 0.306468 0.527392 
1669.595656 0.856484 0.622572 
1669.717813 0.311980 0.347695 
1670.152108 0.341948 0.162095 
1671.282519 0.678177 0.756637 
1672.143754 0.707075 0.513503 
1672.521485 0.733211 0.051550 
1672.845227 0.937496 0.066149 
1673.318267 0.889391 0.140292 
1673.527545 0.035278 0.900191 
1676.727723 0.023732 0.119575 
1677.122842 0.542954 0.712470 
1677.799369 0.508787 0.593780 
1678.621620 0.808799 0.313540 
1680.688893 0.053599 0.807603 
1681.131005 0.473306 0.797474 
1683.274845 0.063025 0.501344 
1684.834679 0.417260 0.301575 
1687.209223 0.549856 0.114494 
1687.798194 0.398679 0.285451 
1688.878576 0.491374 0.014458 
1689.339862 0.269746 0.571801 
1689.646664 0.214521 0.439000 
1693.773920 0.034437 0.166676 
1695.603939 0.321439 0.974430 
1696.162864 0.965737 0.378614 
1698.253718 0.477374 0.798706 
1701.292273 0.702602 0.185194 
1701.470061 0.236313 0.899958 
1701.864461 0.736033 0.049071 
1702.815217 0.515031 0.916388 
1703.907325 0.938921 0.892448 
1704.518929 0.678599 0.444026 
1705.075624 0.875979 0.607879 
1708.268910 0.602735 0.131974 
1712.021430 0.249699 0.842988 
1712.049387 0.270462 0.014288 
1715.106128 0.978843 0.183045 
1715.300116 0.583671 0.923012 
1715.641647 0.177417 0.493692 
1716.009623 0.478582 0.761746 
1716.052357 0.661995 0.104063 
1716.787938 0.470142 0.078304 
1718.999486 0.830488 0.248996 
1719.070201 0.234403 0.052203 
1720.009765 0.807436 0.691554 
1720.349947 0.173182 0.741993 
1720.810674 0.986095 0.694164 
1721.021460 0.013105 0.079203 
1721.546289 0.569405 0.973546 
1722.681019 0.582298 0.355560 
1722.989922 0.949596 0.511768 
1724.072431 0.325537 0.444748 
1725.229636 0.876136 0.337092 
1725.826813 0.332906 0.805363 
1726.758994 0.596230 0.177296 
1727.935946 0.442777 0.655091 
1730.118040 0.427596 0.703231 
1730.517207 0.379098 0.837290 
1733.094192 0.065614 0.949391 
1734.035131 0.083650 0.166878 
1734.836701 0.012497 0.866499 
1736.012476 0.491978 0.322500 
1738.381175 0.338770 0.876458 
1739.762773 0.445390 0.055638 
1739.833975 0.618967 0.895233 
1740.719787 0.217841 0.976507 
1742.229468 0.336739 0.536601 
1742.779408 0.475112 0.572445 
1743.341967 0.924526 0.785835 
1743.829524 0.717433 0.875856 
1745.920458 0.796191 0.595735 
1746.044462 0.174900 0.461332 
1747.455942 0.662834 0.041215 
1747.576807 0.930188 0.815123 
1750.608887 0.456992 0.541084 
1751.763974 0.557606 0.063012 
1752.755041 0.160485 0.381310 
1753.046843 0.796190 0.529503 
1754.652673 0.990624 0.469324 
1754.986102 0.934967 0.319862 
1757.191307 0.931902 0.790119 
1758.349491 0.040944 0.738666 
1759.463680 0.559499 0.758359 
1760.822315 0.850284 0.334622 
1763.464338 0.422668 0.067886 
1764.197504 0.734163 0.572837 
1765.669543 0.182546 0.422252 
1766.598066 0.983563 0.309144 
1769.337640 0.842116 0.532299 
1769.461624 0.157775 0.106940 
1771.123907 0.613617 0.293390 
1771.208372 0.619486 0.920595 
1771.699569 0.467588 0.486268 
1771.880704 0.552579 0.502572 
1773.340981 0.144024 0.710037 
1773.410268 0.728665 0.913633 
1774.828270 0.876220 0.398158 
1774.933995 0.826106 0.413604 
1775.538920 0.005844 0.113629 
1777.050930 0.607820 0.423424 
1777.349205 0.003175 0.399833 
1777.740380 0.977336 0.464024 
1778.021473 0.002588 0.172141 
1779.411800 0.949267 0.204215 
1780.143666 0.590124 0.439118 
1781.499062 0.800895 0.280853 
1782.536175 0.426927 0.172910 
1784.897563 0.381855 0.943091 
1785.000924 0.714170 0.745196 
1787.331568 0.289222 0.741939 
1788.093409 0.233737 0.574738 
1789.677262 0.404931 0.438715 
1789.774013 0.251563 0.576585 
1789.834668 0.831933 0.618990 
1789.864405 0.449786 0.733506 
1790.661617 0.754597 0.243037 
1791.454598 0.524918 0.471650 
1791.483357 0.226920 0.232535 
1793.907096 0.493484 0.944662 
1796.553024 0.060239 0.957634 
1797.296670 0.711917 0.907377 
1797.688174 0.068336 0.236088 
1798.080635 0.356905 0.727992 
1799.881049 0.939971 0.748746 
1802.250255 0.618442 0.119742 
1805.945076 0.641985 0.989673 
1806.309456 0.579239 0.995586 
1806.759243 0.876246 0.914120 
1808.394424 0.849504 0.697863 
1810.468609 0.151729 0.828039 
1812.409285 0.756335 0.266991 
1813.101010 0.477193 0.035811 
1814.269106 0.184658 0.306699 
1815.966445 0.765111 0.605090 
1817.585306 0.585644 0.168354 
1818.300652 0.519523 0.251546 
1818.457420 0.271420 0.402601 
1818.775806 0.775280 0.407892 
1820.573077 0.076972 0.474538 
1822.015505 0.744072 0.371742 
1823.418979 0.630225 0.766221 
1824.030104 0.907547 0.044716 
1826.722464 0.651867 0.212226 
1827.267276 0.781591 0.543509 
1831.161269 0.030755 0.249677 
1831.822654 0.164223 0.376511 
1834.941759 0.781684 0.923134 
1835.168354 0.044580 0.254105 
1835.461153 0.184298 0.027659 
1835.683206 0.487630 0.455902 
1835.701828 0.483749 0.387444 
1837.288366 0.022133 0.165402 
1842.338725 0.056408 0.063815 
1842.436080 0.159829 0.252853 
1844.188144 0.029654 0.325564 
1846.019553 0.090499 0.615459 
1846.428077 0.801526 0.417772 
1846.808036 0.496121 0.888849 
1849.301584 0.993859 0.894292 
1849.674039 0.840689 0.132124 
1850.148127 0.319311 0.035913 
1850.193451 0.270401 0.153646 
1850.651146 0.349927 0.060466 
1850.922951 0.824280 0.664460 
1851.703051 0.325473 0.680613 
1853.338073 0.239022 0.247241 
1853.355504 0.385634 0.160345 
1855.612234 0.389794 0.877444 
1856.898317 0.123605 0.244244 
1857.232545 0.484232 0.732727 
1857.655435 0.646620 0.554580 
1858.809078 0.997262 0.539359 
1859.292733 0.211774 0.556970 
1862.039461 0.967282 0.953051 
1862.953095 0.317336 0.887138 
1863.045466 0.749140 0.899686 
1863.816935 0.095551 0.903387 
1864.322355 0.539092 0.554120 
1864.441231 0.314670 0.672692 
1867.876317 0.194031 0.549423 
1868.556398 0.978098 0.515957 
1868.870152 0.293175 0.197867 
1869.734110 0.960826 0.232629 
1869.915002 0.511611 0.567595 
1870.450144 0.731800 0.850572 
1870.514427 0.969888 0.678053 
1870.610194 0.689700 0.262209 
1871.754458 0.078122 0.557406 
1872.302020 0.852051 0.441809 
1873.196066 0.466635 0.764904 
1874.486639 0.854217 0.010260 
1875.006884 0.872333 0.687992 
1875.871188 0.768605 0.905820 
1876.543536 0.717181 0.067445 
1876.658074 0.321786 0.387197 
1877.285760 0.565509 0.308574 
1878.070050 0.434502 0.242989 
1878.877939 0.048657 0.021057 
1879.166489 0.836275 0.314380 
1880.746152 0.665523 0.199341 
1880.846062 0.142505 0.748345 
1880.869508 0.883940 0.344601 
1884.134306 0.239149 0.124858 
1887.673218 0.944892 0.423239 
1888.705797 0.048163 0.591594 
1889.331136 0.761976 0.190432 
1890.451765 0.185829 0.962035 
1891.036894 0.799631 0.547862 
1893.473609 0.611032 0.804238 
1896.650931 0.435600 0.661761 
1897.455912 0.885510 0.820785 
1901.044755 0.073434 0.481716 
1902.552659 0.125692 0.915324 
1903.307444 0.398785 0.827088 
1905.333488 0.094583 0.234202 
1907.677558 0.007064 0.978295 
1907.944666 0.668189 0.882026 
1909.302476 0.509098 0.088371 
1909.990199 0.353955 0.036925 
1910.000250 0.146419 0.242390 
1910.252708 0.803158 0.627132 
1912.369697 0.588199 0.326060 
1912.379918 0.847161 0.340350 
1913.221809 0.753182 0.236580 
1913.642943 0.170960 0.638418 
1913.973831 0.697171 0.310717 
1915.455457 0.150775 0.059799 
1915.742061 0.750549 0.018626 
1920.512069 0.837219 0.894386 
1921.997780 0.868435 0.021267 
1922.108487 0.619916 0.643048 
1923.352304 0.235590 0.632068 
1927.679035 0.409529 0.997431 
1929.988896 0.841449 0.545951 
1930.826613 0.832008 0.953802 
1931.071567 0.893211 0.424875 
1931.137892 0.890404 0.091736 
1931.788131 0.112605 0.831572 
1932.149715 0.172014 0.800179 
1933.328243 0.537575 0.123510 
1934.090178 0.902174 0.960724 
1935.396444 0.640290 0.520417 
1936.180807 0.922727 0.809632 
1940.295113 0.306121 0.697828 
1941.453964 0.554717 0.962891 
1942.099548 0.181710 0.260770 
1942.126272 0.797724 0.270146 
1943.317061 0.053118 0.361871 
1943.496900 0.049687 0.606074 
1944.145229 0.333420 0.409892 
1947.374722 0.397911 0.389813 
1947.661660 0.945209 0.223244 
1947.926605 0.547957 0.344532 
1948.937627 0.497030 0.681574 
1949.917087 0.822201 0.706712 
1950.451361 0.763103 0.128553 
1953.479490 0.895635 0.890499 
1955.582872 0.378941 0.506430 
1957.995448 0.460666 0.616878 
1959.259897 0.931277 0.750535 
1960.779512 0.269263 0.140328 
1962.797982 0.750012 0.663591 
1964.369110 0.386991 0.224444 
1964.440437 0.623450 0.094414 
1964.785187 0.658764 0.773149 
1970.494878 0.134376 0.085706 
1972.608482 0.149636 0.868014 
1972.688244 0.876565 0.300372 
1973.452577 0.291523 0.990508 
1975.018399 0.518944 0.576496 
1976.715716 0.930889 0.171509 
1976.834462 0.149071 0.079484 
1979.901338 0.203002 0.899940 
1981.051677 0.622016 0.141352 
1981.624923 0.383067 0.654621 
1982.979333 0.604552 0.353048 
1985.783191 0.494629 0.510466 
1990.040649 0.750277 0.557834 
1990.074411 0.859110 0.649102 
1994.063790 0.205325 0.057769 
1994.142997 0.950873 0.056135 
1995.223308 0.593570 0.819193 
1995.674738 0.326446 0.110654 
1997.373776 0.356552 0.774321 
1997.459449 0.893999 0.037238 
1997.947894 0.519382 0.492492 
1999.515293 0.636417 0.649446 
2000.787727 0.227771 0.122586 
2002.020920 0.780823 0.935043 
2003.743015 0.387612 0.774548 
2003.841104 0.032964 0.358585 
2007.688945 0.841350 0.202359 
2008.363191 0.733638 0.723985 
2009.452242 0.863605 0.201345 
2009.680114 0.493964 0.928645 
2010.129672 0.008716 0.794582 
2010.713365 0.019459 0.206371 
2010.853869 0.821692 0.015947 
2013.832620 0.309583 0.965339 
2016.836784 0.510346 0.465523 
2017.065764 0.937484 0.845624 
2017.315354 0.862833 0.692176 
2018.685269 0.435893 0.242710 
2019.994577 0.169593 0.650914 
2020.377175 0.674811 0.459141 
2020.557656 0.010322 0.720990 
2021.893964 0.148941 0.864993 
2022.273358 0.042304 0.949702 
2023.904708 0.118963 0.209820 
2027.207733 0.154680 0.966713 
2027.516939 0.082657 0.252028 
2027.659244 0.125720 0.334487 
2028.599180 0.454140 0.435896 
2028.788130 0.389207 0.778930 
2031.746376 0.355248 0.015214 
2035.312367 0.300520 0.957930 
2037.445864 0.537441 0.963683 
2038.088142 0.540761 0.192741 
2040.001659 0.616615 0.438474 
2040.173190 0.487981 0.756964 
2040.789412 0.265157 0.025249 
2042.512296 0.649119 0.423591 
2047.484916 0.080563 0.662637 
2048.688407 0.146911 0.194109 
2048.736342 0.528899 0.467265 
