0.000000 0.100865 0.490422 
2.356142 0.199395 0.486345 
2.555964 0.008958 0.066746 
3.069001 0.080150 0.892378 
4.033922 0.488327 0.525256 
5.529477 0.772508 0.206431 
6.417615 0.318510 0.702367 
7.084560 0.566937 0.809063 
7.091345 0.612055 0.061827 
7.105117 0.138131 0.143718 
8.028235 0.172192 0.958230 
8.234164 0.393791 0.848248 
8.867109 0.205347 0.289624 
10.123965 0.277466 0.667446 
10.900532 0.154813 0.759950 
11.636007 0.800140 0.582149 
11.879186 0.541489 0.917135 
12.807081 0.573707 0.196780 
15.458426 0.910829 0.537562 
15.824413 0.165943 0.740199 
16.231854 0.481560 0.539439 
16.502088 0.244317 0.755374 
18.091344 0.465660 0.764318 
18.246246 0.854635 0.985066 
18.310542 0.854030 0.525092 
18.867409 0.245881 0.918741 
20.146183 0.589773 0.281609 
21.310199 0.827219 0.148434 
21.382774 0.920389 0.189438 
22.682596 0.548957 0.097665 
23.396826 0.436547 0.162476 
23.731198 0.680495 0.900403 
24.743658 0.542236 0.803033 
25.108235 0.959188 0.747966 
25.238380 0.778911 0.028652 
25.465572 0.620706 0.659926 
26.616699 0.262380 0.469728 
27.350262 0.712158 0.567513 
27.836938 0.410926 0.837363 
32.171115 0.994151 0.806105 
32.213945 0.236473 0.309909 
32.570079 0.459797 0.087115 
34.079273 0.653754 0.810967 
35.507009 0.041260 0.085372 
36.742828 0.324493 0.310907 
36.981461 0.272895 0.170066 
38.209023 0.363990 0.406617 
39.059447 0.409163 0.132555 
39.729054 0.275540 0.740552 
40.094382 0.948910 0.224286 
40.272467 0.760644 0.560676 
43.309621 0.538031 0.261519 
43.604673 0.921757 0.942047 
44.335872 0.967011 0.673161 
45.348105 0.621141 0.488272 
45.773231 0.735420 0.889978 
46.332320 0.628973 0.370651 
47.617478 0.751981 0.978083 
48.288354 0.656672 0.557579 
48.459059 0.898307 0.904098 
48.747727 0.494366 0.759047 
48.954225 0.229340 0.161398 
50.631770 0.548798 0.742486 
51.273069 0.970606 0.620976 
52.261723 0.028100 0.975617 
52.319093 0.136581 0.190146 
56.723156 0.073027 0.615109 
58.449519 0.335532 0.835903 
60.404275 0.341621 0.388474 
61.547747 0.371001 0.358882 
62.627002 0.677357 0.551437 
63.136377 0.433305 0.038633 
63.245789 0.197881 0.508143 
64.441800 0.764885 0.988144 
64.916312 0.281229 0.589455 
66.265436 0.129218 0.082394 
69.672344 0.493310 0.845983 
71.121050 0.467344 0.526589 
72.412314 0.161921 0.458565 
72.761360 0.338173 0.788326 
73.147365 0.976494 0.363837 
73.751815 0.516141 0.549727 
74.426705 0.028882 0.684224 
74.777222 0.806261 0.687792 
75.385864 0.370454 0.936572 
76.094639 0.418251 0.936681 
77.266983 0.823828 0.037912 
78.122133 0.833808 0.267675 
78.505903 0.227360 0.900252 
81.919639 0.654069 0.897742 
82.910006 0.582327 0.449774 
84.635617 0.282059 0.006812 
84.710601 0.913497 0.290283 
84.745798 0.970665 0.499914 
85.124731 0.693856 0.296438 
86.669579 0.461837 0.327003 
87.140386 0.107167 0.339268 
88.435248 0.850554 0.569330 
88.732500 0.927000 0.770484 
88.906825 0.837919 0.936788 
89.513246 0.430469 0.579908 
89.515587 0.061506 0.349329 
89.744180 0.257852 0.345186 
89.840618 0.059216 0.371852 
92.835859 0.107286 0.585484 
92.880107 0.365122 0.156483 
94.168862 0.480649 0.912488 
94.202369 0.781217 0.752348 
94.874342 0.466980 0.429914 
96.241359 0.596283 0.013154 
98.878634 0.765266 0.310682 
98.965403 0.073620 0.047099 
99.452929 0.018046 0.039172 
100.037139 0.226685 0.456139 
103.989872 0.631635 0.635916 
106.407649 0.703281 0.767997 
106.882249 0.748258 0.944478 
107.578234 0.632079 0.580229 
107.687471 0.503033 0.741962 
113.660122 0.202616 0.896350 
114.244843 0.585861 0.914464 
114.527507 0.025089 0.823739 
114.588295 0.495832 0.008705 
116.240409 0.034238 0.802452 
116.480632 0.386891 0.091175 
116.618388 0.738915 0.499041 
118.309841 0.228720 0.220995 
118.745242 0.971547 0.535302 
118.821384 0.998710 0.267716 
119.745803 0.134573 0.294255 
120.987861 0.918218 0.223566 
122.307177 0.021082 0.872060 
122.740836 0.957063 0.595547 
123.036054 0.540622 0.122475 
125.752652 0.898177 0.161334 
126.090199 0.953269 0.426227 
127.131826 0.523088 0.031701 
127.266201 0.833980 0.514999 
127.338043 0.102746 0.217195 
127.703320 0.736167 0.541481 
129.509805 0.497174 0.186849 
129.762853 0.790082 0.253944 
131.010374 0.918774 0.397651 
133.195228 0.417243 0.108154 
133.263635 0.629027 0.118043 
133.597309 0.695472 0.677359 
136.223002 0.678896 0.514525 
138.314719 0.936600 0.334009 
139.390881 0.663545 0.307825 
139.468147 0.219044 0.523298 
144.387667 0.020878 0.692882 
145.082572 0.479343 0.933253 
145.957588 0.861138 0.660443 
146.475853 0.436685 0.158573 
148.077533 0.312351 0.297973 
148.751420 0.720879 0.960743 
149.164040 0.513841 0.970439 
150.684203 0.033394 0.494326 
150.801345 0.662386 0.954887 
150.985262 0.040764 0.415904 
152.401749 0.768107 0.369683 
152.519426 0.358667 0.947938 
153.402017 0.440435 0.451603 
154.428191 0.716514 0.866644 
155.813068 0.101112 0.641312 
156.104466 0.327521 0.047677 
156.600097 0.885086 0.656666 
156.971495 0.371999 0.468851 
160.894833 0.169140 0.148947 
161.827317 0.121479 0.020319 
165.532468 0.247612 0.843924 
167.076614 0.110633 0.272261 
168.061438 0.748764 0.733956 
168.666185 0.861857 0.206919 
170.825450 0.592403 0.578418 
174.061063 0.030626 0.423335 
176.604045 0.729861 0.695857 
177.241227 0.182598 0.653177 
177.982570 0.436814 0.524090 
179.764383 0.585764 0.559887 
180.023977 0.956123 0.675917 
182.070890 0.944934 0.638425 
182.706075 0.471113 0.623522 
183.476158 0.337862 0.796881 
184.159096 0.699696 0.351006 
184.971487 0.101596 0.485245 
185.590181 0.503296 0.766784 
187.040920 0.227617 0.587929 
187.053730 0.409777 0.231193 
187.154892 0.503527 0.482046 
188.850283 0.809882 0.631064 
189.480287 0.514126 0.699081 
191.031777 0.875350 0.549142 
193.326938 0.091852 0.051638 
193.545033 0.633919 0.485406 
193.797055 0.134706 0.364341 
193.823685 0.768113 0.386824 
193.990090 0.820382 0.760084 
194.356361 0.509117 0.166017 
194.664633 0.150586 0.173316 
196.448066 0.629345 0.098863 
196.610718 0.043459 0.281130 
197.668226 0.819445 0.859508 
199.986080 0.527601 0.905012 
201.679342 0.259743 0.404306 
202.170272 0.651874 0.295124 
202.553127 0.193592 0.642315 
203.484575 0.309523 0.871346 
204.124410 0.004276 0.526408 
205.498103 0.804512 0.885873 
205.637486 0.302461 0.872784 
205.953651 0.365443 0.621826 
210.766917 0.606468 0.877440 
211.368252 0.377737 0.738997 
211.408487 0.898183 0.505551 
211.737716 0.194968 0.335293 
213.446851 0.943293 0.128123 
213.665884 0.974024 0.263932 
213.982977 0.671748 0.199155 
216.055410 0.940208 0.579130 
216.825212 0.672614 0.709949 
217.889819 0.759713 0.340183 
218.472851 0.090155 0.090478 
218.852974 0.495948 0.921538 
219.197581 0.734932 0.635512 
219.215132 0.521867 0.986744 
219.423749 0.471464 0.389273 
221.313267 0.466823 0.419435 
222.958137 0.399489 0.918022 
226.587749 0.024122 0.594129 
227.241319 0.013517 0.377487 
228.081717 0.456771 0.239858 
228.689561 0.365346 0.316572 
230.901770 0.902661 0.769083 
231.812140 0.965984 0.841307 
232.731637 0.415098 0.577158 
239.710107 0.100143 0.930249 
239.855012 0.471242 0.620177 
240.631042 0.204780 0.461475 
240.698930 0.844528 0.580893 
241.210714 0.185689 0.234854 
243.916376 0.310967 0.305939 
244.296322 0.839459 0.722509 
244.880777 0.579579 0.001807 
246.468547 0.559693 0.693577 
246.543724 0.612276 0.304468 
246.667845 0.090569 0.869172 
246.881612 0.530895 0.067965 
248.403996 0.374718 0.645893 
248.992338 0.329528 0.523150 
250.933955 0.598123 0.901995 
252.858782 0.244893 0.861066 
252.921341 0.411605 0.758926 
253.215966 0.563457 0.597433 
254.437976 0.270630 0.943234 
255.475736 0.279890 0.101103 
255.575260 0.298869 0.080010 
256.877995 0.930285 0.779021 
257.515238 0.878390 0.866956 
258.174852 0.227874 0.697256 
259.624814 0.550577 0.799518 
263.111176 0.488277 0.375164 
263.206012 0.228439 0.054134 
265.488872 0.082415 0.041745 
266.331893 0.028695 0.581014 
268.885980 0.600103 0.282841 
270.482587 0.801861 0.773276 
270.516900 0.129140 0.980769 
271.517765 0.079308 0.762951 
274.430964 0.009967 0.607757 
274.758917 0.631869 0.613712 
275.218691 0.719397 0.570500 
275.638797 0.805994 0.901049 
275.739734 0.401679 0.364364 
276.289835 0.757655 0.995392 
276.956534 0.911428 0.563929 
277.345911 0.854500 0.628961 
278.230139 0.157012 0.796414 
278.275843 0.256584 0.609644 
279.749680 0.790174 0.415058 
280.152390 0.091009 0.822130 
281.674033 0.530632 0.468561 
282.027885 0.949060 0.825711 
282.357879 0.130885 0.918720 
283.563713 0.133675 0.689133 
285.770821 0.760511 0.681018 
285.932501 0.448203 0.135640 
286.663945 0.770269 0.723124 
286.789953 0.139124 0.323049 
287.191080 0.955459 0.731013 
287.862049 0.376277 0.763436 
287.979288 0.720826 0.751545 
288.781314 0.438190 0.334961 
290.174170 0.144569 0.392074 
292.126231 0.277152 0.793011 
292.142027 0.207946 0.533700 
294.253173 0.168138 0.524027 
295.688208 0.622942 0.805612 
295.966059 0.735653 0.463682 
297.127391 0.945456 0.661194 
298.534855 0.650063 0.046951 
298.771050 0.244084 0.550338 
299.413735 0.644643 0.355006 
299.919226 0.051026 0.669746 
300.926537 0.066466 0.746698 
304.403034 0.796586 0.583821 
304.486634 0.760045 0.388218 
309.114983 0.044270 0.005698 
311.089896 0.469711 0.274279 
312.168280 0.051535 0.952266 
313.707648 0.985319 0.719168 
313.759635 0.986777 0.254929 
313.881694 0.250925 0.989831 
315.422788 0.647569 0.639222 
315.496915 0.529822 0.939476 
316.012294 0.621710 0.618147 
318.289276 0.142057 0.196276 
319.653450 0.906865 0.646054 
320.947005 0.636036 0.549014 
325.040429 0.951495 0.649269 
326.504314 0.491017 0.571760 
328.407370 0.523375 0.166614 
328.456888 0.411495 0.819081 
328.750768 0.917371 0.637158 
330.756593 0.814698 0.674580 
332.089605 0.676109 0.169208 
332.780130 0.701716 0.992147 
334.164981 0.973758 0.347118 
336.413208 0.906786 0.802935 
337.663098 0.734285 0.496122 
338.803760 0.613240 0.896621 
340.545164 0.673593 0.941517 
341.445626 0.852430 0.475374 
341.508566 0.080248 0.693445 
341.848738 0.451841 0.941208 
342.920943 0.145793 0.062662 
343.239987 0.549000 0.595083 
346.053152 0.411446 0.504901 
346.795666 0.023087 0.585786 
348.544464 0.686953 0.946806 
348.545160 0.128839 0.028508 
349.500991 0.474269 0.785028 
350.600152 0.697559 0.208266 
351.539215 0.446742 0.799883 
353.902372 0.049482 0.832290 
354.940271 0.338789 0.098757 
355.262646 0.974190 0.085643 
357.034234 0.709381 0.207854 
358.027816 0.800267 0.730998 
365.119246 0.856867 0.655231 
366.543660 0.431041 0.062367 
368.297553 0.563607 0.094828 
369.803913 0.383715 0.762147 
371.292375 0.653787 0.711401 
371.815449 0.774572 0.728532 
372.646397 0.848947 0.820637 
374.967854 0.059872 0.107810 
374.986063 0.828301 0.305221 
377.222694 0.595722 0.357267 
377.702071 0.241351 0.951389 
378.133606 0.816643 0.535882 
378.938751 0.363463 0.479425 
379.709728 0.490449 0.734087 
380.287456 0.492034 0.165082 
382.087279 0.720600 0.213749 
382.268833 0.360397 0.159721 
382.478603 0.275632 0.978667 
382.747229 0.348361 0.599516 
384.713357 0.571587 0.265773 
385.131296 0.857356 0.093609 
385.764852 0.317743 0.752850 
386.764387 0.137651 0.331229 
387.068314 0.730257 0.512495 
387.116056 0.877750 0.227305 
389.747484 0.406966 0.678894 
391.429584 0.263273 0.841661 
392.226451 0.115736 0.431322 
392.249610 0.065034 0.174066 
394.760903 0.457884 0.730194 
394.998315 0.596764 0.129303 
395.004811 0.168601 0.795464 
396.102628 0.651718 0.384053 
396.111327 0.991212 0.955492 
398.966172 0.079954 0.195451 
399.514148 0.509912 0.425613 
399.873792 0.835197 0.567185 
401.395564 0.412708 0.508547 
404.629434 0.790224 0.575726 
405.267247 0.666315 0.532121 
405.440587 0.775274 0.306022 
405.492345 0.590599 0.501409 
406.159132 0.801673 0.971560 
406.790880 0.695794 0.362387 
406.886856 0.489004 0.588405 
407.431129 0.745364 0.840780 
408.469050 0.456503 0.611893 
408.873101 0.253591 0.291709 
409.628183 0.394065 0.227284 
411.292904 0.121125 0.815627 
411.907362 0.100279 0.957929 
412.333883 0.725618 0.978055 
412.623424 0.258553 0.890851 
413.739881 0.703842 0.060992 
414.131532 0.953555 0.858110 
414.225586 0.768060 0.154550 
415.311895 0.981047 0.594938 
417.344200 0.558915 0.703666 
417.542015 0.223042 0.179549 
420.705953 0.620451 0.865766 
420.880734 0.483204 0.421509 
421.419424 0.013295 0.473077 
421.846612 0.155393 0.581373 
422.488138 0.589908 0.790232 
423.319434 0.051545 0.879993 
424.336923 0.945888 0.433531 
425.482444 0.342524 0.794965 
426.951062 0.893914 0.592664 
428.774927 0.729473 0.212910 
429.216117 0.706573 0.612477 
429.289834 0.401246 0.882886 
431.644907 0.404358 0.309476 
432.103017 0.580313 0.555405 
432.161382 0.600559 0.732693 
432.759779 0.856118 0.287949 
433.023543 0.418195 0.691560 
433.726160 0.680641 0.058430 
434.909452 0.897704 0.405081 
436.102976 0.958266 0.945014 
436.387125 0.305354 0.335592 
436.895744 0.404533 0.237890 
437.656969 0.655246 0.031624 
438.972300 0.663402 0.770880 
441.936485 0.445046 0.544948 
442.232051 0.732095 0.895890 
442.821742 0.381692 0.465453 
443.856812 0.153392 0.461445 
446.282042 0.918184 0.370559 
446.827911 0.998210 0.877339 
447.019362 0.638118 0.781369 
449.484451 0.519792 0.111567 
449.749480 0.393315 0.564925 
449.788293 0.344918 0.990448 
450.925704 0.400516 0.399291 
452.440904 0.052567 0.622073 
453.086562 0.282383 0.602785 
455.009982 0.233628 0.235894 
456.877446 0.029539 0.369453 
457.991463 0.533959 0.815884 
457.996586 0.152680 0.768963 
459.270063 0.417303 0.117743 
461.069297 0.888934 0.903386 
461.674936 0.447451 0.255108 
463.855258 0.422256 0.780190 
464.512213 0.908253 0.267887 
465.054770 0.870929 0.406729 
467.137137 0.709000 0.296494 
468.570714 0.032760 0.276642 
469.962078 0.314450 0.113572 
470.025033 0.236919 0.812092 
471.303465 0.316695 0.163890 
475.570822 0.491727 0.520871 
476.515416 0.829466 0.640371 
476.920896 0.525790 0.237172 
477.067468 0.477363 0.611465 
480.519834 0.796383 0.049303 
483.633768 0.668170 0.759554 
486.509623 0.685134 0.398142 
488.071774 0.176258 0.558480 
495.745562 0.968677 0.861403 
496.611247 0.974776 0.910082 
497.956515 0.199439 0.533418 
498.271797 0.011526 0.520963 
498.810903 0.033381 0.833160 
499.224864 0.891813 0.302457 
499.448249 0.655914 0.359927 
500.223593 0.136874 0.211130 
500.503774 0.307002 0.720943 
500.990103 0.060000 0.127735 
502.885515 0.827337 0.976560 
503.379891 0.946280 0.566974 
503.966412 0.024119 0.114389 
507.932657 0.185909 0.358474 
508.403521 0.547967 0.453192 
508.632527 0.810443 0.482878 
509.193789 0.908199 0.574003 
510.178406 0.817877 0.999138 
510.204502 0.251778 0.151635 
511.012473 0.808310 0.130821 
512.649014 0.485857 0.222024 
512.655869 0.340776 0.914911 
512.872439 0.070328 0.674989 
513.014330 0.112656 0.551336 
515.128091 0.100352 0.391240 
516.794155 0.140530 0.192865 
517.893378 0.278643 0.832602 
518.322637 0.298860 0.620026 
518.896699 0.513226 0.605132 
520.485808 0.411563 0.622490 
520.786692 0.446722 0.503756 
521.301682 0.992968 0.286181 
522.377695 0.669882 0.703347 
523.288062 0.873580 0.862084 
524.497776 0.775413 0.901859 
527.369070 0.542961 0.529614 
527.733890 0.071445 0.290166 
527.939346 0.680941 0.410808 
528.114965 0.773743 0.955704 
530.613745 0.427553 0.960373 
531.883894 0.469942 0.439345 
532.197598 0.900464 0.098327 
532.820127 0.429156 0.357410 
532.869441 0.364295 0.754212 
534.271624 0.063865 0.254980 
534.643570 0.239064 0.370221 
534.902640 0.978468 0.770793 
535.367739 0.479404 0.639286 
537.712063 0.967579 0.292893 
539.691495 0.881405 0.491918 
540.631134 0.580307 0.868358 
543.326512 0.231727 0.133087 
543.588580 0.416495 0.255861 
543.962787 0.598873 0.280731 
544.882371 0.042639 0.768167 
544.944850 0.547943 0.852309 
545.122172 0.872269 0.735025 
545.820273 0.741299 0.580125 
546.133892 0.026629 0.085244 
547.072271 0.694175 0.684578 
547.943144 0.249822 0.730711 
549.013891 0.746199 0.575891 
550.096359 0.536234 0.785060 
550.140056 0.091404 0.797416 
551.194797 0.699566 0.124166 
551.604208 0.897434 0.418189 
552.612153 0.733301 0.005080 
552.855817 0.232532 0.291161 
554.873184 0.878522 0.975234 
556.930312 0.369135 0.294635 
557.160836 0.892549 0.482118 
557.317013 0.767265 0.253202 
558.697046 0.530395 0.639583 
559.513880 0.992312 0.109726 
562.232600 0.308515 0.168672 
562.574915 0.492456 0.387891 
563.497143 0.573331 0.636190 
564.600482 0.450340 0.711039 
564.734709 0.855961 0.568867 
564.770745 0.696156 0.061577 
564.853348 0.130104 0.360263 
565.424826 0.406722 0.809405 
565.489435 0.098238 0.322412 
565.682066 0.511925 0.608465 
565.894028 0.089603 0.786862 
567.178334 0.631457 0.576245 
568.966814 0.791805 0.481131 
569.068420 0.125732 0.619014 
571.496327 0.190985 0.079857 
571.975345 0.651029 0.611972 
573.110454 0.489036 0.572375 
575.391199 0.446667 0.956996 
575.782571 0.187552 0.908839 
577.358156 0.828897 0.746913 
579.013268 0.741976 0.087365 
580.578062 0.214717 0.832377 
581.767798 0.615699 0.949386 
582.904993 0.063671 0.875156 
583.541839 0.267033 0.888290 
585.063484 0.344333 0.093877 
586.362613 0.258822 0.045507 
587.233029 0.144665 0.412215 
587.559258 0.032990 0.491475 
587.652002 0.297970 0.127347 
589.267588 0.926351 0.312684 
589.786723 0.221508 0.703758 
589.801623 0.724524 0.049010 
590.846735 0.053784 0.464300 
592.647000 0.245092 0.927849 
592.776233 0.007206 0.231966 
594.167491 0.426530 0.268946 
596.542875 0.205736 0.278598 
596.707968 0.978922 0.110061 
596.799163 0.425422 0.721978 
597.112637 0.803733 0.684484 
597.225362 0.216228 0.087250 
599.070539 0.335466 0.610038 
599.732630 0.809057 0.981207 
600.844835 0.627912 0.112429 
602.749002 0.909348 0.398277 
603.101595 0.561563 0.153216 
603.101858 0.162885 0.041312 
603.497048 0.138005 0.545851 
603.610540 0.861515 0.653763 
605.253712 0.500144 0.275342 
605.796017 0.111261 0.955407 
605.951476 0.935575 0.544715 
607.328654 0.932276 0.104792 
608.424345 0.114464 0.280330 
608.475236 0.846449 0.262709 
608.967673 0.208868 0.932366 
609.399951 0.853355 0.065939 
610.242805 0.397461 0.474644 
611.708698 0.233278 0.589872 
615.328062 0.173317 0.209099 
617.371390 0.486898 0.610286 
617.890166 0.781009 0.467315 
620.739202 0.518121 0.856607 
621.207159 0.284343 0.410281 
622.584019 0.177952 0.543262 
623.152383 0.669948 0.675361 
623.643748 0.880761 0.923942 
624.199150 0.520490 0.802822 
624.686079 0.760858 0.298177 
625.941624 0.760286 0.264635 
625.974810 0.518120 0.528157 
628.026932 0.357833 0.620880 
629.232785 0.985541 0.588325 
632.070766 0.390851 0.482537 
632.330455 0.434741 0.008314 
632.391403 0.948667 0.863112 
633.729227 0.605556 0.728748 
634.640699 0.825750 0.546114 
636.136784 0.380427 0.019445 
638.630971 0.185838 0.916197 
638.935431 0.322954 0.866444 
639.124194 0.007672 0.748428 
640.394682 0.587263 0.078363 
641.208873 0.394066 0.913039 
641.685285 0.468994 0.397486 
641.898306 0.166417 0.260883 
642.817169 0.208153 0.570488 
643.493606 0.337696 0.764993 
643.503631 0.085072 0.191455 
643.531669 0.678060 0.667864 
645.249148 0.615311 0.673052 
645.735003 0.520495 0.972827 
645.962729 0.696946 0.360098 
646.640756 0.215141 0.193868 
647.296797 0.834794 0.360176 
648.563293 0.926632 0.138534 
648.975462 0.813269 0.037003 
649.185130 0.572497 0.369842 
650.187012 0.571878 0.141422 
650.906157 0.969313 0.015889 
651.438398 0.580357 0.768983 
651.818643 0.858992 0.820849 
657.359384 0.016977 0.556159 
658.251470 0.373382 0.183031 
659.587968 0.095244 0.606922 
661.171017 0.514229 0.202880 
662.824847 0.337308 0.887816 
665.309533 0.439042 0.464587 
665.327605 0.911628 0.072472 
666.294302 0.868366 0.320213 
668.218087 0.321052 0.705320 
669.633413 0.121160 0.847236 
671.248556 0.476951 0.512156 
671.859975 0.328260 0.078035 
671.905296 0.791334 0.151350 
672.121145 0.295206 0.608765 
672.377626 0.084373 0.753470 
672.560422 0.074833 0.607724 
676.216491 0.285139 0.041973 
681.167983 0.897212 0.082192 
682.803585 0.631280 0.593276 
683.266711 0.266029 0.511646 
684.948418 0.503268 0.267437 
687.098677 0.270408 0.869629 
689.767118 0.621228 0.147478 
690.466168 0.355150 0.956590 
690.888151 0.938309 0.243612 
695.491936 0.763069 0.218791 
697.512880 0.743864 0.913994 
699.085912 0.040808 0.777834 
699.373766 0.065745 0.755276 
700.035759 0.651254 0.426243 
700.254759 0.507463 0.869097 
700.927437 0.757444 0.154050 
702.209847 0.144254 0.059892 
702.253788 0.453985 0.280559 
704.605593 0.781611 0.835796 
704.748962 0.044040 0.222613 
705.443973 0.836770 0.877232 
705.804482 0.243575 0.644479 
706.175581 0.160926 0.875193 
708.098215 0.303989 0.440505 
708.344036 0.994197 0.947744 
708.745417 0.273927 0.905293 
709.984874 0.673941 0.074923 
711.228358 0.459988 0.232665 
711.696174 0.988979 0.980031 
712.489090 0.632277 0.999200 
714.502051 0.778588 0.881667 
715.789067 0.910577 0.881615 
717.023047 0.999150 0.000305 
717.447942 0.245134 0.416740 
718.773643 0.831736 0.902163 
719.042451 0.582221 0.143005 
720.251501 0.212661 0.876888 
720.741003 0.835468 0.859578 
722.743295 0.612233 0.304607 
724.187108 0.374339 0.399999 
725.341746 0.060524 0.623800 
725.474549 0.081293 0.728294 
728.912166 0.731552 0.567232 
729.988419 0.253814 0.693344 
730.091846 0.106343 0.901389 
730.852346 0.229117 0.804875 
732.820600 0.966846 0.508209 
733.751011 0.715475 0.725449 
734.423727 0.047034 0.184599 
735.630197 0.522115 0.191759 
736.116932 0.117435 0.053114 
737.007557 0.915706 0.499350 
737.773552 0.561328 0.506994 
738.106252 0.414279 0.583037 
738.525610 0.183068 0.466978 
740.808811 0.696283 0.874688 
741.358806 0.479079 0.005163 
741.941193 0.925870 0.730121 
745.114289 0.194370 0.820807 
746.174460 0.149803 0.836890 
746.297824 0.759079 0.768095 
746.868719 0.503315 0.478222 
747.587969 0.872708 0.536657 
749.083033 0.429041 0.873023 
749.856394 0.515193 0.012396 
751.481580 0.869996 0.486182 
751.599089 0.808138 0.122288 
753.187010 0.618236 0.243761 
753.240331 0.190437 0.137319 
753.714236 0.580609 0.195168 
754.609080 0.744882 0.297816 
757.338586 0.047729 0.072802 
757.834888 0.707898 0.234587 
758.735658 0.035384 0.838988 
758.820826 0.602167 0.095996 
760.205625 0.304715 0.462628 
761.538984 0.225880 0.690823 
761.574052 0.761561 0.127505 
762.266657 0.475942 0.512001 
762.560632 0.077915 0.255682 
762.602164 0.927899 0.357487 
763.194112 0.793786 0.968755 
764.649249 0.185937 0.882330 
764.679741 0.659555 0.117134 
764.958386 0.203864 0.395286 
766.874096 0.523013 0.511560 
767.893256 0.559598 0.321906 
769.775201 0.334167 0.971392 
770.143761 0.265311 0.481420 
770.754476 0.194695 0.495371 
772.133128 0.623845 0.088659 
773.935659 0.270601 0.474321 
776.650695 0.571626 0.098196 
776.844748 0.951846 0.846707 
777.526659 0.279821 0.426970 
777.536908 0.766393 0.763940 
778.728574 0.473148 0.232722 
778.765115 0.732229 0.259596 
779.567814 0.870101 0.301228 
780.670733 0.668519 0.375560 
780.798896 0.361604 0.908550 
780.845518 0.450988 0.266035 
780.956929 0.884200 0.570291 
784.341094 0.127790 0.337941 
784.912351 0.226219 0.784646 
785.296843 0.320750 0.709304 
785.866806 0.294504 0.096724 
786.611526 0.715964 0.645940 
787.949189 0.610470 0.349416 
789.534351 0.865087 0.521516 
790.215925 0.682952 0.155111 
790.457325 0.481607 0.062608 
793.300510 0.420527 0.876885 
793.338147 0.304838 0.896210 
794.725792 0.089603 0.080157 
795.231250 0.898126 0.088181 
795.658954 0.009132 0.343731 
798.432566 0.807678 0.751273 
799.064045 0.614038 0.700710 
799.242341 0.796635 0.370554 
802.822458 0.105892 0.861375 
802.832460 0.461685 0.682028 
805.262861 0.426555 0.238124 
807.778729 0.061753 0.906580 
808.365489 0.685551 0.286471 
808.649326 0.544728 0.810663 
808.896582 0.479943 0.776269 
810.532016 0.974577 0.653748 
813.409098 0.550564 0.082608 
813.422076 0.683374 0.230761 
813.664543 0.601387 0.252522 
813.745609 0.654141 0.863761 
814.212996 0.524733 0.787624 
814.683331 0.047172 0.480788 
815.595040 0.775462 0.545300 
817.046055 0.154547 0.530960 
820.332782 0.996167 0.484224 
820.721655 0.729463 0.484841 
821.015979 0.569004 0.261123 
821.078029 0.109561 0.894254 
821.423694 0.475762 0.193935 
825.973153 0.689059 0.096077 
826.039799 0.808526 0.151583 
826.186273 0.878929 0.179450 
828.613292 0.134052 0.556318 
828.663822 0.053596 0.900908 
830.922550 0.574423 0.249236 
830.959670 0.066101 0.693356 
831.281856 0.343660 0.608306 
832.888356 0.385080 0.152944 
836.320678 0.972033 0.663712 
836.799289 0.974281 0.278721 
839.308801 0.432584 0.853973 
840.011682 0.497719 0.469787 
840.637611 0.473562 0.987692 
840.866088 0.005256 0.077654 
840.875771 0.172178 0.734115 
841.292469 0.129206 0.360605 
841.499758 0.909475 0.527278 
841.749353 0.447387 0.157572 
844.142928 0.491441 0.493526 
844.812752 0.641871 0.560465 
845.556894 0.824408 0.808804 
847.081467 0.699016 0.760896 
847.447101 0.523924 0.223206 
847.796363 0.413671 0.938333 
848.177755 0.259750 0.571621 
848.812452 0.939467 0.567674 
848.970986 0.149901 0.812844 
849.071145 0.246173 0.315364 
849.825686 0.087352 0.313481 
851.055313 0.265881 0.409218 
853.952397 0.442819 0.945890 
855.994604 0.226286 0.343263 
856.654389 0.818476 0.021033 
858.001866 0.468417 0.088375 
858.132720 0.171392 0.030304 
859.070787 0.821248 0.351219 
860.779294 0.788013 0.641701 
861.222812 0.321244 0.288182 
862.524667 0.616543 0.136314 
863.976877 0.547885 0.914337 
865.905294 0.069036 0.289038 
866.039726 0.134176 0.625897 
866.224568 0.051155 0.435578 
866.561771 0.335741 0.804314 
869.191419 0.149347 0.773133 
870.325869 0.018013 0.671212 
873.695428 0.324513 0.974004 
873.983026 0.821420 0.304307 
876.656731 0.102842 0.607920 
877.927315 0.984854 0.223397 
879.632756 0.454785 0.194465 
879.905595 0.496264 0.544241 
879.982813 0.286135 0.438997 
880.568887 0.532332 0.060797 
880.923282 0.995061 0.035005 
881.212403 0.401148 0.368585 
881.749489 0.778503 0.460923 
882.301332 0.840480 0.731988 
882.606675 0.243808 0.155371 
882.816922 0.486287 0.397667 
884.162482 0.977812 0.707336 
885.550776 0.410288 0.237017 
885.585420 0.771055 0.756708 
888.881518 0.627740 0.118124 
890.072876 0.048072 0.829367 
890.947447 0.231736 0.701060 
891.588947 0.042168 0.293483 
891.677567 0.485361 0.050441 
891.875745 0.699229 0.500453 
892.673409 0.764866 0.767573 
893.806912 0.631976 0.445894 
893.981866 0.235347 0.897757 
894.225784 0.706894 0.590829 
895.773033 0.581543 0.879790 
896.607312 0.852103 0.253604 
897.240246 0.310856 0.287288 
897.301928 0.276860 0.849693 
898.620128 0.995937 0.841873 
899.001711 0.528762 0.720495 
901.784023 0.671800 0.824770 
901.927369 0.542114 0.531554 
903.777355 0.687838 0.629266 
904.190302 0.301817 0.129770 
904.206246 0.438580 0.255590 
905.280113 0.863336 0.666977 
906.318257 0.773161 0.463840 
907.507028 0.804288 0.766557 
908.419486 0.880095 0.608787 
908.603130 0.104327 0.948105 
910.046059 0.117354 0.914627 
911.071902 0.072454 0.665093 
911.920651 0.669135 0.780469 
912.584708 0.924372 0.895534 
913.669346 0.756921 0.146638 
916.364466 0.119759 0.245802 
916.642549 0.945582 0.635754 
917.700609 0.278295 0.222509 
919.170747 0.195220 0.772898 
922.680002 0.427904 0.064763 
922.963000 0.092532 0.248296 
925.895122 0.101043 0.084782 
926.057257 0.232404 0.520424 
926.190663 0.829622 0.155229 
927.932903 0.486179 0.918414 
928.749124 0.541538 0.098039 
929.690125 0.220691 0.267550 
930.680013 0.132395 0.441620 
931.568650 0.058198 0.897101 
933.006850 0.461645 0.997485 
933.448285 0.999305 0.632217 
934.214249 0.027008 0.947066 
934.357941 0.232563 0.434184 
934.810101 0.357626 0.695576 
939.701016 0.648523 0.666525 
939.747500 0.933128 0.463893 
947.062537 0.350553 0.140331 
948.615384 0.562056 0.065621 
950.018373 0.067449 0.839539 
950.282535 0.177361 0.842654 
951.567759 0.840024 0.101834 
952.576850 0.537342 0.413904 
954.889408 0.833904 0.858599 
956.540731 0.362038 0.466983 
957.501755 0.605892 0.109345 
957.610761 0.103356 0.628248 
957.632358 0.433305 0.638003 
959.005171 0.786891 0.144131 
959.467358 0.125591 0.074491 
960.332024 0.375456 0.304923 
963.006735 0.610634 0.869467 
965.649680 0.743490 0.821739 
966.039078 0.895034 0.043991 
966.519169 0.441328 0.993551 
966.786998 0.905556 0.247124 
968.143339 0.226394 0.292881 
968.176963 0.416929 0.878125 
968.905068 0.446067 0.061968 
969.082589 0.498476 0.946298 
969.714652 0.839925 0.586656 
969.841667 0.729021 0.459409 
971.212224 0.671565 0.559238 
971.798017 0.611820 0.408603 
972.858983 0.356538 0.714031 
973.231919 0.193335 0.662428 
973.893202 0.260804 0.237090 
974.571567 0.478000 0.415381 
976.864004 0.797697 0.488071 
977.234406 0.905449 0.156451 
979.559365 0.980597 0.310897 
980.119469 0.833644 0.718800 
983.488308 0.999502 0.850341 
984.491526 0.901001 0.730576 
984.572136 0.422086 0.589862 
986.301610 0.014328 0.086901 
986.633308 0.141510 0.577963 
986.797224 0.770585 0.701165 
987.955653 0.705743 0.949991 
989.165025 0.792178 0.758098 
989.293173 0.603557 0.488090 
989.894779 0.876930 0.444133 
990.487195 0.150448 0.456104 
992.475561 0.700927 0.186763 
993.589605 0.162694 0.387364 
993.982923 0.814547 0.720199 
994.632401 0.118516 0.634588 
995.132960 0.277963 0.418854 
997.053416 0.138518 0.402067 
997.262403 0.144186 0.922722 
997.306664 0.021588 0.349148 
998.141678 0.094475 0.994953 
1000.214149 0.887635 0.289965 
1000.737972 0.229423 0.095605 
1000.960790 0.712940 0.821045 
1001.040964 0.018923 0.585254 
1002.682729 0.414349 0.114591 
1004.262726 0.648101 0.106987 
1004.405680 0.137479 0.215129 
1004.564537 0.905851 0.392652 
1005.981989 0.367290 0.923978 
1006.781334 0.540036 0.225960 
1006.943143 0.024298 0.272049 
1008.191632 0.656355 0.242311 
1008.561400 0.638775 0.593128 
1009.644782 0.756117 0.324071 
1010.240282 0.464436 0.173974 
1011.247632 0.154494 0.737609 
1012.224753 0.769888 0.775847 
1012.614528 0.523197 0.821988 
1012.669274 0.363653 0.054309 
1014.286503 0.900152 0.203958 
1014.789678 0.696223 0.174303 
1016.488947 0.600999 0.262392 
1018.639727 0.501556 0.007464 
1019.090073 0.565661 0.666013 
1019.229579 0.508144 0.934458 
1019.238747 0.333903 0.074225 
1020.607386 0.361898 0.359416 
1020.672456 0.303424 0.387352 
1021.654703 0.802479 0.921387 
1023.213711 0.893380 0.041546 
1024.770196 0.447168 0.213437 
1024.832483 0.292589 0.150491 
1029.210593 0.073601 0.063167 
1029.570574 0.708613 0.220915 
1031.111858 0.502610 0.719152 
1032.219617 0.178841 0.193917 
1033.015247 0.685984 0.545557 
1033.783505 0.463469 0.811806 
1034.263404 0.402955 0.237889 
1035.089073 0.705725 0.865322 
1037.433589 0.014543 0.183517 
1037.695591 0.416340 0.631223 
1040.526342 0.159387 0.819183 
1040.891389 0.606665 0.373153 
1041.349101 0.345692 0.186854 
1042.605255 0.210047 0.071324 
1044.350017 0.240173 0.269289 
1045.803581 0.370126 0.056170 
1048.108886 0.512555 0.364664 
1048.181362 0.845471 0.828319 
1050.088799 0.671823 0.137124 
1051.673999 0.215774 0.941565 
1054.812556 0.601245 0.104475 
1055.330421 0.248533 0.344787 
1055.713173 0.647669 0.188012 
1056.842675 0.096474 0.694317 
1057.480244 0.961886 0.218439 
1060.437684 0.747398 0.521154 
1060.844350 0.567160 0.169235 
1064.114640 0.369816 0.881230 
1064.299460 0.391450 0.190591 
1064.556857 0.218069 0.443391 
1064.743442 0.912458 0.753782 
1065.486774 0.446861 0.093728 
1066.067882 0.123663 0.420032 
1066.426920 0.561565 0.409846 
1067.433562 0.059605 0.613878 
1067.952830 0.083889 0.369292 
1070.201996 0.047798 0.271103 
1071.535740 0.975397 0.264980 
1072.379916 0.170751 0.905513 
1073.557114 0.845030 0.570145 
1078.991680 0.133914 0.056333 
1079.236900 0.771025 0.854780 
1079.422169 0.390565 0.583686 
1081.023208 0.882426 0.910328 
1081.085439 0.180360 0.434189 
1084.902764 0.870179 0.092470 
1084.988080 0.717981 0.667469 
1085.778799 0.889921 0.311733 
1088.613112 0.963744 0.833105 
1090.827052 0.657394 0.280088 
1091.018542 0.147852 0.160026 
1091.621936 0.345008 0.955817 
1091.851794 0.356491 0.070601 
1092.090201 0.173974 0.744148 
1092.331467 0.673715 0.803837 
1095.530879 0.226528 0.828789 
1096.737697 0.097850 0.129115 
1097.785160 0.479527 0.108399 
1099.639979 0.255889 0.957830 
1101.002616 0.303926 0.065083 
1101.150584 0.047494 0.728889 
1103.665108 0.772101 0.931091 
1103.915814 0.066262 0.595512 
1104.323197 0.442555 0.162235 
1104.743406 0.911101 0.539945 
1104.807590 0.630210 0.015329 
1105.253037 0.121927 0.198530 
1105.353002 0.959909 0.929062 
1105.909263 0.083215 0.245603 
1106.043462 0.175835 0.213274 
1107.433650 0.817911 0.103052 
1107.752121 0.358534 0.836745 
1109.317294 0.086579 0.630026 
1109.613475 0.982678 0.529813 
1110.740076 0.932161 0.393805 
1110.772845 0.467628 0.126339 
1110.919425 0.068643 0.372709 
1111.829302 0.885547 0.693710 
1112.239789 0.761684 0.501780 
1113.042529 0.588546 0.734902 
1114.230104 0.578828 0.261920 
1114.543894 0.185852 0.491843 
1115.168103 0.844726 0.306777 
1115.778141 0.130881 0.329572 
1117.535943 0.891389 0.352607 
1117.768484 0.417399 0.897110 
1117.791575 0.093920 0.238405 
1118.285396 0.466929 0.629367 
1118.371461 0.327614 0.917025 
1121.173675 0.887945 0.244539 
1123.015101 0.859059 0.852771 
1127.361753 0.634187 0.591745 
1127.954917 0.874388 0.373534 
1129.006506 0.041697 0.036658 
1129.733825 0.570510 0.775664 
1130.033483 0.072460 0.428921 
1130.364789 0.961195 0.136326 
1130.741229 0.935913 0.651035 
1133.760994 0.597095 0.776182 
1135.341746 0.420349 0.015904 
1136.926885 0.547205 0.177459 
1137.048877 0.204723 0.811018 
1137.979575 0.088715 0.265172 
1138.519263 0.696675 0.918225 
1139.479178 0.122154 0.432324 
1141.922600 0.336202 0.428969 
1142.469987 0.486313 0.423059 
1142.675752 0.221760 0.741707 
1143.223452 0.458376 0.530175 
1143.844789 0.512828 0.121024 
1145.013549 0.685161 0.115595 
1145.076342 0.976283 0.898848 
1145.219062 0.201757 0.346210 
1146.633707 0.150447 0.699291 
1147.874375 0.882807 0.757301 
1148.282167 0.171570 0.561432 
1150.204414 0.474849 0.188001 
1150.976416 0.663746 0.575880 
1151.257527 0.799194 0.316712 
1153.063999 0.384826 0.809691 
1154.313255 0.361629 0.875373 
1155.421560 0.700805 0.348813 
1155.621913 0.576058 0.845103 
1156.975393 0.124010 0.457989 
1157.824049 0.877098 0.656213 
1158.450590 0.273435 0.189086 
1160.353692 0.301733 0.711446 
1160.544206 0.680109 0.719209 
1160.800569 0.109176 0.449722 
1161.543004 0.870994 0.786960 
1162.302300 0.595825 0.992499 
1165.360650 0.219606 0.078315 
1166.294383 0.031444 0.996240 
1166.703933 0.929147 0.027930 
1168.189182 0.330758 0.614439 
1169.233478 0.616756 0.359656 
1169.561850 0.901734 0.854520 
1169.945570 0.866064 0.006626 
1170.931089 0.856463 0.121645 
1173.251259 0.526481 0.136201 
1173.303585 0.661873 0.780184 
1174.085205 0.524621 0.688896 
1175.366860 0.817912 0.021315 
1176.108910 0.761466 0.612717 
1176.186305 0.373124 0.775914 
1176.740816 0.183188 0.535697 
1177.469080 0.013154 0.447397 
1178.217912 0.402875 0.785560 
1179.327917 0.596917 0.272598 
1180.330395 0.198641 0.150764 
1181.034177 0.534416 0.528389 
1183.126877 0.852864 0.343041 
1184.525709 0.819966 0.358637 
1185.387108 0.529751 0.151348 
1185.778453 0.097764 0.295500 
1185.840049 0.584530 0.763390 
1186.439453 0.532017 0.000970 
1190.152512 0.194963 0.652990 
1192.654526 0.686261 0.215001 
1193.187504 0.267373 0.944699 
1194.208393 0.067070 0.378617 
1194.236399 0.811789 0.376583 
1194.289750 0.814937 0.409458 
1194.608004 0.082885 0.293894 
1196.174125 0.881111 0.381080 
1196.532396 0.639652 0.110118 
1196.588374 0.804264 0.192818 
1196.879459 0.735158 0.918142 
1197.025513 0.588257 0.066282 
1197.434419 0.317779 0.583197 
1198.263413 0.049195 0.412045 
1199.155990 0.081954 0.292190 
1200.036259 0.703302 0.980691 
1200.167790 0.660963 0.953636 
1201.274940 0.319741 0.832564 
1202.256229 0.476778 0.855308 
1203.248584 0.616927 0.388158 
1204.784211 0.160297 0.332961 
1206.533908 0.691507 0.743443 
1207.155767 0.070068 0.465598 
1207.333629 0.036194 0.572088 
1207.561501 0.393625 0.251447 
1208.354749 0.387984 0.599581 
1209.690528 0.686162 0.286521 
1209.753945 0.637354 0.597498 
1209.764193 0.054108 0.656462 
1210.420287 0.095550 0.605208 
1211.172451 0.191979 0.370697 
1212.756821 0.921542 0.019871 
1213.444644 0.274628 0.066046 
1214.531641 0.574314 0.344256 
1214.752930 0.238818 0.016238 
1214.882375 0.224388 0.524722 
1215.893088 0.745788 0.161184 
1216.006150 0.543156 0.534535 
1216.364991 0.870065 0.418285 
1216.905369 0.239473 0.224625 
1219.081891 0.016277 0.373854 
1219.533276 0.823744 0.360947 
1222.793631 0.356537 0.930190 
1222.913062 0.636608 0.110495 
1226.248276 0.541638 0.496017 
1227.994307 0.347328 0.788873 
1228.731088 0.494335 0.634510 
1230.158747 0.108687 0.397925 
1231.299644 0.125360 0.457020 
1233.160950 0.659881 0.415859 
1234.292739 0.573842 0.421305 
1235.074240 0.575647 0.570532 
1235.076065 0.512795 0.625507 
1239.667496 0.305777 0.036526 
1241.987767 0.510500 0.741058 
1242.902242 0.787155 0.414019 
1244.225560 0.762525 0.419658 
1244.816869 0.076743 0.027852 
1246.286535 0.858934 0.952975 
1246.844454 0.727255 0.324876 
1246.880756 0.834208 0.925552 
1248.362205 0.460494 0.482378 
1251.169492 0.898304 0.779291 
1251.268013 0.099387 0.340215 
1251.808111 0.078227 0.657365 
1252.961050 0.654713 0.897581 
1255.070371 0.268636 0.663053 
1255.862089 0.933693 0.640981 
1257.058223 0.628667 0.026106 
1259.270086 0.998704 0.268379 
1259.485470 0.869590 0.656464 
1262.771507 0.654155 0.049562 
1264.344502 0.356830 0.128106 
1264.770570 0.882686 0.960332 
1267.787143 0.459349 0.133909 
1267.993125 0.699703 0.131237 
1271.028043 0.795956 0.698910 
1271.229759 0.917320 0.320589 
1271.381731 0.419997 0.524671 
1272.148424 0.157424 0.195894 
1273.396028 0.331329 0.782941 
1273.956543 0.225434 0.522303 
1275.525447 0.516464 0.317757 
1276.128941 0.367006 0.775763 
1276.267248 0.148139 0.153699 
1276.363592 0.169965 0.693008 
1276.536451 0.579482 0.623541 
1276.747110 0.325747 0.322326 
1277.534607 0.176977 0.251713 
1278.640695 0.199510 0.584129 
1279.120588 0.422835 0.304479 
1279.722055 0.034339 0.380991 
1280.382279 0.529058 0.163463 
1281.071208 0.764026 0.053525 
1282.426683 0.086255 0.441202 
1282.669886 0.605209 0.945810 
1285.267146 0.286756 0.810986 
1285.695217 0.460950 0.215408 
1286.048982 0.576381 0.542925 
1286.133156 0.186051 0.211915 
1287.251339 0.286956 0.927731 
1287.442544 0.581392 0.622805 
1289.400719 0.454430 0.233500 
1289.913319 0.385361 0.659484 
1289.914603 0.821349 0.774142 
1290.296048 0.324410 0.239706 
1293.346892 0.806082 0.189561 
1293.705095 0.225665 0.747042 
1293.770282 0.166422 0.160922 
1294.070009 0.856652 0.511829 
1296.274041 0.364404 0.157291 
1296.515700 0.962171 0.012868 
1296.908634 0.111468 0.598622 
1297.945754 0.733366 0.596596 
1299.530871 0.844743 0.777696 
1301.898013 0.443211 0.308231 
1304.934643 0.936208 0.099011 
1305.357659 0.001264 0.972093 
1305.947171 0.762379 0.817498 
1306.398164 0.750061 0.382954 
1306.567749 0.365042 0.183544 
1308.045057 0.441488 0.459026 
1308.231548 0.516723 0.670354 
1310.713054 0.537788 0.153491 
1311.782033 0.919633 0.879928 
1312.925035 0.394181 0.986455 
1312.937152 0.616439 0.786712 
1315.370826 0.842918 0.800798 
1315.691501 0.120190 0.938997 
1316.591841 0.554891 0.823486 
1318.169259 0.486358 0.244802 
1319.984123 0.536226 0.481887 
1320.594255 0.010575 0.781586 
1321.869916 0.429283 0.219594 
1323.682012 0.673569 0.042028 
1323.742618 0.324701 0.627948 
1323.756379 0.122932 0.896945 
1324.751120 0.605983 0.559744 
1328.840398 0.780791 0.706153 
1330.606557 0.754739 0.833321 
1331.053112 0.111563 0.881697 
1331.135076 0.892312 0.763704 
1334.006408 0.247758 0.949621 
1334.487189 0.886057 0.339051 
1335.364222 0.004570 0.329254 
1336.387868 0.673458 0.136731 
1336.699678 0.245323 0.589785 
1337.278753 0.901507 0.589982 
1339.116647 0.873753 0.978786 
1339.528589 0.649315 0.688170 
1340.240364 0.349405 0.382031 
1340.697381 0.190768 0.838153 
1341.386345 0.536637 0.073962 
1341.866281 0.809240 0.244321 
1342.468072 0.180440 0.188689 
1343.739760 0.522895 0.959175 
1344.746666 0.426247 0.532770 
1345.800481 0.073737 0.054052 
1346.926205 0.620238 0.169376 
1348.239375 0.570666 0.939569 
1349.159713 0.235997 0.258257 
1350.197430 0.332993 0.705116 
1350.786486 0.019923 0.482458 
1351.989104 0.122107 0.910103 
1353.251356 0.832414 0.815820 
1354.497576 0.970062 0.864398 
1354.745800 0.410653 0.313128 
1357.196980 0.899936 0.717386 
1357.847660 0.808785 0.031878 
1357.965607 0.990977 0.307570 
1358.264734 0.846201 0.742652 
1358.269676 0.638332 0.655827 
1358.516926 0.633250 0.179009 
1358.534987 0.219825 0.235185 
1358.852970 0.038576 0.713058 
1359.195434 0.444594 0.370580 
1360.312157 0.775368 0.826698 
1360.709459 0.502523 0.225819 
1361.295637 0.198516 0.845313 
1362.470621 0.972946 0.744460 
1363.417216 0.612550 0.742821 
1364.102237 0.509827 0.153456 
1365.557094 0.867814 0.049850 
1367.046688 0.592899 0.541207 
1367.898269 0.968068 0.198022 
1368.838845 0.886448 0.019913 
1369.091094 0.075720 0.569909 
1370.337413 0.193030 0.648380 
1371.062703 0.788527 0.518121 
1372.493674 0.331768 0.596753 
1374.177086 0.095060 0.570093 
1377.506660 0.885741 0.214866 
1377.864758 0.063995 0.256970 
1380.095818 0.497446 0.879520 
1380.384164 0.488425 0.182157 
1382.018528 0.728731 0.679770 
1383.026813 0.510877 0.796605 
1385.027514 0.883120 0.199490 
1386.764809 0.210174 0.290628 
1387.992348 0.278656 0.605310 
1388.251517 0.559289 0.483713 
1388.429935 0.349205 0.047611 
1389.743340 0.643975 0.450656 
1390.016728 0.940642 0.676652 
1391.055130 0.525720 0.118979 
1391.756019 0.089207 0.051030 
1392.246849 0.820528 0.289868 
1392.550709 0.748710 0.999099 
1392.774687 0.771802 0.783255 
1395.708316 0.955778 0.244213 
1396.146255 0.713490 0.780005 
1396.302494 0.834556 0.470181 
1396.870217 0.842654 0.424985 
1398.139219 0.484135 0.065252 
1399.508023 0.808739 0.660533 
1404.071585 0.142263 0.755053 
1405.497656 0.070994 0.307622 
1405.792916 0.027183 0.411813 
1406.013673 0.696426 0.135658 
1406.793458 0.891597 0.976763 
1407.641385 0.845380 0.070290 
1408.116563 0.893692 0.985146 
1409.907992 0.719220 0.502194 
1410.083479 0.095156 0.858689 
1410.161268 0.673533 0.340446 
1412.492848 0.230566 0.717626 
1413.308320 0.115169 0.615852 
1415.500713 0.810932 0.351394 
1418.349133 0.995338 0.287745 
1418.900207 0.347427 0.541186 
1419.430188 0.552716 0.737338 
1420.326840 0.218185 0.412331 
1420.485781 0.517541 0.017314 
1420.995408 0.101902 0.964369 
1423.200064 0.826860 0.101776 
1423.321327 0.070253 0.632025 
1423.467482 0.703598 0.086878 
1425.923248 0.677580 0.101817 
1426.186007 0.379648 0.386075 
1427.928901 0.869731 0.921563 
1428.424826 0.320615 0.137702 
1431.215888 0.736084 0.280022 
1431.890313 0.964878 0.713899 
1433.264908 0.210296 0.116726 
1436.096622 0.790972 0.641262 
1436.537215 0.324981 0.467087 
1436.807208 0.136579 0.537189 
1437.588848 0.475315 0.806875 
1437.812487 0.496039 0.173926 
1439.511383 0.946517 0.158773 
1440.792452 0.211682 0.632035 
1443.438738 0.788343 0.734032 
1444.471797 0.095781 0.440339 
1445.084564 0.610008 0.265116 
1445.628271 0.848311 0.350779 
1446.626536 0.312015 0.575634 
1451.409208 0.191654 0.781838 
1451.618530 0.806713 0.808126 
1451.875359 0.742813 0.123855 
1451.936698 0.524159 0.911373 
1453.675322 0.176658 0.941365 
1453.991236 0.826659 0.107537 
1455.300194 0.055787 0.561452 
1456.474328 0.532266 0.532693 
1457.539856 0.995865 0.419178 
1458.844882 0.365719 0.871504 
1458.849326 0.088156 0.387458 
1459.915042 0.126807 0.837404 
1460.224367 0.439189 0.880285 
1460.862948 0.072174 0.945798 
1461.235448 0.983895 0.646562 
1461.342642 0.371025 0.057710 
1462.470810 0.688449 0.369786 
1462.522726 0.964185 0.527107 
1463.940566 0.669707 0.149009 
1464.809650 0.600593 0.349540 
1465.916029 0.867813 0.246651 
1468.825254 0.179472 0.086887 
1471.928746 0.151488 0.815448 
1476.508517 0.083957 0.119134 
1477.763687 0.797016 0.133622 
1477.846966 0.138974 0.528896 
1478.747044 0.383737 0.231477 
1479.305896 0.197658 0.218957 
1479.316015 0.117365 0.900640 
1479.394397 0.559285 0.396767 
1479.537339 0.913559 0.429397 
1480.137042 0.271420 0.863690 
1480.256585 0.741168 0.234202 
1481.682100 0.196945 0.104193 
1482.014289 0.444575 0.077389 
1483.147532 0.897640 0.541566 
1483.927911 0.361923 0.328991 
1484.227171 0.074811 0.408753 
1485.020138 0.101661 0.813897 
1485.827421 0.679763 0.579649 
1486.536244 0.022352 0.942300 
1487.121833 0.025466 0.783070 
1487.206329 0.380600 0.307299 
1490.332044 0.543812 0.640699 
1490.337177 0.029703 0.606203 
1490.595805 0.583827 0.544586 
1491.372032 0.789097 0.963533 
1491.718340 0.661085 0.449703 
1492.486567 0.136184 0.187643 
1492.997996 0.839050 0.962759 
1494.274491 0.060425 0.947332 
1495.081704 0.500053 0.280609 
1495.084358 0.517479 0.685274 
1495.919968 0.980952 0.392683 
1496.425270 0.215164 0.062960 
1498.145829 0.390661 0.877832 
1498.589973 0.157962 0.217656 
1500.786453 0.766463 0.613441 
1501.039978 0.346067 0.541212 
1501.700035 0.077943 0.193201 
1502.559926 0.583467 0.118783 
1502.583319 0.461052 0.555582 
1502.936680 0.418839 0.846067 
1504.591196 0.788166 0.049254 
1504.758291 0.919509 0.578545 
1506.495001 0.579209 0.648236 
1506.601784 0.832661 0.729839 
1507.653219 0.454313 0.478543 
1508.405519 0.177683 0.904508 
1510.852918 0.444363 0.305988 
1511.049212 0.754638 0.432377 
1513.942887 0.059856 0.957564 
1513.987443 0.278196 0.219485 
1514.935297 0.868875 0.936043 
1515.063718 0.930988 0.470139 
1516.330104 0.440832 0.843034 
1517.918265 0.899857 0.805630 
1518.089861 0.532153 0.082404 
1518.471756 0.531281 0.181848 
1519.688749 0.700503 0.302890 
1519.702308 0.394311 0.277015 
1520.234162 0.155968 0.207956 
1522.074795 0.347695 0.401278 
1522.504469 0.828633 0.385698 
1522.705952 0.794896 0.430795 
1524.008998 0.236416 0.000904 
1524.240143 0.917504 0.139304 
1526.037406 0.260719 0.668280 
1528.107563 0.286794 0.310280 
1529.509119 0.053082 0.206082 
1529.723876 0.056135 0.179742 
1529.957073 0.779531 0.625113 
1533.181288 0.896063 0.773996 
1533.521127 0.610436 0.556824 
1533.595594 0.032569 0.219909 
1534.367602 0.948253 0.736897 
1534.555281 0.173020 0.218560 
1536.151984 0.300246 0.694540 
1536.265973 0.438516 0.547798 
1538.216506 0.656696 0.613196 
1540.600510 0.520435 0.336111 
1541.090852 0.338682 0.528170 
1541.279486 0.540122 0.418693 
1541.558217 0.707100 0.863475 
1543.841274 0.403198 0.761171 
1546.793889 0.124738 0.557457 
1547.767585 0.352141 0.723147 
1548.820168 0.240550 0.433713 
1549.928312 0.582241 0.613336 
1550.863546 0.844591 0.130476 
1551.957198 0.697675 0.197346 
1552.081089 0.430391 0.045184 
1552.250288 0.948964 0.253590 
1552.518162 0.550104 0.852170 
1553.080339 0.231281 0.573734 
1555.275195 0.269686 0.337357 
1555.382504 0.411130 0.476328 
1555.848875 0.016414 0.304035 
1556.453923 0.743907 0.099723 
1557.609419 0.280730 0.889369 
1561.794449 0.479952 0.237165 
1563.158979 0.668777 0.003467 
1563.519813 0.927156 0.413132 
1563.962310 0.205842 0.795760 
1564.484343 0.173063 0.513363 
1566.833063 0.347869 0.784209 
1570.318028 0.226483 0.071638 
1570.415920 0.555440 0.044258 
1571.326960 0.837590 0.669148 
1571.664808 0.332389 0.045540 
1574.044452 0.776364 0.151524 
1575.172030 0.881091 0.166647 
1576.563541 0.238550 0.677303 
1576.736271 0.368855 0.213555 
1578.623635 0.678210 0.507785 
1578.815308 0.148898 0.921877 
1581.292799 0.419988 0.925135 
1585.768566 0.711846 0.986638 
1586.022035 0.833017 0.092627 
1588.552755 0.058832 0.628190 
1588.912037 0.598101 0.603871 
1589.291203 0.174146 0.450357 
1589.623159 0.584499 0.966291 
1591.750660 0.654373 0.947595 
1591.795661 0.151038 0.372177 
1592.322371 0.568697 0.104484 
1594.369361 0.410901 0.120845 
1594.455088 0.883142 0.687942 
1594.502579 0.405577 0.876440 
1595.500668 0.825504 0.955812 
1596.026067 0.755454 0.162553 
1597.425218 0.795396 0.869756 
1598.393824 0.874028 0.931022 
1600.044562 0.656228 0.297711 
1601.086175 0.764162 0.639350 
1601.094462 0.784850 0.301149 
1601.442197 0.541949 0.155775 
1603.032874 0.550586 0.660070 
1603.151590 0.288406 0.808988 
1603.859605 0.545785 0.034921 
1604.987264 0.142650 0.281266 
1605.236329 0.052503 0.927938 
1605.956571 0.421047 0.214470 
1606.751070 0.657974 0.165028 
1607.369615 0.603624 0.078367 
1608.811489 0.119122 0.239027 
1609.202041 0.935677 0.108443 
1609.817048 0.787120 0.465993 
1611.431424 0.814580 0.573761 
1613.106527 0.427560 0.102138 
1614.791847 0.536018 0.000772 
1615.626299 0.841441 0.598814 
1616.474329 0.277549 0.326842 
1616.636050 0.807630 0.522581 
1617.783692 0.400507 0.440036 
1618.561953 0.046817 0.292898 
1620.490098 0.055888 0.953837 
1620.838051 0.316311 0.021550 
1622.154801 0.046309 0.394660 
1622.211776 0.262517 0.398120 
1622.276170 0.803059 0.990085 
1623.611105 0.250874 0.444403 
1623.884637 0.998188 0.624331 
1624.126936 0.658341 0.906428 
1624.146450 0.590592 0.332528 
1624.413186 0.210155 0.554907 
1629.710823 0.855936 0.438709 
1630.344661 0.661932 0.030986 
1631.048927 0.568867 0.993764 
1631.230670 0.025980 0.946254 
1632.318745 0.631097 0.138922 
1632.928373 0.274096 0.285295 
1633.399814 0.754312 0.424795 
1633.422966 0.407975 0.291430 
1634.919984 0.834652 0.259741 
1635.775156 0.226480 0.872044 
1636.447226 0.462034 0.277170 
1636.750785 0.368877 0.627946 
1640.098406 0.129363 0.763956 
1640.205730 0.487822 0.926943 
1640.713171 0.498470 0.337093 
1641.872649 0.676826 0.266951 
1642.798042 0.409301 0.901919 
1642.959092 0.271723 0.976633 
1643.404461 0.126248 0.261995 
1644.113707 0.334949 0.720230 
1647.089089 0.816290 0.901148 
1648.060109 0.342381 0.118525 
1648.332396 0.053444 0.895565 
1649.110914 0.808330 0.015888 
1649.753051 0.388862 0.095716 
1650.184136 0.801442 0.226442 
1650.603576 0.164729 0.631146 
1652.214709 0.841457 0.681395 
1652.242253 0.712883 0.640964 
1652.851170 0.306867 0.576482 
1655.485710 0.100481 0.978168 
1655.816017 0.614420 0.620300 
1656.141183 0.426388 0.723880 
1658.118815 0.504620 0.737376 
1658.582904 0.546921 0.890015 
1661.532787 0.769966 0.994118 
1661.958804 0.431333 0.275846 
1663.331426 0.329207 0.924733 
1663.543418 0.699990 0.045259 
1663.950968 0.516812 0.263879 
1664.391542 0.154009 0.033046 
1667.080036 0.007396 0.436509 
1668.263189 0.643731 0.226787 
1668.526500 0.499208 0.031613 
1668.565214 0.941703 0.964857 
1668.883812 0.731521 0.345475 
1670.609129 0.202713 0.732962 
1671.644829 0.923030 0.572825 
1675.787337 0.920933 0.289063 
1675.812475 0.478471 0.845898 
1676.217289 0.167366 0.030864 
1676.473555 0.333851 0.211520 
1676.779231 0.443654 0.523155 
1677.356300 0.720204 0.911013 
1677.515509 0.971365 0.242303 
1678.463227 0.676761 0.298621 
1678.745706 0.624441 0.213545 
1678.813690 0.523676 0.535532 
1679.980332 0.127159 0.005576 
1680.666740 0.519970 0.350033 
1683.416848 0.502128 0.852142 
1683.520633 0.629619 0.121902 
1684.511613 0.954568 0.402083 
1686.969260 0.055667 0.885345 
1688.948601 0.046200 0.099264 
1689.347804 0.094033 0.867669 
1691.194102 0.764420 0.624379 
1691.196728 0.958240 0.455605 
1691.442579 0.854564 0.687584 
1693.388826 0.121678 0.702962 
1697.293445 0.892006 0.692928 
1698.189545 0.629322 0.441785 
1698.374108 0.120493 0.227503 
1698.912197 0.749979 0.357712 
1701.902055 0.540767 0.419186 
1702.550094 0.257925 0.397838 
1704.231970 0.592792 0.286915 
1704.874186 0.601354 0.505089 
1704.914757 0.916165 0.733644 
1707.247664 0.404828 0.392993 
1707.518092 0.917158 0.090387 
1707.996826 0.408670 0.316623 
1708.310285 0.604525 0.695932 
1709.029850 0.169182 0.130573 
1709.124173 0.412677 0.260178 
1709.186678 0.443424 0.315214 
1709.570638 0.861220 0.076785 
1715.293813 0.275977 0.642269 
1715.631089 0.504646 0.144202 
1716.489713 0.353819 0.453449 
1717.727022 0.778509 0.864859 
1717.736422 0.337585 0.348316 
1717.832577 0.987119 0.367935 
1719.224992 0.424661 0.546555 
1721.160208 0.114975 0.453190 
1721.847225 0.977833 0.472008 
1721.970867 0.459156 0.665516 
1722.381380 0.539801 0.272633 
1722.387853 0.131167 0.508188 
1723.721294 0.475620 0.990669 
1725.005122 0.449908 0.916454 
1725.065030 0.657343 0.709710 
1725.715408 0.398801 0.320321 
1728.293598 0.889833 0.054937 
1728.617714 0.701945 0.520381 
1728.744238 0.873115 0.784885 
1730.898832 0.838958 0.546369 
1730.906544 0.042300 0.320919 
1731.499772 0.766540 0.214334 
1733.373895 0.682364 0.755775 
1733.532759 0.695220 0.514764 
1734.287762 0.837174 0.347559 
1734.844302 0.514864 0.504932 
1734.981206 0.955413 0.542945 
1737.733100 0.660813 0.396532 
1738.909864 0.640816 0.591853 
1739.479380 0.206028 0.309902 
1741.563193 0.123204 0.231509 
1742.329535 0.397828 0.506593 
1743.070804 0.301773 0.609824 
1743.236088 0.706255 0.659139 
1743.921050 0.609913 0.498631 
1744.316543 0.165548 0.117268 
1746.009026 0.472140 0.814588 
1746.515134 0.294614 0.239390 
1746.644857 0.551388 0.124642 
1750.131437 0.623045 0.819855 
1755.216233 0.245117 0.844065 
1757.709056 0.295996 0.496801 
1758.427527 0.555072 0.608451 
1758.772860 0.592003 0.882994 
1760.502037 0.841359 0.075689 
1762.478858 0.501429 0.539399 
1763.484571 0.631663 0.333282 
1764.618214 0.233658 0.888109 
1765.485015 0.459241 0.870793 
1766.342570 0.309944 0.672042 
1767.114269 0.782008 0.808327 
1767.168501 0.708217 0.302555 
1767.452664 0.147362 0.262227 
1770.123362 0.477107 0.885170 
1770.354082 0.864502 0.416322 
1770.862721 0.442148 0.760604 
1771.068388 0.747219 0.746974 
1771.434288 0.784156 0.399945 
1771.722463 0.971332 0.906204 
1773.552993 0.587153 0.931137 
1774.333019 0.901265 0.860427 
1774.522676 0.672364 0.169914 
1774.611963 0.587132 0.310516 
1774.616070 0.755850 0.505021 
1775.850628 0.712439 0.095356 
1776.522069 0.686514 0.734612 
1777.964788 0.060047 0.980605 
1778.324472 0.096409 0.935857 
1778.461155 0.192484 0.241848 
1778.679332 0.519990 0.957616 
1778.790043 0.953116 0.480791 
1779.767268 0.597851 0.691426 
1782.675429 0.231005 0.258226 
1783.543467 0.532161 0.819815 
1783.642010 0.338528 0.591011 
1783.703100 0.014377 0.128083 
1784.125640 0.458235 0.876927 
1784.401458 0.631593 0.002659 
1785.082493 0.119910 0.248634 
1785.173891 0.894296 0.459664 
1785.448406 0.682066 0.679106 
1786.431436 0.113660 0.487600 
1788.665979 0.265822 0.897482 
1793.462617 0.292518 0.195179 
1794.002082 0.850190 0.796537 
1794.059832 0.363831 0.672585 
1794.184701 0.766399 0.891863 
1794.847537 0.058917 0.240361 
1796.332085 0.921184 0.346514 
1796.599553 0.357078 0.788508 
1796.885613 0.901957 0.454001 
1797.736895 0.944743 0.352762 
1798.903679 0.786160 0.968345 
1799.691477 0.098747 0.593751 
1802.006213 0.365827 0.511413 
1802.126953 0.422508 0.806063 
1803.406529 0.880139 0.438790 
1804.604863 0.690027 0.450687 
1805.815469 0.873885 0.037351 
1809.069862 0.660271 0.908522 
1809.458298 0.946502 0.512496 
1811.247237 0.820276 0.683195 
1811.320399 0.786213 0.179939 
1814.160603 0.521305 0.856195 
1814.245650 0.108717 0.638589 
1814.681562 0.659630 0.846759 
1814.798429 0.262488 0.494467 
1815.683142 0.799183 0.278762 
1817.042888 0.507979 0.995982 
1817.258952 0.271706 0.899387 
1817.642824 0.487123 0.830804 
1818.017277 0.300397 0.805186 
1818.556175 0.425647 0.754372 
1819.492995 0.931846 0.048656 
1821.501334 0.681220 0.061359 
1821.926135 0.734851 0.268639 
1822.169706 0.729674 0.422129 
1822.526713 0.355256 0.311350 
1823.821957 0.355588 0.718284 
1828.878309 0.719231 0.660872 
1830.283742 0.305019 0.112286 
1831.045368 0.036798 0.111941 
1831.053260 0.088567 0.923327 
1833.417471 0.665728 0.454603 
1834.560596 0.915501 0.373610 
1836.656113 0.150326 0.631140 
1837.138302 0.828162 0.492685 
1837.525754 0.110142 0.566647 
1837.614881 0.027671 0.793273 
1840.042515 0.654780 0.041693 
1840.103790 0.963922 0.197036 
1840.431702 0.590204 0.554971 
1840.941574 0.294872 0.398169 
1842.233517 0.864157 0.629801 
1842.865710 0.426908 0.446605 
1843.277745 0.230322 0.945717 
1843.642540 0.454961 0.687560 
1846.001515 0.615893 0.041967 
1846.024204 0.300042 0.330892 
1846.097949 0.961242 0.549666 
1847.505443 0.049801 0.346643 
1848.070836 0.338328 0.012697 
1849.981918 0.090230 0.645445 
1851.221659 0.658400 0.159212 
1852.159893 0.047000 0.066492 
1852.340542 0.139627 0.633827 
1853.806249 0.524811 0.949825 
1856.329757 0.767665 0.280967 
1856.513246 0.385207 0.410824 
1857.352295 0.901675 0.113059 
1857.794107 0.687179 0.750659 
1858.192192 0.906236 0.483910 
1858.665425 0.603562 0.878178 
1858.946520 0.866078 0.981032 
1859.188619 0.823320 0.128322 
1860.186081 0.962810 0.995056 
1862.168452 0.220582 0.044708 
1863.662416 0.225391 0.892160 
1865.313149 0.184163 0.456714 
1868.868775 0.261109 0.063431 
1870.257013 0.669326 0.553516 
1870.466345 0.387431 0.681328 
1871.894922 0.622930 0.309232 
1872.905608 0.497775 0.776150 
1873.323030 0.114940 0.432425 
1873.687213 0.147404 0.383639 
1874.690369 0.417842 0.282147 
1876.268901 0.891895 0.207685 
1877.143703 0.973135 0.018451 
1878.573224 0.083272 0.832001 
1879.063673 0.278381 0.184927 
1879.513008 0.328769 0.664158 
1881.174979 0.551863 0.778714 
1881.517869 0.343895 0.757392 
1881.838091 0.762927 0.531840 
1882.329281 0.583235 0.366227 
1884.286335 0.333677 0.406968 
1884.898393 0.624757 0.308881 
1886.687005 0.413843 0.023772 
1887.651626 0.844460 0.983991 
1888.958407 0.314165 0.367335 
1889.772906 0.176164 0.755608 
1890.378813 0.636822 0.388158 
1892.140619 0.025476 0.741613 
1892.384757 0.887414 0.375870 
1893.369876 0.363922 0.463430 
1894.151417 0.250319 0.922543 
1896.485272 0.067557 0.891232 
1897.166700 0.217468 0.577042 
1897.276671 0.039854 0.592606 
1899.563591 0.184507 0.160525 
1900.074013 0.672578 0.138428 
1900.734789 0.106183 0.021832 
1901.083588 0.709941 0.196039 
1902.301404 0.676333 0.382132 
1903.613505 0.119272 0.975482 
1905.113735 0.368144 0.356778 
1906.563485 0.514837 0.271560 
1909.740643 0.218394 0.613684 
1910.099766 0.431157 0.873559 
1910.309652 0.770298 0.894038 
1910.968339 0.262797 0.573412 
1914.586697 0.245069 0.600546 
1916.643237 0.298172 0.778163 
1917.899361 0.698663 0.981456 
1918.220193 0.452232 0.216682 
1918.335394 0.021906 0.516712 
1918.707961 0.921034 0.707454 
1920.167146 0.180299 0.706083 
1920.310058 0.266688 0.825516 
1920.993092 0.162973 0.037922 
1923.214771 0.858899 0.608210 
1924.998631 0.295842 0.535215 
1926.329773 0.623679 0.887108 
1926.894985 0.063682 0.840126 
1927.131177 0.167984 0.216576 
1927.592457 0.280979 0.830962 
1927.844263 0.219365 0.058846 
1928.090221 0.433641 0.405937 
1928.265149 0.962734 0.570737 
1928.834303 0.419037 0.523078 
1929.112671 0.370236 0.437751 
1930.656361 0.078721 0.197828 
1932.646755 0.685994 0.222744 
1933.657164 0.253056 0.238388 
1934.400907 0.582963 0.004787 
1935.564854 0.550247 0.061006 
1935.764411 0.612261 0.439485 
1937.705792 0.132338 0.022350 
1937.846089 0.735968 0.392000 
1938.048910 0.803915 0.764723 
1939.391870 0.107473 0.728214 
1940.748157 0.072748 0.290871 
1941.183523 0.408621 0.624017 
1942.051393 0.308576 0.805635 
1945.275651 0.355189 0.269430 
1946.196120 0.035945 0.430438 
1946.497287 0.357697 0.981639 
1947.420314 0.568335 0.311885 
1948.418191 0.414662 0.985627 
1949.017820 0.304293 0.124327 
1949.331574 0.618991 0.423083 
1949.357048 0.932035 0.279501 
1951.712163 0.806115 0.865695 
1952.331598 0.937036 0.414931 
1952.360971 0.178691 0.378826 
1952.867090 0.661895 0.997349 
1953.008259 0.846596 0.610612 
1954.344812 0.518543 0.873902 
1954.408760 0.477550 0.863099 
1954.628062 0.309462 0.344071 
1955.064568 0.777582 0.815389 
1955.896400 0.543091 0.032133 
1957.288485 0.214618 0.319378 
1957.329933 0.120332 0.220558 
1958.195274 0.259242 0.634479 
1958.501719 0.982029 0.997130 
1961.120922 0.417166 0.764033 
1961.421355 0.632552 0.072296 
1961.432954 0.788790 0.410801 
1961.867634 0.126400 0.229900 
1962.918225 0.594407 0.406435 
1963.117889 0.742395 0.795028 
1963.253186 0.960440 0.123820 
1966.497482 0.483299 0.118211 
1967.151409 0.359368 0.735020 
1968.302601 0.546573 0.494687 
1968.530179 0.734181 0.978278 
1968.545196 0.653286 0.607017 
1971.123014 0.726098 0.148132 
1972.304259 0.201192 0.176934 
1972.687018 0.947007 0.969395 
1972.888787 0.047870 0.646301 
1973.523066 0.110559 0.440124 
1973.652878 0.089656 0.403650 
1975.843102 0.131271 0.188502 
1976.032678 0.089088 0.373253 
1976.059006 0.098573 0.905027 
1976.830510 0.679998 0.545942 
1977.340482 0.235963 0.845193 
1977.410692 0.512453 0.142449 
1977.710011 0.497615 0.025063 
1978.209610 0.656473 0.194459 
1978.673932 0.088564 0.927301 
1980.636493 0.698518 0.109000 
1980.761568 0.311874 0.135978 
1981.021780 0.305196 0.044935 
1981.726443 0.008459 0.794150 
1982.437507 0.127435 0.634089 
1982.695628 0.068339 0.836499 
1982.927368 0.229482 0.583042 
1985.521146 0.736853 0.712910 
1986.247984 0.300410 0.193051 
1986.601904 0.566505 0.631972 
1989.188045 0.905664 0.363603 
1989.370185 0.067509 0.260859 
1989.678853 0.151227 0.554670 
1989.823009 0.232991 0.023324 
1989.837091 0.410405 0.248753 
1990.477600 0.873574 0.231698 
1990.632908 0.208809 0.652842 
1990.819331 0.546178 0.463431 
1992.274286 0.947857 0.566104 
1993.290658 0.731388 0.336576 
1995.531017 0.340525 0.903918 
1995.862260 0.575674 0.740943 
1997.922485 0.776776 0.701802 
1998.565508 0.483953 0.193812 
1998.670091 0.543976 0.526204 
1998.750403 0.256244 0.672701 
1999.472738 0.147303 0.180957 
2000.239328 0.175032 0.108300 
2001.132699 0.775222 0.893521 
2001.928346 0.797128 0.349911 
2002.315136 0.853308 0.919628 
2002.455786 0.258918 0.420172 
2002.500874 0.434489 0.971949 
2003.484209 0.439263 0.781893 
2003.587974 0.545971 0.599895 
2005.291861 0.818987 0.044563 
2006.194409 0.195251 0.333842 
2007.575129 0.927526 0.346166 
2008.338372 0.207686 0.837673 
2009.043099 0.914568 0.148728 
2010.780142 0.730616 0.256150 
2012.517718 0.310338 0.174341 
2012.575658 0.555498 0.518211 
2012.675012 0.425341 0.987562 
2013.057020 0.399845 0.399381 
2013.695296 0.317803 0.045297 
2016.128580 0.037425 0.434727 
2017.435719 0.448525 0.687137 
2017.871141 0.501184 0.647424 
2017.983999 0.106226 0.873223 
2020.610873 0.616819 0.693363 
2021.452516 0.249763 0.420524 
2022.250222 0.069502 0.707005 
2023.355880 0.235816 0.863264 
2023.465573 0.774585 0.460020 
2023.537301 0.580540 0.279506 
2024.132625 0.642937 0.140861 
2025.673955 0.390656 0.434773 
2026.426790 0.982709 0.606222 
2026.982293 0.047581 0.648143 
2027.030563 0.165020 0.944156 
2027.887721 0.451904 0.007165 
2029.208817 0.118033 0.684095 
2032.339976 0.023831 0.060807 
2033.966632 0.365411 0.421314 
2034.659331 0.907349 0.083975 
2036.378646 0.594770 0.409166 
2036.396727 0.033260 0.861690 
2036.820946 0.377292 0.016586 
2038.573993 0.543435 0.792269 
2039.086913 0.207786 0.170159 
2039.377763 0.998834 0.245884 
2040.788535 0.535767 0.712566 
2041.852339 0.470913 0.873320 
2045.829757 0.979992 0.057284 
