0.000000 0.308217 0.674062 
0.565315 0.261348 0.319479 
1.387627 0.125634 0.000762 
1.408626 0.816318 0.749985 
1.756588 0.458779 0.722408 
3.847408 0.053812 0.511625 
4.487856 0.539786 0.132448 
6.435996 0.578218 0.857037 
7.075485 0.920059 0.062254 
9.123910 0.316806 0.812130 
9.866776 0.545915 0.767283 
12.254654 0.967299 0.141902 
12.287955 0.457410 0.146051 
12.750046 0.595163 0.492088 
13.779540 0.625486 0.478951 
16.661486 0.370881 0.095344 
16.899072 0.455378 0.311354 
17.460622 0.453008 0.935135 
20.100145 0.608867 0.309114 
20.693231 0.596909 0.017799 
20.940259 0.684950 0.451037 
21.134484 0.111581 0.577409 
22.579191 0.505660 0.167458 
22.738742 0.004150 0.553752 
24.554901 0.506609 0.025310 
24.880625 0.857204 0.564948 
28.556797 0.153933 0.078290 
29.296526 0.022144 0.441448 
31.894555 0.098789 0.168222 
32.003513 0.090067 0.974303 
32.549412 0.820193 0.272667 
33.203855 0.481495 0.238320 
34.959233 0.872213 0.587088 
39.188792 0.497469 0.471058 
40.001805 0.547225 0.836077 
41.731292 0.494717 0.503174 
42.108025 0.657404 0.472901 
42.372788 0.410718 0.650292 
42.891720 0.468164 0.826116 
42.897828 0.892822 0.109721 
47.200356 0.195234 0.838602 
50.618435 0.444604 0.156911 
51.357825 0.427796 0.172231 
51.914448 0.059577 0.698498 
53.583186 0.853287 0.140548 
53.894942 0.890331 0.085721 
54.442042 0.225239 0.916090 
54.790866 0.408440 0.205924 
55.580240 0.771534 0.510242 
56.396603 0.827547 0.891921 
56.505719 0.283471 0.443448 
57.520886 0.896353 0.073531 
59.353340 0.271980 0.079527 
60.393979 0.148403 0.066306 
61.439394 0.468194 0.758117 
61.467905 0.975131 0.350536 
63.441197 0.401009 0.841149 
64.651002 0.938908 0.940371 
65.082194 0.896794 0.339045 
66.833250 0.865469 0.293201 
68.032157 0.190458 0.818729 
68.239836 0.786441 0.170701 
69.409077 0.086794 0.600727 
69.678852 0.900477 0.955932 
69.977292 0.103337 0.175434 
71.537700 0.841383 0.125539 
72.307704 0.882758 0.507889 
72.858582 0.634020 0.753268 
74.078588 0.116757 0.486092 
74.223105 0.691909 0.700455 
76.114869 0.822930 0.532141 
77.635748 0.815515 0.392101 
77.838007 0.664506 0.322676 
77.911885 0.493455 0.793414 
79.737516 0.624790 0.974062 
79.805159 0.305283 0.900970 
81.629859 0.826999 0.482349 
82.508841 0.398372 0.996082 
82.749726 0.045049 0.521079 
83.599328 0.412195 0.965113 
83.733652 0.612206 0.139535 
87.165516 0.398409 0.763610 
89.774811 0.861935 0.387063 
90.828056 0.467640 0.931759 
93.297673 0.820977 0.966126 
95.978263 0.713781 0.075589 
97.450783 0.069219 0.091843 
98.364232 0.031897 0.050338 
101.744168 0.587870 0.161827 
101.899231 0.165370 0.085710 
104.755261 0.132795 0.207456 
105.276655 0.157260 0.323757 
106.408487 0.113297 0.028986 
106.764013 0.965022 0.984986 
107.141705 0.025349 0.694190 
107.640100 0.315837 0.292269 
108.413909 0.019558 0.049435 
108.454964 0.583438 0.334507 
108.614645 0.103860 0.740501 
110.971970 0.513631 0.842372 
113.224005 0.722735 0.592651 
113.338210 0.370852 0.867742 
114.328806 0.542481 0.462390 
115.025409 0.984520 0.011732 
115.036601 0.966549 0.226676 
116.243716 0.813227 0.105357 
116.699300 0.952382 0.212444 
117.627266 0.877563 0.150298 
120.577928 0.647439 0.377362 
122.283688 0.144095 0.005531 
122.416602 0.832466 0.054869 
122.535692 0.571101 0.653742 
122.666119 0.720364 0.518693 
122.720214 0.483993 0.916137 
124.533720 0.545261 0.343327 
125.551645 0.807987 0.782491 
125.819995 0.566168 0.066029 
125.828070 0.272626 0.893399 
127.676911 0.269511 0.514329 
128.215582 0.489352 0.234170 
128.624182 0.046089 0.773424 
132.408622 0.219727 0.346019 
133.450376 0.182660 0.663672 
134.870552 0.745003 0.507236 
136.085155 0.957341 0.172493 
138.030504 0.414076 0.831268 
138.384952 0.258210 0.933396 
138.792932 0.413710 0.186518 
139.637786 0.169803 0.330387 
140.327956 0.725349 0.305809 
140.737430 0.669560 0.581730 
141.800768 0.958760 0.057025 
142.900535 0.460492 0.473847 
143.216721 0.373940 0.047409 
143.618405 0.914685 0.270774 
144.203011 0.146249 0.344388 
145.233422 0.631284 0.193753 
146.016514 0.812499 0.680939 
146.948124 0.255218 0.046560 
148.079837 0.429740 0.821728 
149.286580 0.636377 0.660857 
149.302414 0.841455 0.058432 
149.787091 0.587445 0.019736 
150.675882 0.821925 0.617928 
151.609011 0.958709 0.461108 
151.799976 0.031813 0.164372 
155.159543 0.433310 0.158443 
156.029527 0.085195 0.702948 
156.981523 0.629416 0.651305 
159.046946 0.401728 0.058072 
159.212050 0.790651 0.206624 
159.482217 0.326619 0.294537 
161.603837 0.879683 0.156468 
161.850780 0.854814 0.239534 
161.931005 0.723268 0.850531 
162.722229 0.871305 0.311838 
163.094127 0.491610 0.909223 
164.025212 0.314197 0.279100 
164.047847 0.972104 0.142808 
164.708406 0.882724 0.404743 
164.989811 0.112912 0.970039 
165.925747 0.895504 0.816417 
168.551067 0.305792 0.907862 
168.619757 0.836070 0.148723 
168.795740 0.515295 0.915566 
169.020753 0.190218 0.081253 
170.226952 0.321928 0.250603 
170.563997 0.604866 0.991891 
173.619000 0.687270 0.719262 
173.950798 0.413559 0.330195 
174.390051 0.932514 0.207851 
174.719306 0.509774 0.699856 
177.303620 0.037657 0.609609 
177.389569 0.773386 0.668021 
177.825088 0.334898 0.774762 
179.462708 0.217758 0.412491 
183.548178 0.480526 0.306513 
186.973444 0.643469 0.512309 
190.158412 0.735893 0.688209 
191.882853 0.440613 0.336319 
193.757837 0.020655 0.634641 
193.801489 0.673753 0.438538 
194.347376 0.187725 0.727090 
196.092330 0.349134 0.013039 
198.067027 0.571065 0.235282 
198.987686 0.991696 0.264111 
199.697737 0.856648 0.445117 
200.813545 0.053844 0.330064 
201.331001 0.829417 0.674667 
203.444295 0.194408 0.092608 
204.167395 0.058935 0.719541 
204.647619 0.470139 0.923330 
204.752720 0.696596 0.817876 
205.019091 0.472897 0.147706 
206.041550 0.346330 0.225328 
206.356024 0.531623 0.065023 
207.440884 0.487895 0.802553 
208.889857 0.006692 0.170511 
209.434088 0.853132 0.416101 
209.492956 0.688416 0.614505 
209.991449 0.091999 0.401482 
210.339762 0.704760 0.144663 
212.055503 0.833291 0.403364 
213.440058 0.834083 0.436117 
214.499555 0.309797 0.562157 
216.225112 0.917635 0.370665 
216.653401 0.056272 0.890509 
216.884976 0.784286 0.361594 
218.848902 0.780267 0.267874 
220.949834 0.889343 0.790593 
221.507740 0.970607 0.405036 
221.580048 0.251127 0.858987 
225.192792 0.350413 0.940742 
225.768073 0.348012 0.771795 
227.396359 0.611881 0.107509 
227.804905 0.326642 0.484172 
228.421578 0.080301 0.555194 
228.650993 0.742728 0.756033 
228.727375 0.941710 0.248030 
229.633187 0.894736 0.709381 
231.125213 0.371611 0.207839 
231.662933 0.449535 0.468708 
232.542591 0.774435 0.264255 
232.869212 0.773490 0.999563 
233.470364 0.415453 0.697311 
235.826798 0.446427 0.298491 
235.917894 0.678187 0.308188 
236.135380 0.238092 0.199784 
238.377897 0.214864 0.623671 
239.744398 0.794380 0.106162 
239.973626 0.895172 0.896419 
243.334506 0.496602 0.705978 
243.828576 0.629570 0.713919 
243.969488 0.336763 0.327439 
244.457206 0.240440 0.063401 
244.972851 0.207020 0.379936 
245.092091 0.441933 0.140032 
245.153192 0.888927 0.876479 
246.295928 0.745289 0.909390 
246.498002 0.903405 0.174510 
248.780398 0.786027 0.613173 
249.830721 0.947522 0.568408 
251.557202 0.438143 0.364162 
252.056094 0.251364 0.677470 
252.397653 0.231742 0.311246 
252.699353 0.650177 0.457256 
252.723537 0.416054 0.863167 
254.139796 0.894321 0.089759 
256.310852 0.584113 0.609945 
256.800508 0.634055 0.564648 
256.921050 0.726637 0.140466 
257.004842 0.630114 0.945079 
259.880258 0.779922 0.436396 
260.176985 0.824636 0.834383 
260.345335 0.033608 0.472403 
260.349179 0.162043 0.381302 
260.576905 0.322471 0.344530 
262.074930 0.172412 0.274669 
263.060794 0.750998 0.858760 
263.655610 0.138958 0.193420 
264.368353 0.556465 0.299697 
264.616954 0.496686 0.736777 
264.792722 0.569705 0.616240 
265.703160 0.223766 0.332350 
266.365039 0.568069 0.396855 
267.366207 0.371825 0.960087 
267.614200 0.112187 0.112862 
268.174942 0.258488 0.282554 
270.500320 0.797987 0.350421 
270.706458 0.755827 0.703161 
275.186475 0.572516 0.061321 
275.429072 0.089469 0.574576 
275.701525 0.792376 0.093323 
276.540336 0.059522 0.840032 
276.868769 0.874063 0.973555 
277.890712 0.205944 0.812767 
277.942088 0.154869 0.531531 
278.267690 0.850592 0.563847 
278.502840 0.264470 0.869008 
280.072753 0.722250 0.046460 
282.294207 0.625428 0.822805 
282.754382 0.715186 0.588597 
283.569902 0.375079 0.573283 
287.705056 0.505531 0.850661 
288.147774 0.459763 0.783942 
288.384244 0.106709 0.055555 
288.551011 0.473749 0.705795 
289.239143 0.592153 0.232226 
290.388276 0.503404 0.408734 
290.528515 0.039038 0.717773 
290.800989 0.463360 0.075491 
291.299981 0.747351 0.850821 
292.260851 0.444916 0.671878 
292.316467 0.788467 0.980934 
294.709213 0.017529 0.334536 
295.563103 0.804867 0.214866 
297.470633 0.473057 0.613462 
298.813812 0.718353 0.020522 
300.693237 0.372476 0.797644 
302.236874 0.112953 0.218918 
303.928027 0.683007 0.326859 
303.974010 0.457098 0.095714 
305.352862 0.014374 0.904115 
307.618229 0.973504 0.657143 
307.660605 0.555963 0.118739 
308.145084 0.477700 0.629273 
308.519083 0.200739 0.150988 
310.068292 0.220281 0.909062 
311.152159 0.590493 0.399994 
311.784643 0.173360 0.379444 
313.565200 0.636958 0.221693 
314.671452 0.614387 0.376957 
314.854568 0.699651 0.273744 
315.305818 0.071412 0.845133 
317.455973 0.399502 0.284054 
318.133345 0.874060 0.426392 
318.350354 0.931711 0.341986 
318.934016 0.114773 0.837696 
320.520010 0.436009 0.709173 
320.663889 0.595130 0.935269 
321.103513 0.608506 0.595783 
321.494606 0.166904 0.007950 
322.095926 0.528142 0.917753 
323.251030 0.207975 0.882382 
323.598800 0.005773 0.333153 
323.680049 0.968789 0.743703 
323.938014 0.172866 0.139443 
324.156970 0.417565 0.524298 
325.362491 0.479768 0.172324 
330.123567 0.119193 0.277529 
331.039843 0.900637 0.001964 
331.752729 0.507840 0.550744 
333.663905 0.290429 0.684526 
334.711688 0.813919 0.747036 
335.584551 0.732590 0.342236 
337.007884 0.676391 0.392589 
338.097614 0.971383 0.034360 
338.413303 0.202272 0.579472 
338.806764 0.801196 0.719689 
341.953400 0.855469 0.508559 
344.066031 0.331209 0.903126 
344.152692 0.886673 0.020597 
345.157796 0.919244 0.837395 
345.234396 0.017547 0.490283 
345.739161 0.352691 0.619355 
348.168444 0.779912 0.180208 
350.668657 0.600126 0.732371 
351.256514 0.927546 0.614376 
351.446735 0.783509 0.037944 
351.853683 0.400106 0.804244 
352.619147 0.299433 0.207089 
352.925556 0.668772 0.220747 
353.445564 0.401441 0.737336 
354.987931 0.668309 0.782813 
355.737486 0.487867 0.654697 
356.859065 0.826346 0.177161 
358.739330 0.237544 0.740940 
359.206132 0.782860 0.196639 
361.868057 0.058515 0.527283 
361.995620 0.278635 0.830744 
363.987729 0.783476 0.217967 
364.383844 0.513166 0.413405 
366.183568 0.862718 0.659413 
367.047298 0.545138 0.080008 
368.678825 0.467137 0.052463 
369.941237 0.107075 0.046991 
370.349513 0.797873 0.408170 
371.110433 0.272711 0.774962 
372.262488 0.367825 0.788911 
374.045234 0.207472 0.432270 
374.909235 0.013356 0.951740 
375.015331 0.162699 0.700640 
375.050267 0.024860 0.096713 
377.432311 0.024935 0.684732 
378.094504 0.790324 0.315367 
378.101155 0.338339 0.045948 
378.329208 0.995638 0.221644 
378.333175 0.778227 0.741402 
378.539871 0.014206 0.128250 
379.056704 0.750477 0.823831 
379.225576 0.931603 0.646844 
381.786681 0.741284 0.859511 
382.107157 0.352280 0.490547 
382.680134 0.665255 0.349339 
383.032986 0.115825 0.512187 
384.538698 0.775027 0.741785 
385.289369 0.321502 0.882472 
385.392799 0.888215 0.652287 
385.604206 0.550285 0.879661 
385.928007 0.789507 0.711327 
389.428953 0.076450 0.070612 
391.781179 0.975970 0.595467 
392.260420 0.680774 0.823435 
393.364159 0.019850 0.213309 
393.402344 0.968364 0.803739 
393.941372 0.534478 0.654738 
394.540573 0.930359 0.953246 
397.655405 0.832940 0.182472 
399.437567 0.448611 0.745475 
401.102566 0.798887 0.834361 
402.258021 0.819347 0.807113 
402.755275 0.086349 0.379558 
402.837593 0.805295 0.003678 
403.700599 0.579260 0.825323 
403.754595 0.855176 0.848438 
403.919819 0.008980 0.055593 
404.541535 0.059468 0.069623 
404.999133 0.829667 0.146318 
405.642961 0.164018 0.500435 
406.199268 0.934582 0.809982 
407.632820 0.350455 0.492551 
407.675748 0.758158 0.593853 
409.907841 0.774799 0.208376 
409.916311 0.567007 0.616316 
412.937262 0.561777 0.223844 
413.202345 0.990146 0.778602 
413.606408 0.797578 0.509800 
415.096407 0.906305 0.889232 
415.782940 0.479726 0.480393 
416.457722 0.164373 0.653162 
418.808142 0.200461 0.992241 
419.151060 0.500677 0.929971 
423.836909 0.689363 0.253470 
426.645760 0.575954 0.147768 
426.771485 0.528268 0.653111 
427.506493 0.275626 0.173043 
427.593743 0.472126 0.441274 
427.768561 0.931477 0.803683 
428.586198 0.576986 0.675128 
428.836141 0.132662 0.663544 
429.135463 0.590147 0.795049 
429.139656 0.426786 0.547557 
429.375207 0.161278 0.775251 
429.707596 0.697532 0.829100 
433.657326 0.734985 0.225177 
434.680458 0.449765 0.201100 
436.746708 0.363917 0.098990 
436.752369 0.065212 0.727569 
438.062312 0.598856 0.651540 
438.992391 0.817630 0.815369 
442.028673 0.286244 0.854619 
442.705341 0.159938 0.983660 
443.507666 0.841668 0.132770 
443.932509 0.388225 0.863253 
445.044530 0.166409 0.823486 
445.739950 0.174124 0.702688 
445.830046 0.694645 0.740034 
446.673237 0.349172 0.305797 
446.850659 0.999787 0.221068 
447.692072 0.292892 0.746083 
447.873837 0.007346 0.769009 
449.325285 0.959575 0.855945 
450.891338 0.754214 0.476086 
451.621994 0.781395 0.298668 
453.709102 0.048242 0.457527 
455.457357 0.299921 0.175565 
455.870930 0.029687 0.721726 
455.936310 0.349926 0.902702 
456.642913 0.308902 0.665611 
460.216447 0.104729 0.704181 
460.312836 0.118047 0.362256 
463.231164 0.648761 0.398775 
464.052799 0.810382 0.499804 
473.248861 0.888882 0.967039 
473.782808 0.610153 0.438359 
474.238174 0.267336 0.948930 
474.461254 0.207442 0.605391 
476.770666 0.212827 0.935656 
478.809816 0.965523 0.564913 
479.765760 0.524224 0.521744 
479.863271 0.035467 0.200447 
481.939433 0.760860 0.052582 
482.214915 0.611582 0.656241 
482.316459 0.817122 0.734889 
483.659741 0.290544 0.870706 
484.349728 0.881493 0.315181 
484.550102 0.439846 0.689118 
485.773694 0.262972 0.068583 
486.164958 0.425788 0.402174 
486.221831 0.323768 0.174277 
487.046158 0.900568 0.566348 
487.403169 0.274240 0.122492 
491.393271 0.613382 0.950959 
491.494686 0.876407 0.483218 
491.607125 0.621740 0.099601 
493.612886 0.700813 0.994835 
495.523940 0.168297 0.033378 
495.914845 0.871032 0.124226 
496.719647 0.996851 0.333983 
498.241524 0.987849 0.964179 
498.813573 0.600035 0.721077 
498.816402 0.595042 0.545433 
498.960366 0.365327 0.019762 
499.038150 0.382877 0.142670 
499.135836 0.283429 0.295776 
499.301579 0.060821 0.375531 
500.832467 0.852975 0.967010 
501.783922 0.585081 0.836181 
502.108565 0.336519 0.010378 
502.465922 0.763264 0.447298 
503.024468 0.977593 0.670190 
506.540788 0.441347 0.784410 
506.796337 0.559018 0.293104 
506.869108 0.128491 0.599675 
506.946455 0.210989 0.578595 
507.263841 0.044818 0.897770 
508.091734 0.200641 0.218301 
508.133440 0.135914 0.520645 
508.429128 0.460738 0.482408 
509.204637 0.850984 0.743727 
510.166347 0.310335 0.931732 
513.166474 0.238666 0.414790 
513.373425 0.149814 0.504071 
513.713202 0.487231 0.554138 
513.764189 0.316082 0.249715 
514.163060 0.431823 0.370113 
514.202265 0.397457 0.156073 
514.273819 0.412969 0.188187 
514.534622 0.726486 0.368765 
515.710918 0.527196 0.540980 
515.735623 0.240878 0.227768 
515.803963 0.426121 0.228492 
516.634869 0.321879 0.430659 
516.839118 0.186121 0.988302 
517.166061 0.654341 0.402584 
518.714690 0.929903 0.680007 
519.738612 0.938341 0.990353 
520.940327 0.807022 0.676588 
521.647399 0.811454 0.214971 
522.088103 0.304220 0.586214 
523.106573 0.340539 0.651324 
523.554807 0.939129 0.523949 
524.352980 0.200508 0.446786 
524.636112 0.129430 0.851898 
524.754212 0.235586 0.606440 
525.548321 0.685194 0.494834 
527.401217 0.579879 0.703965 
527.946402 0.982865 0.167685 
529.014338 0.339855 0.861219 
530.981957 0.999696 0.741906 
534.149918 0.826277 0.447533 
536.353623 0.081102 0.795875 
536.432734 0.725456 0.132845 
537.316400 0.222468 0.998122 
538.320733 0.751603 0.134393 
539.855646 0.607431 0.275881 
540.491483 0.409796 0.881581 
541.849451 0.594650 0.061388 
545.328993 0.301135 0.551803 
545.608349 0.100354 0.873271 
547.319241 0.063082 0.822387 
547.495292 0.008173 0.413484 
547.524669 0.698635 0.255521 
548.140951 0.674967 0.661890 
548.637279 0.238990 0.322782 
549.574565 0.438345 0.419497 
550.397224 0.510356 0.440155 
550.875605 0.055992 0.797493 
552.214424 0.805439 0.244806 
552.527539 0.308928 0.762717 
552.890647 0.106161 0.622554 
554.658242 0.924614 0.174212 
558.962354 0.337419 0.533440 
559.448203 0.468476 0.942639 
560.205155 0.069428 0.184980 
561.588254 0.210194 0.031266 
561.799572 0.575887 0.584470 
562.018481 0.948369 0.109998 
563.767074 0.277088 0.982873 
563.878925 0.121380 0.953564 
564.099275 0.648536 0.761456 
564.243645 0.897383 0.920692 
564.335051 0.805495 0.059462 
565.954737 0.361527 0.274499 
566.494960 0.949794 0.620326 
569.732168 0.076144 0.216074 
570.252358 0.057288 0.253951 
570.297854 0.192006 0.071308 
570.877975 0.750841 0.466755 
571.401214 0.068188 0.801768 
572.596949 0.874608 0.034752 
574.118538 0.737644 0.237674 
574.256615 0.262338 0.197975 
574.690152 0.123016 0.174897 
575.873250 0.287566 0.070492 
576.522547 0.959706 0.090895 
576.536015 0.268063 0.908543 
576.842118 0.002185 0.666070 
577.469793 0.189811 0.106080 
579.089676 0.633871 0.467611 
582.442431 0.289580 0.948003 
583.678272 0.005883 0.677791 
583.814264 0.846842 0.014120 
585.615838 0.223992 0.286144 
585.730710 0.748981 0.084076 
587.777436 0.783560 0.374048 
588.209917 0.265618 0.495177 
588.296304 0.046207 0.985956 
589.105762 0.787056 0.374899 
589.650614 0.421811 0.666362 
591.166711 0.892277 0.594006 
591.560017 0.121297 0.789035 
592.016136 0.187159 0.362213 
593.621258 0.897138 0.178799 
596.475224 0.988254 0.970918 
598.048844 0.744465 0.135982 
598.642351 0.474229 0.271708 
599.915960 0.602185 0.260953 
600.420841 0.506700 0.219923 
602.137015 0.944981 0.347667 
603.097748 0.930894 0.141941 
603.702684 0.938846 0.655370 
606.172638 0.095680 0.620484 
608.959848 0.665388 0.931405 
609.361545 0.149377 0.769640 
609.433917 0.641058 0.221571 
614.011384 0.994816 0.445143 
615.575638 0.357603 0.932050 
615.635001 0.352295 0.538058 
615.694989 0.059132 0.319967 
616.297235 0.476716 0.981633 
616.561048 0.210440 0.162132 
616.746454 0.842113 0.954591 
617.459663 0.743657 0.151095 
618.292080 0.023271 0.145527 
619.108875 0.244308 0.805899 
619.498232 0.642489 0.051412 
619.546547 0.092322 0.363019 
620.549749 0.939763 0.725869 
620.907233 0.031139 0.135895 
620.984829 0.406342 0.728170 
621.700722 0.452742 0.374391 
621.800301 0.952103 0.335356 
622.063178 0.637606 0.724072 
623.110062 0.186495 0.353198 
623.581875 0.994756 0.017929 
625.675883 0.438643 0.989499 
625.937249 0.947302 0.482228 
626.419323 0.777850 0.737499 
628.739114 0.014331 0.718473 
630.757430 0.809452 0.724355 
631.658629 0.998108 0.481440 
632.896457 0.730736 0.338677 
634.325345 0.991296 0.000774 
634.701134 0.539146 0.654833 
635.483892 0.392806 0.047325 
635.772700 0.096427 0.112563 
638.076362 0.909429 0.452450 
638.418859 0.037290 0.592671 
641.035216 0.808488 0.606111 
641.774215 0.223879 0.485055 
642.292985 0.650122 0.480106 
642.569253 0.521027 0.131515 
642.971797 0.057433 0.260466 
643.515962 0.727044 0.092770 
645.419810 0.114964 0.348634 
645.750190 0.940652 0.782707 
648.824274 0.814720 0.810086 
649.557230 0.872772 0.809423 
650.150797 0.861882 0.841659 
652.501276 0.268515 0.578414 
653.722966 0.756851 0.097097 
654.155433 0.223026 0.260010 
654.963757 0.528587 0.515762 
655.951256 0.024053 0.897445 
656.667858 0.138198 0.777043 
656.746994 0.896215 0.419416 
659.674936 0.425003 0.858513 
659.834439 0.722588 0.458653 
660.329724 0.168762 0.112606 
662.236879 0.825695 0.840633 
663.248712 0.248612 0.006627 
663.895751 0.981348 0.589569 
664.164130 0.494729 0.562291 
666.648099 0.741070 0.972830 
667.085982 0.848335 0.592851 
667.141630 0.412629 0.404246 
667.546949 0.024135 0.843105 
667.654020 0.593166 0.513407 
668.027701 0.772247 0.504389 
668.194247 0.849661 0.529079 
669.087481 0.627567 0.016274 
670.502762 0.548269 0.240777 
670.617862 0.988538 0.263526 
672.797366 0.068619 0.153982 
675.314435 0.813238 0.463434 
676.804931 0.600593 0.013213 
677.630749 0.377967 0.178118 
678.175137 0.741845 0.468175 
679.138793 0.622191 0.197428 
679.253458 0.680517 0.450286 
680.515017 0.609491 0.988506 
681.566990 0.328262 0.014279 
683.117129 0.005980 0.722964 
684.130822 0.278606 0.318447 
684.186839 0.824553 0.637157 
684.621457 0.832922 0.155900 
686.300950 0.038176 0.836774 
687.277171 0.714574 0.005447 
687.854594 0.381136 0.371909 
692.356177 0.185268 0.399675 
693.355316 0.143832 0.208197 
693.692551 0.245654 0.482112 
693.888592 0.437308 0.471795 
696.328155 0.497296 0.514687 
696.875518 0.424186 0.583279 
696.942467 0.630775 0.714924 
698.219536 0.145611 0.099574 
698.550278 0.263208 0.117900 
698.617091 0.350569 0.853367 
700.362144 0.112748 0.854515 
703.164708 0.262952 0.153241 
704.480766 0.362729 0.946289 
705.859314 0.420617 0.137613 
705.886090 0.920442 0.241749 
706.062165 0.975998 0.195714 
706.259286 0.522065 0.480953 
706.514774 0.980413 0.327170 
706.541303 0.207874 0.160909 
707.965104 0.579443 0.046778 
708.437816 0.419369 0.313236 
709.177619 0.908579 0.014302 
710.294902 0.206661 0.608551 
711.004309 0.382658 0.052669 
712.001707 0.309957 0.135004 
712.149900 0.935568 0.240983 
712.773272 0.495760 0.711160 
714.482583 0.296020 0.819861 
716.609414 0.371298 0.064149 
716.779453 0.452590 0.014399 
717.132094 0.816899 0.647796 
719.598482 0.249388 0.696902 
719.778555 0.904332 0.708559 
720.652802 0.048104 0.112823 
721.265917 0.064764 0.973190 
721.777565 0.082765 0.948422 
723.304393 0.871594 0.669165 
724.101777 0.864130 0.353803 
724.438627 0.802207 0.770806 
726.420472 0.200370 0.001678 
727.769882 0.140277 0.901875 
727.993160 0.962180 0.971176 
729.997100 0.178612 0.605980 
730.834246 0.752338 0.191682 
731.108079 0.379833 0.379872 
731.756251 0.951736 0.662082 
733.582948 0.255699 0.995608 
733.771018 0.513772 0.334127 
734.399437 0.084309 0.686431 
734.549649 0.327815 0.683944 
736.017954 0.615106 0.606239 
736.103035 0.993133 0.513088 
737.531899 0.821970 0.551443 
737.635415 0.326815 0.072656 
740.433455 0.565094 0.826714 
741.047068 0.109698 0.153444 
741.189070 0.770184 0.344097 
741.937293 0.093561 0.312885 
742.363937 0.217071 0.077264 
743.518495 0.632097 0.796046 
744.250064 0.056123 0.913194 
745.402371 0.221025 0.547444 
746.357729 0.371719 0.578461 
746.568792 0.748527 0.136538 
748.364456 0.049203 0.165088 
749.281801 0.422357 0.580319 
749.354895 0.747774 0.821482 
749.583567 0.952105 0.313405 
749.636779 0.334089 0.730917 
749.837258 0.973458 0.599608 
750.201700 0.985466 0.643358 
751.507693 0.404981 0.195062 
751.864408 0.194216 0.593072 
753.434370 0.961323 0.365955 
754.282980 0.835004 0.241079 
755.039722 0.931733 0.617992 
755.249665 0.557790 0.576146 
756.310822 0.510319 0.551873 
758.257086 0.529900 0.742811 
759.984768 0.499903 0.906252 
760.262070 0.594206 0.676413 
760.281964 0.201390 0.079743 
760.301817 0.620118 0.667261 
761.087373 0.569675 0.942089 
762.113122 0.040134 0.383113 
762.570482 0.767951 0.184302 
763.069333 0.701822 0.630624 
764.552833 0.509815 0.000774 
764.853950 0.972326 0.892271 
764.981809 0.445289 0.261860 
766.672295 0.781864 0.834563 
767.403889 0.285194 0.303965 
767.613159 0.593113 0.007707 
768.074947 0.771577 0.323144 
768.424208 0.747001 0.288994 
768.739286 0.173465 0.072346 
770.791753 0.082006 0.956898 
775.010263 0.662938 0.222493 
775.926223 0.468952 0.320801 
776.205117 0.850974 0.258831 
778.069508 0.831124 0.318574 
779.777143 0.961809 0.189804 
782.655137 0.544849 0.072987 
782.753831 0.671709 0.848591 
783.100412 0.560462 0.009208 
784.065271 0.950209 0.779383 
787.129282 0.426252 0.811478 
788.416692 0.157775 0.828352 
792.226615 0.697105 0.250367 
794.587021 0.379567 0.314751 
795.903271 0.645672 0.940799 
797.998234 0.660432 0.249198 
798.893560 0.154035 0.165511 
799.125058 0.847157 0.558978 
799.170223 0.125160 0.101588 
800.911325 0.024929 0.381488 
801.053696 0.658854 0.520808 
801.283866 0.117131 0.826603 
803.039439 0.168012 0.379930 
803.295945 0.560375 0.931690 
803.509013 0.310566 0.032657 
804.235047 0.925951 0.975280 
805.615348 0.787462 0.585970 
809.487660 0.286043 0.779186 
809.693947 0.498340 0.859676 
810.615987 0.147401 0.303951 
810.698474 0.789998 0.569668 
811.204704 0.462741 0.810630 
812.135098 0.088803 0.358225 
812.239918 0.083015 0.612529 
812.393352 0.527032 0.738006 
812.644449 0.823519 0.985387 
813.382479 0.323588 0.417216 
814.405429 0.244971 0.093457 
814.985187 0.555915 0.766400 
815.479931 0.648972 0.108476 
817.055167 0.530948 0.455031 
817.948635 0.185535 0.865121 
819.299677 0.041058 0.463282 
820.961890 0.084402 0.854887 
822.858471 0.387318 0.976630 
823.163452 0.898774 0.792669 
823.547941 0.968485 0.280432 
827.006730 0.044614 0.894512 
827.905185 0.406741 0.378298 
828.041221 0.904619 0.992328 
829.993588 0.920182 0.392803 
833.095932 0.286048 0.100968 
833.199189 0.348226 0.270060 
833.679757 0.548280 0.081318 
833.817085 0.592132 0.539868 
834.586206 0.573241 0.500554 
834.895013 0.463277 0.454262 
837.821183 0.250418 0.164054 
838.360300 0.486596 0.419295 
838.362895 0.856066 0.676877 
838.535275 0.167304 0.808620 
839.300002 0.289400 0.010161 
839.357770 0.305485 0.864414 
842.063989 0.835387 0.923124 
843.593958 0.371223 0.424223 
845.013403 0.029265 0.150005 
846.116428 0.033618 0.749607 
846.594532 0.611533 0.274559 
847.345444 0.049277 0.526229 
847.371671 0.159771 0.913942 
848.551631 0.205162 0.960869 
850.455799 0.618144 0.902273 
850.557110 0.261533 0.577517 
850.700549 0.615932 0.703400 
852.606984 0.161069 0.742271 
852.890362 0.834994 0.242503 
853.032696 0.386705 0.540005 
853.067828 0.045756 0.584373 
856.507934 0.843102 0.611974 
858.501774 0.410304 0.868815 
859.278092 0.939256 0.675984 
860.758684 0.549764 0.922662 
861.524776 0.390307 0.766675 
864.093932 0.186344 0.595162 
864.671875 0.076407 0.604149 
864.996540 0.649538 0.366906 
867.494199 0.494168 0.215287 
869.030343 0.325128 0.858308 
870.448575 0.941651 0.702690 
872.742273 0.653387 0.056566 
874.912598 0.860288 0.046525 
875.194107 0.124182 0.275308 
876.401132 0.919547 0.285956 
876.893244 0.974122 0.547819 
881.689551 0.824413 0.655377 
882.410723 0.198827 0.859330 
883.970407 0.826137 0.741354 
885.937761 0.287797 0.819594 
886.324563 0.769656 0.446763 
886.928529 0.018595 0.523513 
887.083943 0.103577 0.090501 
888.632662 0.934803 0.239481 
889.465215 0.404954 0.956627 
890.110539 0.596317 0.807226 
891.346943 0.497905 0.703322 
891.411244 0.573123 0.254744 
891.822702 0.164304 0.557548 
893.980919 0.598807 0.260278 
894.899748 0.462022 0.212430 
895.591073 0.670091 0.963375 
896.813654 0.283909 0.797528 
897.291773 0.794051 0.318463 
898.037717 0.738999 0.621249 
898.055194 0.436717 0.057094 
898.394172 0.610338 0.189234 
899.793160 0.678240 0.989546 
900.202909 0.959106 0.837636 
900.544605 0.722135 0.191954 
902.731133 0.027667 0.407879 
902.980583 0.233953 0.763812 
903.891476 0.561885 0.236739 
904.025372 0.314782 0.227063 
905.510452 0.430587 0.896701 
906.401894 0.059650 0.378760 
907.556465 0.259280 0.169348 
908.543633 0.783372 0.930102 
908.928968 0.674599 0.499809 
909.367217 0.889450 0.568889 
909.492263 0.157275 0.294832 
909.599283 0.770175 0.490990 
909.898091 0.231975 0.562537 
910.389197 0.617254 0.340575 
911.189261 0.904855 0.893035 
912.368256 0.376003 0.346990 
912.449072 0.764451 0.611090 
912.895010 0.550589 0.073802 
913.070781 0.286338 0.424056 
914.598813 0.070949 0.029199 
914.767533 0.012561 0.007496 
915.365225 0.192074 0.958258 
916.681950 0.648521 0.495165 
917.977964 0.525161 0.220716 
919.548058 0.480677 0.781296 
920.286492 0.022182 0.955590 
921.737646 0.095504 0.949622 
923.800901 0.479300 0.114979 
924.877988 0.347839 0.733871 
924.998634 0.033091 0.542553 
925.804214 0.938199 0.163682 
926.402086 0.877341 0.229884 
927.085415 0.994384 0.902460 
928.315520 0.550025 0.916892 
928.734519 0.473568 0.630229 
929.147534 0.712639 0.763062 
932.065180 0.255273 0.151479 
933.943988 0.618217 0.416531 
934.408242 0.970376 0.328890 
934.584978 0.049057 0.428140 
937.098243 0.625013 0.458977 
940.196326 0.053974 0.571323 
940.254643 0.665781 0.754722 
940.663676 0.210908 0.726702 
942.335357 0.237503 0.990761 
942.907222 0.996545 0.363702 
943.011621 0.378316 0.446264 
946.064279 0.923240 0.669366 
950.019404 0.218262 0.157064 
950.446198 0.506764 0.160072 
950.801354 0.080507 0.096356 
950.882333 0.540245 0.364355 
952.369203 0.959664 0.905143 
952.965968 0.872214 0.366929 
953.031212 0.340858 0.917055 
955.134906 0.623968 0.684933 
955.738850 0.197095 0.675228 
957.819393 0.988115 0.268266 
959.935302 0.753727 0.318646 
962.195054 0.705012 0.134539 
962.438555 0.364160 0.285952 
963.028845 0.930056 0.916491 
963.225468 0.929003 0.192196 
963.451797 0.357799 0.295754 
963.516129 0.708962 0.370418 
964.073400 0.475263 0.537470 
964.819265 0.447791 0.309727 
965.016319 0.884718 0.260282 
965.252507 0.078496 0.840117 
965.738628 0.225172 0.827264 
966.244718 0.481706 0.806901 
966.572131 0.461451 0.825417 
966.628729 0.710957 0.918394 
967.971249 0.473202 0.170126 
968.251869 0.628817 0.310811 
969.643990 0.232795 0.043863 
972.598213 0.589214 0.105376 
973.583712 0.244191 0.716752 
973.812093 0.270390 0.956689 
976.177705 0.160320 0.533416 
977.040103 0.169730 0.618553 
977.439112 0.693633 0.017852 
977.533754 0.596557 0.985362 
978.503286 0.463967 0.575735 
979.867638 0.857541 0.957062 
980.263197 0.637903 0.859149 
980.480639 0.414006 0.114024 
981.862586 0.790406 0.854179 
982.155914 0.277182 0.286499 
982.422310 0.578845 0.552448 
983.337134 0.137548 0.557316 
983.986559 0.193427 0.478595 
988.011054 0.943099 0.696596 
990.694121 0.626912 0.718353 
992.271346 0.519178 0.771633 
992.325306 0.143652 0.005320 
994.101945 0.872506 0.890505 
994.691404 0.311394 0.101881 
996.618346 0.999569 0.359220 
997.858600 0.176957 0.796180 
997.886159 0.047360 0.187024 
998.568966 0.694900 0.369465 
998.658690 0.647828 0.585206 
1000.469230 0.372787 0.300010 
1002.129809 0.873353 0.653209 
1003.905109 0.046785 0.696023 
1004.909742 0.959752 0.682428 
1005.724896 0.806851 0.329587 
1007.224054 0.596189 0.641463 
1007.391507 0.559755 0.184426 
1009.929583 0.554521 0.706649 
1011.201093 0.355157 0.215144 
1011.351446 0.209697 0.487145 
1011.766057 0.430948 0.359817 
1013.023117 0.120592 0.798448 
1013.128482 0.908966 0.735166 
1014.398947 0.991876 0.030255 
1014.526878 0.732978 0.323871 
1016.053475 0.262665 0.479182 
1018.859325 0.169668 0.939853 
1019.357955 0.412614 0.155611 
1019.464141 0.002274 0.527440 
1020.354809 0.978153 0.546399 
1020.658712 0.888013 0.212208 
1021.450721 0.576640 0.421083 
1021.903716 0.250199 0.723039 
1023.325616 0.972715 0.212560 
1023.360711 0.630770 0.715811 
1025.424183 0.088481 0.845285 
1029.062925 0.885270 0.677537 
1032.033756 0.106498 0.058100 
1032.588766 0.647093 0.242142 
1032.647536 0.374213 0.371666 
1032.919347 0.387763 0.841785 
1033.030862 0.808767 0.141410 
1033.288735 0.732223 0.372949 
1033.585546 0.930882 0.158448 
1033.617288 0.992159 0.176545 
1033.664153 0.819863 0.803906 
1034.359420 0.774312 0.485513 
1035.489841 0.762107 0.309177 
1035.953176 0.528931 0.707534 
1036.148492 0.234312 0.110629 
1037.464864 0.946967 0.239928 
1038.745878 0.345893 0.114199 
1039.990751 0.575536 0.462066 
1040.922053 0.262218 0.298673 
1042.663468 0.397254 0.040122 
1043.870123 0.586868 0.617290 
1045.678468 0.171805 0.761778 
1046.770208 0.629710 0.974982 
1047.101980 0.502169 0.972823 
1048.526895 0.426074 0.278207 
1051.009580 0.561609 0.726496 
1052.029620 0.135180 0.438332 
1056.098218 0.726436 0.547331 
1056.528883 0.721297 0.393645 
1057.652759 0.700342 0.280735 
1059.491740 0.845537 0.249746 
1059.583530 0.581341 0.808423 
1061.315552 0.780128 0.965860 
1061.678172 0.648366 0.423133 
1065.629975 0.129682 0.517569 
1067.215253 0.783166 0.721584 
1067.684956 0.469831 0.179257 
1067.923098 0.422791 0.854153 
1069.818788 0.893669 0.067207 
1072.425472 0.733649 0.176312 
1072.494848 0.682891 0.951539 
1073.249939 0.937817 0.291306 
1074.046536 0.191217 0.034431 
1074.865763 0.403406 0.840738 
1074.904103 0.843281 0.126105 
1077.409585 0.280263 0.574201 
1077.574340 0.554934 0.288025 
1078.406412 0.005606 0.343443 
1080.173681 0.469404 0.676836 
1080.344737 0.856166 0.646510 
1083.001137 0.954636 0.108180 
1083.318934 0.548477 0.934989 
1083.930338 0.549852 0.558235 
1084.151978 0.817884 0.759572 
1084.537985 0.841209 0.511582 
1084.574161 0.588075 0.498232 
1085.236151 0.972729 0.736464 
1085.384685 0.465465 0.797364 
1086.456552 0.110272 0.516446 
1087.128619 0.453382 0.606322 
1089.533486 0.849098 0.252719 
1090.109596 0.402786 0.412868 
1090.424564 0.931490 0.364139 
1090.560018 0.068633 0.546264 
1092.451207 0.499583 0.165265 
1092.658432 0.010595 0.737914 
1093.311406 0.731197 0.408756 
1093.996370 0.032754 0.769372 
1094.138693 0.817568 0.428068 
1094.236145 0.286983 0.799641 
1094.319333 0.899386 0.191442 
1094.943456 0.570789 0.368072 
1102.601340 0.307888 0.312535 
1104.172017 0.348599 0.939487 
1104.638198 0.766151 0.783525 
1104.923969 0.836107 0.560127 
1109.238483 0.503032 0.291036 
1110.113920 0.392076 0.594691 
1111.800453 0.073033 0.303645 
1111.870077 0.226903 0.764741 
1112.610141 0.255882 0.467693 
1113.839277 0.682285 0.184353 
1114.070906 0.906222 0.794685 
1115.507500 0.090390 0.788653 
1116.292658 0.820601 0.973779 
1118.747957 0.326790 0.085065 
1119.871748 0.241957 0.492351 
1121.657389 0.158435 0.254149 
1121.868885 0.488102 0.814174 
1123.307168 0.773733 0.736431 
1123.334814 0.839043 0.716745 
1124.892256 0.549842 0.833140 
1124.988726 0.259190 0.727721 
1125.631996 0.842166 0.587068 
1127.976449 0.787751 0.245418 
1128.152976 0.140464 0.217271 
1128.821073 0.796464 0.050695 
1128.970347 0.697591 0.617463 
1130.023784 0.392116 0.726075 
1130.219582 0.640280 0.951035 
1133.535751 0.034877 0.078636 
1134.569464 0.160136 0.721277 
1135.617232 0.183605 0.100166 
1135.837580 0.037254 0.424996 
1136.220309 0.741733 0.708315 
1136.238217 0.869977 0.379688 
1137.698607 0.527743 0.336651 
1138.112216 0.748732 0.606160 
1138.370264 0.029971 0.951804 
1138.889279 0.591251 0.071159 
1140.761784 0.274551 0.398702 
1140.955750 0.945457 0.239670 
1141.093782 0.889975 0.871069 
1142.160760 0.016374 0.182048 
1145.188027 0.869797 0.920845 
1146.410085 0.957080 0.474467 
1146.768227 0.212045 0.326258 
1147.020004 0.641538 0.446128 
1147.722006 0.619298 0.726003 
1148.660291 0.384701 0.106743 
1148.909338 0.062291 0.031563 
1150.565958 0.703005 0.865000 
1151.815417 0.232806 0.050328 
1152.989044 0.131304 0.079174 
1153.513885 0.047499 0.061366 
1153.614912 0.800276 0.318131 
1153.677884 0.111045 0.701897 
1154.451081 0.616502 0.331152 
1154.479381 0.777086 0.734170 
1154.922392 0.632965 0.268912 
1156.496502 0.818283 0.460689 
1157.122180 0.380179 0.301082 
1157.364132 0.161235 0.551317 
1157.400938 0.380113 0.653611 
1157.413766 0.440944 0.272328 
1159.704709 0.139077 0.133306 
1159.986601 0.269064 0.903590 
1160.928029 0.456724 0.008946 
1161.285975 0.231917 0.889434 
1161.531025 0.798073 0.423331 
1164.518895 0.744847 0.525836 
1165.649646 0.678576 0.616017 
1167.171515 0.199879 0.596963 
1167.306284 0.361089 0.506359 
1167.608868 0.361254 0.194161 
1170.838165 0.651798 0.741378 
1171.454837 0.055295 0.169468 
1174.777823 0.088317 0.154169 
1175.010263 0.491458 0.064881 
1176.328593 0.159705 0.881062 
1177.071969 0.052941 0.760005 
1179.444837 0.660525 0.394791 
1179.569495 0.267604 0.466008 
1180.080013 0.982970 0.674302 
1180.733883 0.795746 0.543161 
1181.815197 0.469093 0.227114 
1182.266486 0.742589 0.859783 
1184.648048 0.561722 0.980264 
1185.212321 0.776185 0.623475 
1185.365291 0.988102 0.355124 
1185.609759 0.235927 0.331967 
1187.845432 0.925347 0.972035 
1188.381151 0.953806 0.360873 
1189.214482 0.485419 0.425664 
1190.006944 0.549923 0.306244 
1190.689101 0.952848 0.153932 
1193.920963 0.539739 0.245690 
1195.418207 0.341143 0.532984 
1196.942163 0.994783 0.139126 
1197.358429 0.645310 0.810393 
1197.730706 0.314674 0.830837 
1198.594632 0.858749 0.144503 
1199.374667 0.862573 0.413399 
1205.363845 0.828125 0.443329 
1205.869862 0.571554 0.225923 
1207.407606 0.031292 0.305765 
1207.547839 0.924239 0.409722 
1208.621770 0.498692 0.538814 
1209.077857 0.653563 0.538569 
1209.530765 0.178789 0.399121 
1210.553700 0.944199 0.483562 
1212.937209 0.710745 0.232961 
1213.047021 0.027929 0.750991 
1213.639641 0.239436 0.384190 
1214.546294 0.814089 0.877839 
1216.847354 0.058005 0.459667 
1218.701020 0.789871 0.736446 
1219.149238 0.790071 0.863851 
1220.455782 0.054240 0.879553 
1222.499130 0.827119 0.178730 
1223.220492 0.805142 0.716091 
1223.380065 0.137049 0.028055 
1225.411541 0.449465 0.136863 
1225.703809 0.147096 0.004177 
1226.291956 0.821123 0.121488 
1228.404686 0.298056 0.208827 
1229.052807 0.459424 0.096957 
1230.057323 0.984913 0.801453 
1230.708036 0.210132 0.708748 
1231.211066 0.289028 0.280466 
1234.009976 0.424972 0.253437 
1235.412420 0.519371 0.004898 
1235.863011 0.392201 0.474957 
1237.055135 0.375221 0.551844 
1237.610369 0.561191 0.626702 
1237.762132 0.212420 0.099308 
1241.155501 0.324809 0.897164 
1241.255600 0.737177 0.885676 
1241.468857 0.278444 0.598450 
1241.834240 0.967634 0.832902 
1245.207389 0.007741 0.238560 
1246.960584 0.434992 0.487734 
1247.234867 0.437543 0.943164 
1247.334384 0.050940 0.199204 
1248.396183 0.579268 0.495024 
1249.058831 0.259618 0.579670 
1249.308843 0.461382 0.388165 
1250.304542 0.756537 0.622208 
1251.795170 0.188825 0.661094 
1254.995262 0.238899 0.837841 
1255.967307 0.051848 0.799865 
1261.141725 0.065989 0.832780 
1262.681323 0.725623 0.647078 
1262.782896 0.170285 0.404298 
1262.790683 0.539659 0.448033 
1263.031404 0.500365 0.873409 
1263.464282 0.207765 0.185947 
1263.801707 0.036279 0.995460 
1264.377113 0.344820 0.388007 
1264.750952 0.159446 0.370135 
1265.838288 0.755290 0.079158 
1268.529470 0.394274 0.224623 
1269.269050 0.705175 0.984069 
1272.801410 0.869417 0.582560 
1272.844095 0.694809 0.077675 
1272.963944 0.836077 0.708935 
1273.896752 0.531799 0.996705 
1275.948765 0.923078 0.681711 
1276.102681 0.993375 0.968433 
1279.298157 0.663052 0.880722 
1280.009798 0.375332 0.046754 
1280.150320 0.568439 0.682872 
1280.573150 0.381623 0.211274 
1281.300334 0.636927 0.955321 
1282.791072 0.069491 0.249965 
1284.193020 0.566105 0.188755 
1285.238447 0.895177 0.307600 
1285.601664 0.608567 0.945296 
1285.810532 0.567642 0.702102 
1286.008702 0.385700 0.699402 
1286.469100 0.636498 0.143345 
1286.498609 0.162911 0.468969 
1286.871312 0.733895 0.332161 
1292.376627 0.291123 0.631611 
1292.675010 0.418017 0.900235 
1293.833072 0.760548 0.549879 
1294.220344 0.548637 0.702770 
1295.171776 0.860821 0.093653 
1295.599943 0.559302 0.187075 
1296.054831 0.046168 0.893991 
1298.770516 0.229079 0.659588 
1299.292844 0.403734 0.709966 
1299.500057 0.706486 0.556384 
1299.581472 0.241502 0.887061 
1301.010050 0.558170 0.816961 
1303.577720 0.543456 0.567337 
1304.115049 0.967260 0.528025 
1304.266830 0.120754 0.590322 
1305.043979 0.141889 0.189478 
1306.498630 0.427999 0.605978 
1308.145982 0.781442 0.254722 
1309.074245 0.670718 0.990279 
1309.182990 0.706904 0.700957 
1312.278770 0.567012 0.227847 
1312.285803 0.520229 0.054131 
1312.501997 0.345397 0.032919 
1312.904168 0.453266 0.141369 
1314.164143 0.115496 0.927859 
1314.304042 0.422925 0.283768 
1314.321536 0.597992 0.154343 
1316.592208 0.667639 0.891912 
1317.066536 0.217056 0.371103 
1317.694123 0.048765 0.602016 
1318.657699 0.089267 0.507850 
1320.856505 0.595742 0.621316 
1322.233267 0.079486 0.008221 
1322.262145 0.560346 0.204681 
1323.860101 0.165907 0.224978 
1324.574909 0.747538 0.627435 
1325.135225 0.275933 0.058705 
1325.147849 0.425772 0.548830 
1327.837504 0.902816 0.414381 
1330.194048 0.792411 0.966592 
1331.316021 0.738975 0.669136 
1334.962749 0.827541 0.088360 
1335.412722 0.787380 0.509844 
1335.755014 0.299416 0.980155 
1336.821164 0.831328 0.773744 
1337.491415 0.965655 0.478955 
1337.779702 0.503411 0.436903 
1338.031957 0.489087 0.470191 
1338.304703 0.877203 0.030630 
1338.343905 0.947095 0.492871 
1339.681804 0.913877 0.448142 
1339.937870 0.996779 0.683346 
1340.376157 0.085307 0.154916 
1341.146578 0.407143 0.530831 
1341.859208 0.236479 0.125159 
1342.301667 0.249423 0.138751 
1342.953085 0.379945 0.121485 
1343.214272 0.938355 0.919281 
1343.804776 0.827789 0.803795 
1343.967583 0.148545 0.315056 
1347.165058 0.801683 0.837391 
1349.491410 0.914452 0.286729 
1349.744927 0.952650 0.617745 
1350.898128 0.331955 0.539249 
1352.477152 0.850922 0.885955 
1352.497884 0.426495 0.362186 
1352.681319 0.454828 0.955320 
1352.780171 0.822865 0.887255 
1354.005350 0.939155 0.758950 
1354.372026 0.659167 0.005479 
1354.878218 0.448351 0.147920 
1355.534574 0.691221 0.698808 
1355.992327 0.893170 0.367757 
1358.178924 0.414232 0.710286 
1360.069452 0.474810 0.470785 
1360.543318 0.972476 0.612399 
1360.609356 0.522387 0.192911 
1360.819820 0.785818 0.100163 
1361.664475 0.455009 0.829144 
1362.008518 0.562046 0.373370 
1364.439386 0.169058 0.110146 
1365.676636 0.601678 0.614301 
1367.216821 0.128092 0.008018 
1367.433297 0.132036 0.624313 
1367.954246 0.184612 0.958981 
1368.808554 0.577716 0.052155 
1368.938600 0.154404 0.614014 
1369.099713 0.093378 0.790448 
1369.714622 0.698195 0.890142 
1370.382937 0.039049 0.449504 
1370.794385 0.837852 0.108596 
1371.522423 0.819668 0.606599 
1371.721021 0.520938 0.817433 
1372.190032 0.322175 0.421054 
1373.385395 0.708017 0.424519 
1373.836187 0.930154 0.974223 
1374.597934 0.405706 0.857995 
1374.615269 0.148907 0.947028 
1376.247584 0.439005 0.220115 
1377.742358 0.152568 0.285770 
1377.803442 0.510664 0.932462 
1379.644538 0.899920 0.009142 
1381.057206 0.031621 0.412577 
1381.561639 0.645891 0.304234 
1384.476287 0.094628 0.833599 
1384.803649 0.788547 0.337284 
1384.957921 0.103956 0.181568 
1385.522260 0.388181 0.740050 
1387.077173 0.624876 0.534556 
1389.009398 0.965183 0.927680 
1390.539020 0.176398 0.756123 
1392.314032 0.009046 0.519923 
1392.573754 0.123290 0.711030 
1392.651287 0.321470 0.099123 
1392.911215 0.830674 0.863755 
1393.637147 0.617753 0.887645 
1393.828555 0.042658 0.255692 
1394.735899 0.827792 0.364989 
1395.368276 0.253491 0.778658 
1395.425205 0.843217 0.616944 
1395.686019 0.444009 0.942069 
1396.040343 0.311273 0.343694 
1397.019936 0.972749 0.028011 
1397.284429 0.541627 0.596337 
1397.678493 0.502332 0.105919 
1397.828157 0.060535 0.500017 
1398.173882 0.589725 0.158026 
1398.840478 0.191235 0.809538 
1399.063031 0.373135 0.324837 
1399.367631 0.887018 0.562221 
1400.033580 0.654860 0.240237 
1404.871009 0.321921 0.205619 
1404.924517 0.332089 0.164889 
1405.178326 0.494522 0.165516 
1405.753157 0.241769 0.495756 
1406.309620 0.073419 0.728956 
1406.944354 0.908315 0.363164 
1407.047296 0.503827 0.429417 
1407.348931 0.636816 0.700734 
1410.089516 0.120932 0.573947 
1411.361736 0.686083 0.197001 
1411.553603 0.783126 0.418133 
1412.496298 0.529835 0.719612 
1423.412943 0.397200 0.835726 
1424.442184 0.495837 0.991196 
1425.384790 0.802542 0.551054 
1427.318468 0.713428 0.640161 
1427.331781 0.946046 0.173375 
1427.847612 0.487996 0.811146 
1429.664931 0.309233 0.248164 
1430.690716 0.043178 0.998276 
1430.917323 0.163858 0.294481 
1431.362571 0.850716 0.325828 
1431.462202 0.174965 0.249342 
1431.795184 0.660033 0.086589 
1433.073406 0.000511 0.650834 
1434.254981 0.322905 0.764533 
1435.683971 0.432102 0.553390 
1437.271615 0.103302 0.438779 
1439.980661 0.329664 0.979920 
1440.103588 0.191632 0.928505 
1440.587141 0.238795 0.664760 
1442.129185 0.525424 0.103695 
1442.651665 0.305881 0.219680 
1443.013581 0.075837 0.955348 
1443.394479 0.271605 0.801367 
1444.065558 0.340195 0.973654 
1446.031085 0.113400 0.609150 
1446.215607 0.407546 0.465693 
1451.059652 0.830464 0.604549 
1451.337217 0.661672 0.445007 
1451.985907 0.125777 0.117477 
1452.883231 0.225000 0.008098 
1453.766509 0.962148 0.094902 
1453.821710 0.122311 0.614114 
1454.790304 0.725782 0.222758 
1456.012262 0.544015 0.870945 
1457.671853 0.349414 0.666493 
1458.128114 0.481420 0.052379 
1459.079321 0.220733 0.278132 
1459.416012 0.382189 0.166778 
1465.250375 0.065158 0.726975 
1465.722556 0.758207 0.832444 
1468.416670 0.963052 0.294270 
1468.972245 0.664694 0.440333 
1469.868914 0.425118 0.975798 
1470.610519 0.717205 0.027147 
1470.924304 0.964924 0.453323 
1471.657934 0.501888 0.027241 
1471.720953 0.391096 0.660947 
1472.223076 0.596901 0.991406 
1475.292152 0.159296 0.334012 
1479.582123 0.616574 0.591840 
1480.337755 0.630799 0.325292 
1480.600219 0.569509 0.255955 
1480.761190 0.447289 0.565023 
1480.960009 0.170508 0.360133 
1481.084387 0.518064 0.249257 
1483.760806 0.288250 0.919770 
1483.970795 0.357572 0.322767 
1484.495659 0.092932 0.942886 
1486.208254 0.432495 0.849911 
1486.515446 0.203771 0.522396 
1486.787512 0.452295 0.709025 
1486.817049 0.889452 0.748041 
1488.121229 0.465834 0.345438 
1488.860084 0.434610 0.047714 
1489.716847 0.019114 0.847326 
1489.732147 0.104269 0.691512 
1491.838407 0.034591 0.280857 
1491.981877 0.730769 0.650885 
1493.708201 0.701483 0.023218 
1494.580888 0.919994 0.356047 
1494.755851 0.680607 0.860851 
1496.590372 0.531484 0.146651 
1497.996044 0.639341 0.332730 
1499.408326 0.108776 0.313334 
1500.566571 0.377346 0.372474 
1505.721971 0.491625 0.575692 
1506.192799 0.235460 0.782790 
1508.646741 0.321706 0.451191 
1509.192834 0.448116 0.022908 
1509.553786 0.485532 0.708998 
1510.554804 0.477861 0.638991 
1511.673213 0.540151 0.109609 
1511.703908 0.166352 0.889089 
1511.713270 0.110407 0.911008 
1512.349777 0.867251 0.851581 
1513.582834 0.846415 0.608201 
1514.011553 0.242867 0.811557 
1514.377284 0.859201 0.388550 
1514.979344 0.923933 0.013425 
1515.186242 0.112882 0.841947 
1515.399059 0.018035 0.944757 
1518.423620 0.402355 0.141823 
1518.632712 0.395316 0.726164 
1519.380199 0.626687 0.923682 
1520.267219 0.623469 0.029107 
1520.797106 0.447118 0.980577 
1520.894976 0.800586 0.328585 
1520.913696 0.070897 0.492135 
1520.929191 0.550814 0.458596 
1520.975553 0.257086 0.614339 
1523.450628 0.721739 0.619458 
1524.365885 0.923977 0.632101 
1525.043181 0.924134 0.168802 
1525.735596 0.369642 0.140092 
1525.989300 0.893609 0.935115 
1526.759836 0.496544 0.719852 
1527.514103 0.116916 0.181757 
1529.566632 0.057545 0.131044 
1530.942571 0.616377 0.214871 
1530.953750 0.825115 0.720500 
1531.747598 0.860010 0.970299 
1533.859196 0.858860 0.309378 
1534.095053 0.887110 0.918036 
1535.167566 0.517409 0.563657 
1535.231425 0.655792 0.963527 
1535.671600 0.838576 0.089690 
1537.465470 0.536640 0.749584 
1537.709490 0.259806 0.892042 
1539.378835 0.606062 0.077173 
1540.110095 0.841390 0.363387 
1540.264250 0.245348 0.355111 
1540.585173 0.272166 0.536812 
1541.709214 0.047516 0.846921 
1542.156216 0.778552 0.945511 
1542.288882 0.955125 0.361859 
1544.535911 0.055654 0.684586 
1544.733093 0.440838 0.110677 
1545.308735 0.214229 0.553157 
1547.488986 0.023635 0.083543 
1549.159071 0.757884 0.790803 
1549.332381 0.414089 0.786409 
1550.301795 0.615512 0.626512 
1550.800612 0.581412 0.720332 
1551.466038 0.382845 0.368233 
1551.557532 0.001186 0.685714 
1553.503919 0.919181 0.568741 
1553.688175 0.700776 0.669376 
1555.715152 0.611456 0.532626 
1557.403638 0.775242 0.625283 
1557.595911 0.286601 0.630184 
1557.791502 0.403601 0.239845 
1558.135299 0.888535 0.631750 
1560.541106 0.625674 0.917654 
1561.148344 0.693103 0.557222 
1561.287351 0.269554 0.530402 
1562.010019 0.647890 0.360810 
1562.306247 0.406433 0.420653 
1563.257354 0.718617 0.494212 
1564.106877 0.270531 0.646155 
1565.409329 0.486777 0.851723 
1566.590453 0.862782 0.788810 
1567.203968 0.991024 0.813026 
1570.845513 0.479893 0.629918 
1571.306942 0.402236 0.716532 
1573.248728 0.859242 0.365657 
1573.342850 0.815743 0.861221 
1575.144551 0.674537 0.129473 
1575.993104 0.449982 0.335294 
1576.402121 0.559426 0.732137 
1577.081366 0.013852 0.588383 
1580.875627 0.187893 0.301494 
1581.991468 0.386894 0.361108 
1582.052899 0.632505 0.016045 
1582.057604 0.034074 0.025431 
1582.295979 0.764950 0.722574 
1582.963053 0.639014 0.787847 
1583.353044 0.069568 0.300877 
1584.001996 0.768631 0.918875 
1584.331643 0.654493 0.484651 
1584.536999 0.636958 0.863389 
1584.835103 0.997608 0.744802 
1585.083293 0.784954 0.978943 
1586.309198 0.696820 0.069328 
1587.227361 0.180410 0.928552 
1587.338240 0.001483 0.948234 
1587.839890 0.912799 0.217057 
1588.277849 0.493549 0.716362 
1588.711658 0.066191 0.030956 
1590.951822 0.318145 0.825830 
1594.121292 0.185076 0.035794 
1595.054086 0.396687 0.506478 
1596.213806 0.014110 0.233397 
1597.052802 0.621846 0.156973 
1597.638709 0.707498 0.856858 
1600.919387 0.169469 0.571713 
1604.103938 0.681523 0.773135 
1607.000672 0.601060 0.821257 
1607.889949 0.357206 0.820082 
1608.590738 0.607348 0.540482 
1611.512603 0.426059 0.005537 
1611.782458 0.276042 0.820461 
1614.172295 0.333344 0.471626 
1614.770970 0.714378 0.880974 
1614.811447 0.744482 0.993081 
1615.411916 0.113778 0.600830 
1617.692362 0.985849 0.347292 
1619.692011 0.643550 0.200103 
1620.107875 0.824559 0.649025 
1622.598934 0.268544 0.654509 
1623.499012 0.766175 0.718516 
1624.870189 0.698865 0.668017 
1625.713540 0.400118 0.466530 
1626.244710 0.730531 0.761178 
1626.896581 0.033547 0.665682 
1629.719310 0.861103 0.502367 
1630.126090 0.852942 0.094798 
1632.141512 0.596237 0.763381 
1633.086909 0.406633 0.487015 
1633.480124 0.937837 0.565580 
1633.784716 0.439010 0.906429 
1637.902949 0.825043 0.055748 
1639.199646 0.763607 0.843249 
1639.678127 0.207308 0.698642 
1639.686659 0.292129 0.538202 
1640.103709 0.179003 0.954445 
1640.511680 0.231347 0.002363 
1640.558516 0.263910 0.824134 
1640.614317 0.381653 0.344972 
1640.972425 0.481429 0.229869 
1642.178986 0.564151 0.262558 
1643.369974 0.857672 0.062787 
1645.150550 0.246739 0.169076 
1645.532214 0.580978 0.807273 
1646.103948 0.061003 0.723473 
1646.256420 0.216938 0.941354 
1647.980661 0.699515 0.805181 
1649.200592 0.201587 0.220037 
1649.557384 0.481673 0.381057 
1651.139919 0.057744 0.504214 
1651.743056 0.551639 0.592151 
1651.846757 0.355812 0.625063 
1653.875255 0.129476 0.646147 
1653.954958 0.166701 0.652894 
1655.188830 0.484770 0.907099 
1655.724065 0.077751 0.314640 
1656.817076 0.340874 0.869669 
1657.554032 0.507938 0.086441 
1659.970421 0.454734 0.544716 
1664.367035 0.343811 0.325551 
1664.473637 0.441738 0.511133 
1665.392667 0.665471 0.665094 
1665.760682 0.420330 0.935532 
1665.997336 0.435103 0.548675 
1666.565600 0.592057 0.686593 
1666.636057 0.913940 0.742502 
1669.148151 0.722808 0.396830 
1669.432765 0.281338 0.573152 
1670.048176 0.886729 0.668760 
1671.185868 0.955431 0.768835 
1673.948208 0.701534 0.049958 
1675.374332 0.261539 0.724629 
1677.909873 0.058412 0.748361 
1678.118065 0.982356 0.723556 
1678.448236 0.489846 0.855628 
1679.982917 0.613194 0.399323 
1680.058136 0.550571 0.113463 
1682.002923 0.240960 0.666093 
1682.118691 0.275785 0.821572 
1685.651512 0.149502 0.410242 
1686.451115 0.338486 0.751621 
1686.523592 0.769634 0.182878 
1689.101027 0.688781 0.723853 
1690.169768 0.009400 0.750439 
1693.171515 0.074843 0.664658 
1694.848275 0.292250 0.137990 
1696.666827 0.596801 0.396041 
1696.931666 0.670369 0.657482 
1698.306415 0.096627 0.480591 
1698.760432 0.520661 0.753332 
1699.069434 0.099243 0.099926 
1699.433686 0.281012 0.930299 
1700.774710 0.932156 0.083298 
1701.689399 0.565182 0.584144 
1703.001799 0.272694 0.601491 
1705.062739 0.251428 0.098782 
1706.153824 0.323695 0.753497 
1706.576210 0.947509 0.114864 
1708.129416 0.258723 0.688160 
1708.997383 0.406847 0.228261 
1712.461920 0.444677 0.422701 
1715.342155 0.310320 0.288672 
1715.762804 0.449398 0.847859 
1715.988838 0.868061 0.731461 
1717.021826 0.417699 0.200394 
1719.286698 0.386896 0.566052 
1721.577661 0.375895 0.875682 
1721.662848 0.879373 0.398151 
1721.937110 0.716600 0.766869 
1723.694737 0.752758 0.379826 
1724.456576 0.315526 0.639088 
1727.087343 0.452950 0.593103 
1727.489744 0.753312 0.115171 
1727.608439 0.710482 0.978705 
1728.458478 0.505980 0.590850 
1729.175658 0.329979 0.428238 
1729.411541 0.892516 0.474101 
1730.370187 0.312645 0.561896 
1730.643157 0.750741 0.025163 
1731.779153 0.403564 0.402781 
1731.793106 0.019695 0.581334 
1733.548135 0.334287 0.354015 
1733.770803 0.687686 0.884433 
1734.002989 0.073827 0.692352 
1734.435398 0.398897 0.019863 
1734.559477 0.498164 0.236879 
1736.663165 0.178253 0.640242 
1738.329854 0.179003 0.500224 
1740.664800 0.419018 0.027174 
1742.866925 0.024831 0.200953 
1744.416796 0.269436 0.301208 
1745.050922 0.804779 0.086072 
1747.828587 0.545711 0.061621 
1748.728386 0.229855 0.835318 
1749.293935 0.088731 0.466238 
1751.432354 0.487669 0.142519 
1751.480671 0.294280 0.966026 
1751.698171 0.874647 0.194203 
1751.932267 0.887990 0.045965 
1752.599904 0.297584 0.599688 
1753.148985 0.773285 0.072445 
1753.325079 0.415182 0.338915 
1753.814037 0.834605 0.227361 
1755.341141 0.075727 0.738859 
1756.492274 0.268858 0.186386 
1756.846922 0.159891 0.919956 
1757.271301 0.909079 0.203849 
1759.749684 0.417049 0.411184 
1759.753755 0.078888 0.127081 
1760.749712 0.776394 0.334186 
1761.015770 0.589149 0.281981 
1763.062255 0.047962 0.979270 
1763.517771 0.312008 0.944235 
1763.673140 0.042748 0.928126 
1765.982689 0.884884 0.383900 
1766.443704 0.525277 0.970496 
1766.744305 0.442583 0.054568 
1767.046006 0.968945 0.213121 
1767.310271 0.012178 0.068154 
1767.760923 0.560408 0.230998 
1768.550465 0.756219 0.459434 
1768.866545 0.960130 0.755073 
1768.985577 0.431501 0.040423 
1769.015538 0.990247 0.219294 
1769.286018 0.391922 0.835854 
1770.709476 0.153194 0.604989 
1771.010168 0.291416 0.385244 
1772.182747 0.141227 0.646885 
1772.441318 0.009766 0.926566 
1772.567624 0.671212 0.731967 
1774.371562 0.567437 0.483018 
1775.398496 0.339482 0.017936 
1776.020896 0.700228 0.730767 
1778.752773 0.589741 0.549685 
1778.829636 0.245343 0.926126 
1779.448416 0.469401 0.813358 
1780.450590 0.636211 0.253552 
1781.275649 0.426195 0.252239 
1781.330163 0.443482 0.692684 
1781.672838 0.968022 0.637310 
1783.084760 0.743736 0.873224 
1783.122079 0.213670 0.676402 
1784.375524 0.226730 0.598536 
1786.067216 0.045379 0.556337 
1787.025331 0.766286 0.862921 
1790.212810 0.705671 0.705932 
1790.548699 0.564287 0.819015 
1793.744769 0.646473 0.434653 
1795.375106 0.853471 0.422497 
1795.408020 0.006815 0.445009 
1795.787934 0.924221 0.357234 
1796.888944 0.311336 0.094390 
1797.386332 0.750409 0.226186 
1798.407638 0.752537 0.297310 
1799.372957 0.020930 0.754013 
1799.871994 0.021302 0.261764 
1800.373718 0.064351 0.612029 
1802.150669 0.050292 0.440596 
1802.392329 0.152886 0.713777 
1804.897241 0.927820 0.797640 
1804.919140 0.841013 0.602909 
1807.046942 0.888523 0.857913 
1807.636498 0.423060 0.493545 
1807.736670 0.680321 0.685443 
1809.733315 0.443935 0.681209 
1812.211701 0.264277 0.936876 
1812.455007 0.333803 0.134010 
1812.784603 0.094507 0.298630 
1819.980207 0.877253 0.814117 
1820.502330 0.998821 0.638986 
1821.428024 0.184949 0.545811 
1821.901213 0.593768 0.219753 
1823.879776 0.635492 0.874545 
1825.766132 0.430585 0.102880 
1828.476504 0.505242 0.020503 
1828.884078 0.040810 0.364170 
1829.549307 0.284755 0.463002 
1831.568497 0.993070 0.398189 
1832.685436 0.706059 0.116035 
1833.150557 0.462615 0.223154 
1833.956145 0.186130 0.487737 
1834.594267 0.907732 0.534404 
1834.600127 0.178017 0.144346 
1835.889449 0.951807 0.800128 
1838.932634 0.962419 0.504144 
1839.752189 0.078973 0.533649 
1840.596957 0.094464 0.393172 
1842.688009 0.425322 0.826837 
1844.003310 0.408766 0.532085 
1844.017317 0.328892 0.970731 
1844.936859 0.203735 0.429016 
1845.564009 0.107937 0.682645 
1845.726477 0.510955 0.565148 
1846.093450 0.847579 0.860872 
1846.212205 0.058925 0.559940 
1846.441407 0.723954 0.950414 
1847.628569 0.813492 0.606103 
1849.332304 0.674370 0.029086 
1849.827755 0.486298 0.230035 
1851.026727 0.553416 0.719455 
1852.059224 0.141101 0.568081 
1854.981519 0.347946 0.598801 
1856.527371 0.216389 0.554504 
1856.791374 0.867156 0.190852 
1858.021723 0.239347 0.193604 
1863.013170 0.811758 0.628928 
1863.465769 0.948410 0.891500 
1864.509015 0.560439 0.436322 
1865.161794 0.920588 0.058839 
1865.561439 0.538994 0.554777 
1865.603598 0.938015 0.726934 
1866.126388 0.899268 0.196675 
1867.154343 0.060482 0.107951 
1868.964775 0.358927 0.588497 
1869.138012 0.526332 0.143376 
1869.206670 0.479063 0.255081 
1869.267909 0.809915 0.414269 
1869.282140 0.283478 0.419092 
1869.460277 0.631868 0.035499 
1872.130358 0.548416 0.969880 
1872.654697 0.428180 0.261476 
1872.800820 0.672940 0.029017 
1874.631438 0.547726 0.966932 
1875.069948 0.164165 0.254702 
1875.645876 0.132650 0.054081 
1875.889058 0.020013 0.299183 
1878.963738 0.182083 0.251924 
1879.241252 0.272023 0.642235 
1880.183312 0.282169 0.331669 
1880.297510 0.244217 0.274721 
1882.050841 0.905280 0.690419 
1883.938022 0.626873 0.651285 
1884.227291 0.775734 0.526551 
1887.593032 0.024087 0.299751 
1887.779542 0.393657 0.163919 
1888.897448 0.386682 0.216274 
1889.906530 0.445617 0.206221 
1890.487884 0.259291 0.777767 
1890.694289 0.148296 0.196261 
1891.205470 0.226218 0.870693 
1892.922631 0.211483 0.928839 
1894.985297 0.314604 0.405732 
1896.608636 0.374142 0.333034 
1896.660881 0.545401 0.448153 
1900.356025 0.179843 0.505120 
1900.608307 0.394127 0.348924 
1900.914285 0.990712 0.293155 
1902.812089 0.017475 0.640279 
1903.725850 0.759585 0.186457 
1904.617868 0.745660 0.296764 
1905.166161 0.058297 0.537133 
1906.655733 0.064385 0.750366 
1910.160244 0.229847 0.207638 
1910.284659 0.444404 0.702566 
1911.050385 0.099404 0.753980 
1911.334017 0.093050 0.006214 
1911.824989 0.515641 0.074413 
1912.522775 0.732634 0.878779 
1912.570670 0.121931 0.954415 
1914.843141 0.392454 0.009196 
1916.927972 0.750955 0.849692 
1917.185478 0.152196 0.204614 
1918.547075 0.633135 0.664416 
1918.931333 0.761720 0.281295 
1922.340747 0.874531 0.252120 
1923.164634 0.046225 0.582191 
1925.761293 0.772244 0.793520 
1929.302191 0.801045 0.352978 
1930.889961 0.964545 0.625262 
1931.845439 0.431699 0.136062 
1933.018685 0.975118 0.415039 
1933.232011 0.197374 0.312818 
1933.427169 0.209698 0.278556 
1933.847462 0.489227 0.957894 
1935.250495 0.527365 0.996476 
1935.778893 0.249707 0.409681 
1936.137758 0.152237 0.641967 
1936.887450 0.003276 0.903557 
1937.416238 0.594354 0.099752 
1938.383978 0.806683 0.053474 
1938.464892 0.401419 0.621969 
1938.537896 0.177084 0.608101 
1939.407681 0.416819 0.423145 
1941.770363 0.170826 0.278587 
1942.232165 0.336879 0.979034 
1943.894348 0.370910 0.875261 
1944.854406 0.292759 0.925105 
1945.569138 0.776284 0.960340 
1945.977245 0.117312 0.577446 
1947.680255 0.351842 0.116908 
1948.994239 0.056386 0.757701 
1949.258957 0.055194 0.625320 
1950.149696 0.495148 0.153187 
1950.207835 0.303261 0.597088 
1951.815643 0.411682 0.188752 
1953.118507 0.923805 0.580635 
1953.421316 0.140574 0.588286 
1953.733348 0.539050 0.933328 
1957.105787 0.233919 0.331076 
1957.165549 0.484875 0.192648 
1958.272322 0.991506 0.026249 
1958.789190 0.796872 0.197493 
1959.343031 0.776714 0.475074 
1959.645458 0.839894 0.520265 
1961.958526 0.412529 0.345436 
1962.371826 0.724717 0.846973 
1963.314957 0.928936 0.075034 
1963.771867 0.287670 0.642758 
1964.019547 0.004576 0.862228 
1965.210792 0.257593 0.117628 
1965.682234 0.116312 0.549005 
1965.870334 0.711479 0.258459 
1968.621467 0.126708 0.046179 
1971.280194 0.243920 0.467243 
1973.638446 0.335331 0.837041 
1974.480168 0.927713 0.674940 
1974.856363 0.700063 0.298048 
1977.966382 0.272098 0.244412 
1978.906941 0.700646 0.370640 
1979.006617 0.008003 0.672168 
1979.657304 0.993422 0.036902 
1981.402023 0.743986 0.739263 
1982.245192 0.330151 0.400432 
1982.518879 0.951914 0.761528 
1984.064609 0.274814 0.419077 
1984.257228 0.012878 0.113542 
1984.927426 0.635070 0.599688 
1986.789400 0.122668 0.689155 
1987.376670 0.438389 0.031989 
1990.314949 0.928786 0.800131 
1990.376850 0.955569 0.721053 
1991.517938 0.853936 0.169970 
1991.980117 0.158540 0.443653 
1993.304724 0.333914 0.617229 
1994.453060 0.244387 0.895456 
1995.475504 0.707798 0.818243 
1995.995471 0.918001 0.338750 
1996.055121 0.966780 0.163770 
1996.487784 0.609297 0.152194 
1996.613116 0.753574 0.913979 
1996.749016 0.225636 0.891812 
1999.590829 0.221183 0.860178 
2001.483009 0.065892 0.942145 
2006.039769 0.926772 0.997955 
2006.649161 0.528637 0.053921 
2006.854151 0.620049 0.949302 
2007.103098 0.162567 0.106567 
2007.293887 0.017067 0.808786 
2008.074954 0.560748 0.278748 
2009.807930 0.394268 0.772553 
2009.940054 0.374999 0.250402 
2009.972302 0.363226 0.475712 
2010.624175 0.227691 0.663241 
2010.938483 0.305018 0.358575 
2011.066203 0.691622 0.510377 
2013.794977 0.464908 0.910044 
2015.095109 0.142520 0.205928 
2016.384498 0.890052 0.026182 
2016.603389 0.381532 0.725343 
2017.134659 0.827906 0.619960 
2017.154121 0.542517 0.646219 
2021.307314 0.195987 0.248312 
2021.940712 0.655797 0.467834 
2022.328483 0.849458 0.056121 
2023.275780 0.479619 0.294838 
2024.690343 0.417458 0.091769 
2024.789416 0.113342 0.774686 
2025.610657 0.098715 0.234862 
2025.895925 0.675687 0.180838 
2025.973955 0.821079 0.462618 
2026.832722 0.596643 0.195445 
2027.217029 0.105446 0.559003 
2028.930676 0.528944 0.056085 
2032.033052 0.026848 0.043366 
2033.639880 0.859842 0.722616 
2035.672832 0.637647 0.724469 
2035.984760 0.557649 0.651748 
2036.835461 0.112600 0.759383 
2037.375436 0.814439 0.182020 
2037.991379 0.581556 0.913927 
2038.325244 0.869332 0.599242 
2038.460943 0.780412 0.953461 
2038.536396 0.367081 0.417664 
2039.052977 0.944449 0.344534 
2039.225540 0.917111 0.038031 
2040.669032 0.579345 0.086058 
2041.594550 0.558042 0.963103 
2042.717103 0.006915 0.027388 
2043.163776 0.863466 0.317321 
2044.068275 0.629835 0.457593 
2045.047884 0.225129 0.107084 
2045.179232 0.957038 0.208672 
2047.969366 0.440063 0.860817 
