0.000000 0.706504 0.965391 
0.211695 0.129350 0.014558 
3.790250 0.234286 0.596988 
4.050707 0.284157 0.318468 
5.613975 0.253903 0.749574 
6.171935 0.515985 0.305322 
6.257930 0.693799 0.439637 
6.665648 0.401262 0.669078 
7.281113 0.942227 0.352973 
8.257424 0.904231 0.481655 
8.456053 0.414667 0.744833 
9.017553 0.263846 0.933203 
9.040311 0.518979 0.188694 
9.099308 0.062952 0.275626 
9.222013 0.544112 0.762267 
9.839962 0.776840 0.345421 
10.391371 0.130485 0.714594 
10.947501 0.427201 0.689370 
12.976085 0.757954 0.431806 
15.285894 0.745060 0.694664 
15.919063 0.389454 0.570558 
17.179773 0.355641 0.327795 
17.742798 0.622886 0.082094 
18.665059 0.593117 0.233714 
18.913682 0.567931 0.243195 
24.313607 0.831050 0.828784 
25.131703 0.045810 0.123802 
28.281766 0.002945 0.637868 
28.955759 0.885675 0.826981 
29.454832 0.160697 0.889179 
29.642044 0.438909 0.578763 
30.049986 0.375129 0.112581 
32.354930 0.416373 0.256080 
32.865124 0.693106 0.739549 
33.574561 0.328974 0.139761 
35.006650 0.829784 0.963929 
35.959044 0.848522 0.795258 
35.967654 0.310562 0.061252 
37.264005 0.584560 0.247416 
40.060981 0.423961 0.421755 
41.910304 0.592764 0.289101 
42.408688 0.877744 0.031565 
45.122431 0.450679 0.940476 
46.603568 0.251902 0.345216 
47.432661 0.202262 0.904140 
48.485188 0.955288 0.784543 
48.996830 0.964195 0.495773 
50.059742 0.937400 0.036741 
50.240395 0.926318 0.525005 
51.416874 0.473263 0.591676 
51.759586 0.588250 0.002385 
52.015358 0.615404 0.230787 
52.259177 0.192554 0.963093 
54.114871 0.786068 0.693054 
54.395415 0.479768 0.093360 
56.866732 0.355547 0.792580 
56.895873 0.026520 0.848116 
59.521096 0.736075 0.579458 
60.245545 0.195496 0.320702 
60.562319 0.169706 0.568971 
60.857897 0.790260 0.843255 
61.352050 0.123202 0.610167 
64.174585 0.612494 0.483198 
64.604380 0.583364 0.418129 
67.417630 0.648392 0.468381 
70.917523 0.629306 0.949294 
71.764381 0.111953 0.804272 
72.054164 0.306916 0.280497 
72.251953 0.265149 0.923625 
75.511900 0.094616 0.960853 
75.520673 0.570681 0.910728 
75.837586 0.048666 0.227317 
75.924664 0.914004 0.158013 
76.603022 0.275148 0.304155 
76.731558 0.240699 0.256372 
78.786398 0.122800 0.753348 
79.826758 0.390555 0.727323 
82.241832 0.043867 0.678734 
83.028434 0.322281 0.584780 
84.793940 0.409138 0.824977 
86.325635 0.657596 0.650933 
90.094177 0.616554 0.957284 
90.724238 0.904249 0.248711 
91.288127 0.024803 0.370323 
91.652572 0.298865 0.572384 
92.102856 0.125092 0.179401 
93.030769 0.613856 0.501163 
93.047145 0.134310 0.023326 
94.272818 0.264901 0.593515 
94.505544 0.232399 0.401491 
100.300550 0.706078 0.180336 
100.618107 0.362267 0.285969 
101.180453 0.031078 0.611963 
102.021783 0.662283 0.097943 
102.659742 0.124704 0.975180 
104.691417 0.598946 0.667802 
107.016785 0.323430 0.754468 
107.157948 0.456359 0.259349 
107.568321 0.549916 0.373691 
107.641946 0.171610 0.748494 
108.447441 0.714404 0.493964 
108.858759 0.090193 0.197153 
111.375090 0.591417 0.745756 
111.705377 0.583200 0.786027 
112.286927 0.561841 0.147023 
114.946748 0.151005 0.723624 
116.262739 0.549683 0.599796 
120.873596 0.577548 0.089902 
122.513604 0.858214 0.836887 
123.972184 0.502681 0.067203 
125.450916 0.551686 0.678624 
126.040041 0.996507 0.441765 
128.072163 0.788025 0.112294 
129.243323 0.166389 0.956814 
129.269682 0.483491 0.579429 
129.446243 0.675040 0.183087 
129.970637 0.967183 0.735828 
130.603038 0.316688 0.348351 
131.330391 0.270139 0.415585 
132.906495 0.946818 0.109618 
134.718234 0.008996 0.996623 
135.311565 0.954974 0.377547 
135.402398 0.181925 0.202319 
137.666941 0.398459 0.600748 
138.748045 0.425200 0.765115 
139.132553 0.375375 0.146592 
139.806526 0.428495 0.882788 
140.965824 0.865969 0.723207 
141.076607 0.818051 0.894425 
141.108696 0.561121 0.734827 
142.123744 0.706937 0.749976 
142.190315 0.935278 0.976325 
142.321619 0.798229 0.084308 
143.285709 0.836383 0.978881 
144.333792 0.369354 0.094556 
145.001015 0.779582 0.742668 
147.675930 0.516712 0.681547 
148.140164 0.281701 0.213562 
148.427281 0.903841 0.415910 
149.505689 0.057437 0.818581 
150.259254 0.825384 0.042374 
150.861130 0.291704 0.452972 
150.865580 0.771312 0.471969 
150.987996 0.025938 0.034853 
152.663452 0.369876 0.791872 
153.268686 0.340337 0.223094 
153.752353 0.604247 0.000741 
154.387570 0.800967 0.136812 
156.994113 0.683853 0.285507 
158.172389 0.243747 0.009467 
159.798252 0.280685 0.883178 
161.653255 0.662443 0.600494 
161.927260 0.126340 0.790083 
161.985297 0.045544 0.848859 
162.297616 0.140548 0.453709 
162.507346 0.376166 0.270198 
162.516270 0.497451 0.667304 
163.038178 0.752556 0.880787 
163.118766 0.817844 0.152178 
163.701562 0.936592 0.085042 
164.103521 0.248601 0.822052 
164.452197 0.920031 0.889679 
165.561389 0.799088 0.844000 
168.615379 0.086609 0.137880 
170.091839 0.706291 0.685542 
170.819170 0.349862 0.374694 
171.431744 0.086415 0.943335 
171.707072 0.719917 0.255349 
172.066179 0.099205 0.642820 
172.694960 0.786335 0.279340 
172.959476 0.894142 0.084609 
173.915077 0.541867 0.461017 
174.575214 0.609796 0.905844 
176.019465 0.909905 0.815995 
176.487899 0.646728 0.675075 
178.864553 0.136822 0.660985 
178.882318 0.875891 0.702958 
182.033055 0.075296 0.759246 
184.131428 0.333741 0.665205 
184.529239 0.651460 0.433467 
186.337161 0.019319 0.011039 
186.957932 0.714111 0.520256 
187.578501 0.535485 0.705410 
187.692519 0.117470 0.311422 
187.799737 0.622601 0.611317 
188.118935 0.046403 0.996212 
188.205022 0.686327 0.522087 
188.550796 0.978265 0.062066 
189.020419 0.788796 0.905762 
189.656026 0.749879 0.844986 
190.100145 0.400018 0.869789 
191.118177 0.749200 0.621856 
192.155760 0.541502 0.634418 
193.372046 0.537879 0.199672 
194.806232 0.852132 0.444797 
194.854195 0.014055 0.569668 
196.257586 0.046386 0.919593 
196.319290 0.220454 0.520777 
196.404695 0.479510 0.190038 
197.446544 0.179541 0.319384 
197.587045 0.735718 0.900480 
198.782188 0.760816 0.976099 
199.063065 0.176839 0.819907 
200.454851 0.114582 0.121359 
203.883461 0.932670 0.220708 
204.145384 0.393584 0.381365 
204.150344 0.142121 0.902109 
204.864491 0.829541 0.815479 
208.388043 0.173314 0.962873 
209.557744 0.669805 0.013288 
210.669863 0.269213 0.571643 
211.763759 0.170298 0.395045 
212.098825 0.776701 0.108565 
214.057058 0.986941 0.373358 
215.974338 0.201854 0.966953 
216.828328 0.214662 0.376494 
217.154390 0.048588 0.604143 
217.371473 0.870092 0.669300 
218.034138 0.463733 0.230340 
218.417325 0.337912 0.827898 
219.517118 0.844685 0.775684 
222.083984 0.529469 0.935042 
222.088748 0.482407 0.029809 
222.369947 0.235762 0.548739 
226.228168 0.501797 0.329024 
226.728503 0.205672 0.143092 
227.207476 0.828602 0.186793 
228.485325 0.146187 0.310969 
232.775676 0.412006 0.968702 
232.894059 0.673739 0.171462 
233.511604 0.372603 0.106785 
234.013471 0.869536 0.742006 
235.275227 0.440632 0.360966 
235.500658 0.507464 0.708984 
237.928018 0.414045 0.366334 
238.996848 0.575227 0.991581 
239.817604 0.244031 0.296881 
239.953760 0.724814 0.289555 
240.776506 0.926998 0.628717 
241.892689 0.357889 0.315130 
243.851557 0.805833 0.162762 
244.618002 0.959280 0.530910 
244.776182 0.143137 0.507440 
245.705047 0.971062 0.137534 
246.300669 0.304931 0.591561 
247.455022 0.183242 0.785287 
247.702082 0.018096 0.331809 
247.922481 0.465670 0.054470 
248.028904 0.275382 0.944517 
248.581674 0.349271 0.402340 
250.215868 0.795167 0.087527 
250.469588 0.594820 0.694893 
251.970689 0.706710 0.871008 
252.825007 0.502801 0.386599 
254.390930 0.533585 0.423078 
258.327895 0.478268 0.744731 
258.822450 0.280629 0.261724 
258.933695 0.595001 0.955624 
262.427484 0.214943 0.845303 
263.041446 0.108824 0.658835 
263.240127 0.765550 0.709082 
264.619164 0.076866 0.198766 
266.424408 0.817385 0.270785 
268.171430 0.276053 0.957158 
270.098685 0.735449 0.570728 
270.267751 0.954908 0.359335 
270.565559 0.856326 0.022298 
270.749235 0.857933 0.485334 
276.686185 0.874606 0.952320 
277.056157 0.690346 0.794892 
279.409281 0.423465 0.261135 
279.668739 0.989292 0.201709 
280.297205 0.851693 0.310917 
280.451417 0.081988 0.851118 
280.662316 0.256121 0.136473 
283.489835 0.547954 0.547201 
283.936177 0.404142 0.133585 
285.370261 0.424637 0.488483 
285.828393 0.103851 0.094045 
286.710151 0.760590 0.299260 
288.181852 0.110616 0.645703 
288.319863 0.778334 0.356638 
288.912122 0.211036 0.608139 
290.377539 0.476461 0.536231 
291.735101 0.665837 0.874865 
292.232220 0.542373 0.386710 
293.033870 0.340068 0.824977 
293.716886 0.179618 0.853517 
294.540952 0.232989 0.606679 
297.715535 0.597609 0.110510 
298.013166 0.958580 0.818219 
298.301235 0.311311 0.831656 
299.829819 0.213141 0.153240 
300.348231 0.070334 0.277454 
300.861528 0.702559 0.431072 
301.500016 0.874222 0.860419 
301.869586 0.972446 0.077456 
303.498906 0.347560 0.035388 
303.967197 0.323218 0.359359 
304.277182 0.635589 0.292755 
305.323923 0.094541 0.117070 
305.745043 0.245208 0.735183 
306.320089 0.527351 0.965919 
308.367574 0.815845 0.700582 
309.273460 0.869290 0.839429 
309.698413 0.618492 0.361813 
310.039994 0.971584 0.978764 
310.709700 0.637323 0.290997 
310.992250 0.137435 0.975616 
313.724292 0.137148 0.418576 
313.883176 0.025901 0.792423 
314.103349 0.065889 0.662679 
314.120480 0.130023 0.822421 
314.901318 0.980147 0.332486 
317.172872 0.635205 0.922799 
319.187524 0.610105 0.891898 
320.260036 0.346930 0.667769 
320.547702 0.186117 0.594733 
321.944612 0.374191 0.209933 
323.291146 0.419084 0.191158 
325.699497 0.035695 0.273979 
326.086682 0.564538 0.703797 
327.306376 0.407817 0.957756 
328.123002 0.246496 0.740332 
328.713876 0.681836 0.775156 
328.788154 0.691499 0.985090 
329.396480 0.511087 0.389278 
331.065244 0.859375 0.618933 
332.609614 0.232102 0.668229 
333.714123 0.453184 0.702859 
334.503473 0.264555 0.287052 
336.177122 0.399857 0.315275 
337.360961 0.037545 0.122343 
338.802573 0.114512 0.717341 
341.940424 0.803529 0.466095 
342.162189 0.055114 0.890505 
344.959998 0.631669 0.408056 
345.324618 0.415516 0.319308 
346.272499 0.948882 0.658479 
346.398399 0.496120 0.763138 
346.529496 0.458560 0.500703 
348.633579 0.651642 0.854722 
348.694860 0.875214 0.553198 
349.465527 0.869431 0.539059 
353.012948 0.630524 0.312567 
353.205973 0.816848 0.777110 
354.076540 0.634985 0.077073 
354.174756 0.783873 0.953490 
354.428345 0.505312 0.496093 
355.257260 0.106334 0.500378 
355.680325 0.330718 0.387465 
356.015854 0.994653 0.448376 
357.440333 0.754970 0.810581 
358.313913 0.125843 0.628235 
358.823147 0.778103 0.832572 
360.614398 0.518766 0.585965 
360.752508 0.460609 0.278030 
362.608523 0.428605 0.338593 
362.810251 0.176572 0.895933 
364.016990 0.636735 0.320379 
364.291283 0.920302 0.612444 
364.815315 0.480151 0.272036 
365.684904 0.402177 0.492578 
366.691326 0.705551 0.570483 
366.772293 0.460838 0.427906 
367.132736 0.414797 0.933498 
368.214798 0.462861 0.015178 
368.338749 0.294883 0.144293 
368.650307 0.287250 0.291605 
369.769881 0.896078 0.634042 
374.235841 0.216199 0.010385 
374.427707 0.081780 0.620285 
374.511404 0.061847 0.949171 
374.799334 0.820806 0.208457 
374.935660 0.311982 0.877664 
376.268890 0.699625 0.807354 
380.285911 0.134369 0.786134 
380.372249 0.564624 0.406860 
381.600534 0.873859 0.609565 
382.885825 0.949541 0.903484 
385.078839 0.171452 0.823261 
385.401864 0.129585 0.861489 
385.429806 0.662787 0.172247 
385.681384 0.768731 0.665644 
386.428471 0.506351 0.424140 
387.514544 0.739732 0.632596 
390.067528 0.501691 0.717633 
392.416357 0.136693 0.856060 
392.543644 0.983403 0.388678 
392.589909 0.599864 0.039213 
394.624260 0.992446 0.649458 
396.247890 0.497593 0.094442 
396.679981 0.539479 0.158114 
397.854460 0.556688 0.754504 
399.987105 0.033307 0.617729 
400.770551 0.460979 0.027842 
401.370364 0.671505 0.797677 
401.586300 0.439719 0.429267 
401.736475 0.270925 0.590973 
403.301930 0.118882 0.131433 
404.206575 0.130922 0.184537 
405.094353 0.080446 0.166059 
407.049531 0.714159 0.146847 
408.477858 0.307378 0.444283 
413.889248 0.956547 0.774607 
414.379357 0.110417 0.021206 
415.082238 0.428641 0.298765 
415.146511 0.485585 0.077230 
416.315026 0.274601 0.649518 
416.485188 0.858205 0.254758 
416.900646 0.523816 0.013084 
418.174541 0.918859 0.901610 
418.238878 0.953880 0.769738 
418.385911 0.513260 0.761236 
419.122378 0.608858 0.127908 
419.261729 0.468645 0.943392 
419.577498 0.156019 0.615839 
419.741991 0.299144 0.358881 
419.906932 0.608842 0.254195 
420.294042 0.571340 0.599563 
421.396567 0.557369 0.462799 
422.274943 0.740694 0.354910 
422.972424 0.141419 0.583870 
424.754884 0.703447 0.104122 
425.293419 0.486724 0.167121 
425.537615 0.184706 0.217387 
425.757528 0.692970 0.735776 
426.932924 0.223467 0.755431 
429.547941 0.085981 0.752331 
430.467524 0.999443 0.130600 
430.570204 0.773912 0.018586 
430.706031 0.978654 0.121995 
432.300168 0.971846 0.138724 
432.718735 0.373624 0.854801 
440.760717 0.728176 0.902373 
442.197476 0.366557 0.245700 
443.790462 0.280486 0.754459 
445.516996 0.908525 0.113223 
445.595931 0.713300 0.221034 
445.681265 0.811867 0.651501 
447.301403 0.944083 0.529398 
449.503778 0.637641 0.576031 
452.279128 0.417473 0.104466 
454.056093 0.657798 0.365992 
454.986390 0.206916 0.962283 
456.403176 0.457934 0.464092 
458.120940 0.250805 0.076464 
458.842398 0.604967 0.867518 
459.965905 0.625560 0.792114 
460.015653 0.425714 0.240159 
460.852883 0.043299 0.037480 
460.887411 0.428301 0.564799 
460.961319 0.376168 0.669642 
462.039384 0.327856 0.624249 
462.240094 0.036746 0.371996 
463.601303 0.779984 0.666017 
464.328130 0.555609 0.862790 
464.716626 0.589182 0.274710 
468.339239 0.464561 0.929340 
470.687355 0.311520 0.863151 
471.467527 0.455104 0.874030 
472.276621 0.345525 0.159385 
472.418155 0.671420 0.889344 
474.033994 0.712160 0.532743 
474.830094 0.802842 0.694821 
475.438784 0.284744 0.649412 
476.849693 0.415342 0.732797 
478.611583 0.195360 0.631334 
478.713586 0.860657 0.850107 
478.731730 0.637052 0.417227 
478.935002 0.601671 0.674526 
480.135158 0.169620 0.610521 
480.476012 0.788593 0.410501 
481.188586 0.079901 0.173473 
481.509560 0.660889 0.537200 
481.735723 0.044742 0.179517 
482.058932 0.739207 0.823856 
483.299336 0.374866 0.867840 
483.633076 0.181871 0.927205 
484.406547 0.649257 0.161784 
484.856017 0.390283 0.539016 
485.021342 0.974357 0.536911 
485.482475 0.035968 0.927476 
487.685602 0.768764 0.865091 
489.276831 0.040268 0.662363 
490.428942 0.864037 0.242261 
491.342473 0.342945 0.429853 
492.057723 0.982853 0.479109 
492.339508 0.160481 0.461507 
495.896177 0.745971 0.690663 
497.302437 0.466782 0.034207 
498.188276 0.666892 0.351244 
499.080064 0.828890 0.811448 
501.426504 0.113102 0.401562 
502.455863 0.998198 0.699762 
502.654376 0.855647 0.188090 
507.362123 0.303279 0.319628 
507.451654 0.934902 0.557540 
508.674973 0.170030 0.725685 
509.529978 0.932119 0.118968 
509.875952 0.036962 0.196896 
511.380788 0.085382 0.777386 
512.641303 0.328024 0.675573 
513.522847 0.303298 0.564812 
513.604663 0.893548 0.227987 
513.926781 0.720593 0.884594 
513.965909 0.234939 0.783294 
514.756124 0.793254 0.312007 
515.218126 0.866761 0.940567 
515.952562 0.616293 0.916019 
516.302814 0.997544 0.521974 
517.249813 0.789155 0.442502 
517.751015 0.342724 0.788680 
518.984893 0.530312 0.738029 
520.023698 0.914847 0.800536 
521.557812 0.129236 0.970835 
521.903157 0.816518 0.228127 
523.457016 0.531189 0.419255 
523.730204 0.433526 0.183788 
525.386728 0.982527 0.409499 
526.386489 0.929142 0.219913 
526.425742 0.028552 0.013614 
527.189365 0.764684 0.409044 
527.552119 0.450895 0.934647 
529.586986 0.324664 0.309392 
529.787470 0.991937 0.006459 
530.395758 0.885531 0.348110 
530.986374 0.111138 0.355005 
534.418401 0.902429 0.251179 
535.708065 0.231335 0.591446 
539.294376 0.028957 0.196472 
539.592431 0.237101 0.464386 
539.815081 0.985555 0.944814 
539.985989 0.613604 0.424725 
542.070917 0.172728 0.026305 
542.871496 0.303025 0.215675 
544.123377 0.958924 0.735175 
545.692917 0.854153 0.420042 
546.290927 0.739973 0.128374 
546.392921 0.931817 0.924407 
549.544267 0.516916 0.943951 
549.710404 0.514083 0.096887 
550.121847 0.877428 0.680999 
550.929980 0.484815 0.061172 
551.120771 0.304626 0.200680 
552.626746 0.904740 0.238144 
554.624778 0.633726 0.656201 
556.779417 0.669021 0.904943 
558.161084 0.319980 0.965210 
559.046485 0.135796 0.592747 
560.105335 0.755339 0.303261 
560.606236 0.440829 0.201093 
561.966369 0.380858 0.708863 
562.301254 0.652242 0.801945 
562.342674 0.687384 0.091419 
563.335330 0.773166 0.713342 
563.773374 0.236864 0.699346 
564.371515 0.920654 0.702554 
564.570731 0.463180 0.492237 
565.993152 0.798779 0.157867 
568.926533 0.508655 0.160127 
570.035940 0.916276 0.717195 
570.701096 0.228105 0.243479 
571.761813 0.757140 0.932476 
572.365258 0.480530 0.281078 
573.256338 0.529296 0.351571 
576.910102 0.101493 0.564446 
577.908607 0.815350 0.030272 
578.072070 0.519249 0.520804 
578.126143 0.741393 0.460928 
578.498290 0.939252 0.325040 
579.317699 0.393161 0.061873 
581.148807 0.033142 0.054809 
581.439872 0.474564 0.379395 
581.467928 0.827178 0.470418 
582.144197 0.283823 0.107650 
582.478680 0.358061 0.406032 
584.396538 0.185393 0.038072 
585.592617 0.741520 0.498421 
586.364365 0.445312 0.408375 
586.836403 0.909193 0.933541 
587.544117 0.856827 0.236773 
588.594210 0.223378 0.861405 
589.717274 0.025125 0.490391 
590.661589 0.872825 0.187275 
591.074414 0.035484 0.060224 
592.433091 0.835686 0.100913 
592.512469 0.860436 0.642503 
592.672398 0.252565 0.341932 
593.010719 0.100137 0.670124 
593.486554 0.040966 0.562987 
593.905816 0.658770 0.030685 
596.274373 0.031953 0.407609 
596.988085 0.635911 0.815481 
598.575413 0.271625 0.974784 
599.089168 0.352232 0.753580 
599.336938 0.896946 0.939309 
600.152880 0.049180 0.899873 
601.629085 0.722168 0.057180 
603.258466 0.791814 0.862416 
604.772385 0.601751 0.766124 
605.028064 0.515212 0.607402 
605.432534 0.941682 0.643740 
606.853676 0.538587 0.831466 
607.607189 0.718653 0.291892 
608.329497 0.895236 0.183001 
609.393168 0.069499 0.233224 
609.937551 0.300081 0.590148 
612.095327 0.036017 0.751584 
612.212108 0.532100 0.130185 
614.118857 0.905461 0.873912 
615.964668 0.117402 0.525484 
616.996187 0.848742 0.959947 
619.083194 0.512716 0.408867 
619.497293 0.063657 0.616838 
622.560622 0.093747 0.359294 
622.658764 0.862507 0.591678 
623.253640 0.710486 0.287464 
623.716832 0.170852 0.242815 
623.853514 0.379006 0.727996 
626.396874 0.308962 0.539567 
627.602542 0.252130 0.971962 
628.878128 0.152659 0.894645 
630.212407 0.141848 0.908364 
631.219473 0.856458 0.248511 
632.482857 0.036587 0.291574 
632.790253 0.263158 0.078290 
632.914569 0.093000 0.487830 
635.633568 0.180073 0.119764 
637.533389 0.243357 0.262097 
638.325523 0.697452 0.495693 
638.768709 0.527232 0.090524 
638.917275 0.286714 0.764200 
639.078912 0.462156 0.464670 
640.734899 0.601727 0.858920 
642.424890 0.154996 0.126456 
644.067846 0.121004 0.549631 
644.137335 0.264434 0.596091 
644.979780 0.435299 0.255332 
645.819483 0.181525 0.987871 
646.753073 0.698210 0.888679 
647.359283 0.061670 0.572841 
647.899605 0.600696 0.053717 
648.365102 0.808229 0.505442 
648.407081 0.386902 0.574216 
654.616239 0.103377 0.159301 
654.623375 0.341786 0.231121 
654.990731 0.694699 0.144650 
655.083090 0.700381 0.316329 
656.150760 0.402277 0.052519 
658.657913 0.170215 0.604455 
658.904089 0.490949 0.413818 
660.025661 0.346425 0.375725 
660.987560 0.995357 0.447322 
661.087326 0.440850 0.561337 
661.766224 0.751955 0.383305 
661.895884 0.488938 0.031734 
662.050608 0.278999 0.632570 
663.478015 0.611468 0.102752 
663.558248 0.603237 0.289789 
664.581548 0.445489 0.516075 
665.550429 0.695273 0.484187 
666.684062 0.061190 0.328003 
668.317386 0.230621 0.481350 
668.630013 0.754059 0.717297 
669.902164 0.233063 0.007666 
670.250188 0.396751 0.046462 
670.917208 0.215643 0.623486 
674.658384 0.163121 0.363349 
676.194534 0.795060 0.516508 
676.720203 0.679283 0.720027 
676.721167 0.170921 0.772101 
677.538061 0.387216 0.908571 
678.821224 0.402085 0.106311 
679.133723 0.236516 0.160487 
679.473402 0.310782 0.230105 
680.157613 0.570007 0.257487 
680.473133 0.933381 0.253438 
680.573626 0.027454 0.868767 
680.932810 0.666844 0.499063 
681.408761 0.853767 0.061809 
686.248189 0.270163 0.112110 
687.621690 0.824727 0.107340 
687.993776 0.867025 0.627984 
689.255604 0.720304 0.669774 
689.668656 0.998728 0.052640 
690.498764 0.809147 0.710801 
690.968992 0.098402 0.468955 
691.889505 0.183695 0.169282 
692.452073 0.504303 0.671166 
693.213627 0.726578 0.234469 
694.775864 0.656594 0.978811 
695.882702 0.305953 0.036112 
696.792720 0.209244 0.079143 
698.055160 0.747356 0.320266 
700.697135 0.534776 0.339233 
701.501175 0.912498 0.197141 
702.280486 0.001937 0.474320 
704.676739 0.484888 0.602434 
706.359592 0.796717 0.826643 
706.550579 0.977433 0.032228 
708.653436 0.932341 0.814491 
708.870062 0.432721 0.025916 
709.604268 0.013119 0.353764 
710.384151 0.440196 0.635299 
711.775008 0.124634 0.377084 
711.940961 0.033845 0.921829 
712.508611 0.243883 0.381525 
712.869528 0.869940 0.049464 
713.085885 0.060153 0.314938 
714.116060 0.395046 0.118416 
714.181485 0.857758 0.710083 
716.902098 0.223666 0.011683 
718.255346 0.274336 0.562681 
718.632857 0.273928 0.655992 
720.461692 0.615787 0.242810 
720.963691 0.476501 0.667895 
721.236444 0.433010 0.342973 
722.229277 0.367887 0.880352 
722.349837 0.561827 0.172874 
722.615112 0.256486 0.530016 
723.875262 0.272116 0.015982 
725.205280 0.552062 0.950447 
726.511302 0.702988 0.927136 
727.904233 0.125726 0.692416 
728.393164 0.997907 0.077284 
729.768959 0.338432 0.138777 
730.322365 0.553006 0.194948 
733.277811 0.952750 0.771375 
733.453622 0.790853 0.270743 
734.707367 0.289606 0.575341 
734.713772 0.437501 0.641368 
735.172266 0.455161 0.294316 
735.203352 0.146807 0.064161 
737.057551 0.270761 0.331643 
737.941441 0.471253 0.596782 
738.819882 0.133966 0.231720 
738.840929 0.554132 0.966075 
739.148625 0.874790 0.336327 
740.013964 0.549984 0.188296 
740.285107 0.340109 0.901332 
741.838815 0.899917 0.976364 
742.599264 0.457922 0.263878 
744.429597 0.761858 0.850178 
744.438420 0.668944 0.162585 
744.672115 0.954043 0.165107 
746.115652 0.758016 0.196901 
747.445325 0.094356 0.610106 
748.975765 0.743037 0.089418 
749.719029 0.577005 0.230274 
751.902770 0.655247 0.997832 
752.059567 0.995704 0.513399 
752.104897 0.394375 0.527949 
752.166822 0.151915 0.474342 
754.410989 0.423353 0.213713 
756.155727 0.138162 0.042741 
759.182177 0.083091 0.507055 
759.352964 0.995234 0.966322 
761.568695 0.471890 0.882840 
761.584576 0.524146 0.101669 
762.422742 0.631549 0.556468 
762.558394 0.375696 0.537704 
763.584659 0.085864 0.411950 
764.342973 0.335910 0.968145 
764.487891 0.702144 0.788404 
764.839428 0.950444 0.849008 
766.682167 0.960511 0.520934 
767.525893 0.989300 0.125833 
767.673609 0.336284 0.380787 
767.870122 0.167055 0.241683 
768.368095 0.723161 0.570536 
768.926642 0.996167 0.781481 
769.366760 0.852875 0.946092 
770.940023 0.587151 0.496141 
771.529081 0.013576 0.567425 
774.218076 0.670900 0.359322 
776.387658 0.518027 0.821322 
778.267166 0.111748 0.071567 
778.466498 0.108249 0.389951 
780.047853 0.255712 0.254370 
780.181485 0.326033 0.088818 
781.551312 0.635168 0.076508 
781.843331 0.398383 0.929479 
782.474806 0.706254 0.743557 
784.216687 0.102671 0.378294 
784.428958 0.313073 0.974645 
784.565356 0.223734 0.521245 
785.135024 0.686282 0.334586 
785.573099 0.307372 0.594568 
785.592940 0.037177 0.504564 
786.128050 0.722674 0.857101 
788.677093 0.649457 0.997453 
790.589411 0.990936 0.170398 
791.930067 0.792928 0.194999 
792.090066 0.882669 0.389867 
793.276204 0.336944 0.814762 
794.298557 0.817147 0.095653 
797.193499 0.884555 0.076783 
798.004797 0.252122 0.579354 
799.084607 0.129545 0.607414 
800.443107 0.913118 0.544930 
801.677388 0.041134 0.143549 
803.179288 0.116712 0.449374 
803.920572 0.548212 0.718591 
804.781468 0.274749 0.018225 
806.380117 0.507412 0.953468 
806.487132 0.132377 0.117377 
807.017597 0.031822 0.410399 
807.052126 0.412172 0.765023 
808.450294 0.266393 0.441434 
809.020050 0.829759 0.869936 
809.532417 0.118797 0.217291 
810.049400 0.542362 0.805004 
810.275171 0.558750 0.619281 
812.448136 0.205633 0.572611 
812.971953 0.092114 0.928060 
813.231043 0.458156 0.192511 
813.715147 0.130783 0.107345 
814.161080 0.800510 0.823797 
814.219614 0.467315 0.443747 
814.978136 0.367322 0.811714 
815.033410 0.698155 0.573237 
816.114786 0.486505 0.214297 
816.400593 0.153483 0.167011 
816.442045 0.923288 0.530026 
817.026128 0.272005 0.597799 
817.199048 0.787796 0.404102 
820.930723 0.273551 0.436980 
821.202030 0.457448 0.073402 
822.642827 0.050226 0.512506 
822.941534 0.082121 0.893105 
823.845645 0.744750 0.456421 
825.746008 0.830370 0.946707 
826.170378 0.630716 0.767148 
830.261101 0.458474 0.912011 
830.476052 0.742697 0.223250 
833.080080 0.618414 0.159441 
834.444608 0.738509 0.119340 
835.790751 0.852716 0.112179 
836.184994 0.713101 0.741402 
836.508150 0.847291 0.768110 
836.860115 0.830166 0.859069 
838.554398 0.872645 0.929630 
838.589448 0.318079 0.122448 
838.883170 0.457097 0.612604 
839.218436 0.742522 0.196254 
841.981276 0.663656 0.476489 
842.188449 0.478049 0.331361 
842.508238 0.751077 0.197711 
843.430145 0.316165 0.887633 
843.725865 0.862639 0.551237 
845.682350 0.589071 0.593347 
846.145962 0.218484 0.787346 
848.544467 0.613546 0.610264 
852.927065 0.733571 0.742885 
853.374887 0.038011 0.037625 
853.441874 0.276072 0.010495 
854.658278 0.955631 0.327219 
855.366578 0.942089 0.050566 
856.332503 0.924339 0.382456 
858.257525 0.361919 0.497773 
859.870844 0.153641 0.214519 
860.617969 0.721206 0.865918 
860.630978 0.263599 0.850069 
860.812627 0.441203 0.809684 
861.015848 0.088769 0.373759 
861.749010 0.808397 0.098796 
861.859888 0.291940 0.831040 
862.598147 0.505322 0.092395 
863.942016 0.624664 0.360744 
864.482393 0.498261 0.728681 
865.470178 0.480616 0.933046 
865.563179 0.371390 0.076872 
866.118553 0.343795 0.962292 
866.182531 0.471160 0.136873 
866.364231 0.509250 0.966719 
867.287077 0.935476 0.969333 
868.961369 0.468600 0.507419 
869.619328 0.643000 0.066121 
872.651299 0.345005 0.653981 
873.899857 0.788147 0.554577 
875.537459 0.135333 0.979975 
875.718720 0.442785 0.860884 
875.775103 0.025037 0.688641 
878.997959 0.309875 0.957879 
879.689678 0.478497 0.567627 
880.668958 0.684353 0.957719 
881.895750 0.361223 0.403171 
882.901337 0.804231 0.254320 
882.972043 0.550821 0.655724 
883.013984 0.356601 0.368796 
883.470003 0.605612 0.157769 
884.272861 0.265483 0.037596 
884.541472 0.408977 0.898564 
885.847680 0.585659 0.347168 
886.113502 0.412080 0.764522 
886.691679 0.782126 0.137226 
888.890822 0.712095 0.695524 
888.941184 0.234179 0.034559 
891.516026 0.054090 0.235856 
892.029755 0.403871 0.974348 
893.324927 0.099442 0.750582 
894.459546 0.856737 0.764884 
896.145476 0.120366 0.510833 
898.794871 0.092538 0.385968 
899.433106 0.303510 0.678464 
900.978927 0.998109 0.977552 
902.939061 0.871794 0.032397 
905.387203 0.270076 0.461225 
906.665185 0.268223 0.583318 
907.140537 0.208632 0.271112 
907.389252 0.648496 0.399583 
908.083775 0.175174 0.557616 
909.046663 0.454617 0.843459 
909.369520 0.459005 0.351554 
909.618320 0.325695 0.110072 
911.047443 0.779110 0.698372 
911.696312 0.046174 0.318328 
914.194373 0.745949 0.352429 
914.526885 0.349519 0.027163 
917.846908 0.224549 0.870250 
918.900163 0.272330 0.572644 
919.024953 0.776979 0.836940 
921.598415 0.652559 0.365475 
923.147804 0.334866 0.119469 
923.180088 0.300915 0.730360 
924.715713 0.257311 0.127509 
925.663825 0.689928 0.443207 
926.327384 0.340184 0.514499 
926.887744 0.224816 0.916214 
927.000324 0.435092 0.544071 
927.388652 0.341956 0.590234 
927.830004 0.513329 0.890056 
928.453023 0.958638 0.947971 
933.180416 0.764666 0.703155 
934.415038 0.346976 0.793414 
935.179335 0.561873 0.222085 
936.680749 0.134861 0.838590 
937.250707 0.877104 0.638804 
938.235948 0.712276 0.894045 
940.981750 0.677709 0.675092 
941.425128 0.529136 0.372325 
943.720370 0.093684 0.711529 
944.477171 0.985407 0.111491 
946.063378 0.535681 0.616942 
947.879382 0.152826 0.954440 
947.888150 0.398382 0.579194 
949.151515 0.383236 0.125737 
949.817564 0.521061 0.894971 
950.400766 0.868424 0.705823 
954.921215 0.712803 0.430080 
955.128113 0.299315 0.455503 
955.448665 0.843214 0.567977 
957.225628 0.495639 0.239403 
957.251861 0.148404 0.238334 
957.460725 0.471268 0.236291 
957.925988 0.456199 0.637077 
960.012081 0.599189 0.601922 
961.223762 0.021554 0.239997 
965.359619 0.949101 0.221773 
967.008296 0.592608 0.968445 
968.621627 0.652774 0.514106 
968.884885 0.372680 0.765449 
970.711430 0.749406 0.169375 
977.958543 0.349156 0.351623 
978.717652 0.560513 0.725784 
980.932749 0.348471 0.523738 
981.554622 0.373689 0.410535 
983.012555 0.662789 0.353548 
983.973405 0.844598 0.128164 
985.072548 0.320477 0.046590 
986.717122 0.548906 0.570142 
986.870798 0.467538 0.132336 
987.071290 0.306180 0.301132 
987.553434 0.243279 0.303799 
988.025142 0.655379 0.670940 
990.298426 0.746286 0.991842 
991.533078 0.741439 0.153454 
992.273146 0.733591 0.459019 
992.420697 0.616180 0.436275 
992.527731 0.064469 0.194097 
992.628943 0.391507 0.803229 
994.492236 0.654562 0.528143 
996.086218 0.888950 0.793725 
996.579198 0.904877 0.465021 
997.445696 0.353051 0.130897 
997.490047 0.880594 0.144039 
997.506216 0.267541 0.813826 
1003.761696 0.096502 0.739196 
1003.993595 0.311775 0.636956 
1004.940717 0.446130 0.065772 
1005.324264 0.141167 0.898402 
1005.507375 0.285427 0.646777 
1008.222840 0.066668 0.205292 
1010.802316 0.581032 0.483684 
1011.592626 0.050438 0.445460 
1012.087976 0.092325 0.158717 
1012.319778 0.159835 0.066484 
1015.523545 0.751998 0.528954 
1015.668728 0.536030 0.513759 
1016.880126 0.852526 0.252675 
1016.959533 0.249382 0.427327 
1018.454439 0.407988 0.541616 
1021.513208 0.344602 0.185674 
1022.320027 0.509066 0.712975 
1022.571374 0.235410 0.616534 
1023.365240 0.114049 0.110528 
1024.611975 0.674993 0.083092 
1027.111034 0.715620 0.395966 
1029.220900 0.135429 0.460565 
1029.575870 0.888521 0.530377 
1031.728842 0.115323 0.265691 
1033.079922 0.152781 0.418487 
1033.140530 0.793931 0.164553 
1034.052386 0.084618 0.629481 
1035.349018 0.206604 0.351998 
1036.402359 0.305414 0.953295 
1036.972978 0.871859 0.613031 
1037.153194 0.731416 0.242848 
1038.041932 0.744459 0.423258 
1042.901859 0.540422 0.170209 
1045.470862 0.499652 0.584624 
1045.561755 0.512316 0.369427 
1046.708573 0.502502 0.028827 
1047.938943 0.663932 0.383026 
1047.959512 0.234065 0.636572 
1048.789415 0.281428 0.078676 
1049.052676 0.662564 0.981218 
1049.633170 0.107869 0.985695 
1050.288171 0.484831 0.487596 
1053.525669 0.835431 0.014084 
1054.353798 0.001697 0.980193 
1056.365843 0.409936 0.402829 
1057.031297 0.486033 0.659883 
1057.855511 0.649013 0.271318 
1059.371170 0.284043 0.518056 
1059.374678 0.934682 0.878139 
1059.630075 0.344951 0.569993 
1060.135460 0.178583 0.558311 
1061.583892 0.427897 0.946710 
1062.781548 0.271835 0.839149 
1063.005189 0.146249 0.663818 
1063.672449 0.279656 0.631703 
1065.005467 0.798524 0.627354 
1065.234214 0.938521 0.517512 
1066.202338 0.259121 0.666406 
1067.152395 0.472854 0.017369 
1067.576503 0.842692 0.413078 
1067.670641 0.302571 0.207272 
1067.855953 0.291001 0.416477 
1067.972043 0.204619 0.940444 
1068.429870 0.473026 0.338374 
1068.827736 0.218366 0.627280 
1069.281124 0.935576 0.499499 
1069.351278 0.883382 0.588783 
1070.433300 0.881400 0.435880 
1070.544277 0.466180 0.363457 
1070.990838 0.795478 0.792432 
1071.327953 0.305472 0.235065 
1074.383048 0.456993 0.130062 
1076.251934 0.573024 0.270357 
1078.830368 0.969543 0.905806 
1079.322313 0.790719 0.194145 
1081.346623 0.562117 0.331956 
1081.584294 0.717243 0.086010 
1084.930775 0.687567 0.930663 
1085.135544 0.337299 0.053108 
1085.172968 0.146505 0.558353 
1085.715875 0.111601 0.604787 
1087.059832 0.483261 0.743822 
1087.742574 0.706073 0.234415 
1090.209929 0.522562 0.868605 
1090.855686 0.371810 0.742775 
1091.065873 0.326054 0.882296 
1091.737547 0.063067 0.715333 
1093.246418 0.372317 0.174412 
1094.956455 0.917319 0.857726 
1095.209916 0.636239 0.850729 
1096.306710 0.837243 0.673964 
1098.513174 0.974598 0.679188 
1099.046913 0.231091 0.389789 
1099.983392 0.883400 0.318667 
1102.124460 0.614578 0.817585 
1104.358643 0.403243 0.482930 
1105.306067 0.689374 0.359277 
1105.357698 0.972870 0.903464 
1106.771043 0.618586 0.419670 
1107.024563 0.916416 0.973534 
1107.507493 0.004577 0.732926 
1107.916101 0.943283 0.889525 
1110.852792 0.144327 0.345788 
1111.484128 0.050494 0.750422 
1111.845601 0.427310 0.524158 
1112.721143 0.240053 0.235294 
1112.928623 0.555291 0.123997 
1113.877280 0.257615 0.564634 
1114.070174 0.205675 0.396195 
1114.438851 0.453253 0.973281 
1120.379280 0.017976 0.556297 
1121.028481 0.188326 0.909420 
1121.663415 0.973446 0.045541 
1122.929743 0.827862 0.940506 
1124.517776 0.572757 0.148227 
1124.559121 0.371345 0.841499 
1124.928017 0.562067 0.049084 
1126.623352 0.203001 0.608665 
1127.362959 0.651788 0.240376 
1128.313880 0.109534 0.493173 
1130.789232 0.550486 0.230982 
1132.241447 0.685081 0.547268 
1134.247865 0.929034 0.279546 
1135.528753 0.636027 0.309963 
1136.201428 0.519637 0.313743 
1137.807269 0.829839 0.365323 
1139.001153 0.188871 0.318339 
1139.292649 0.278519 0.041412 
1139.646576 0.192800 0.422996 
1140.520156 0.776591 0.203533 
1142.904905 0.528156 0.434435 
1143.079980 0.776505 0.935917 
1143.979400 0.455577 0.821066 
1145.381031 0.758582 0.892612 
1145.513718 0.344065 0.515733 
1146.636104 0.877677 0.057031 
1148.620458 0.364672 0.888412 
1148.761479 0.669872 0.800590 
1150.023453 0.981948 0.941166 
1151.520396 0.691357 0.003190 
1154.395950 0.777016 0.819064 
1154.837549 0.240792 0.103231 
1155.753197 0.146968 0.289101 
1156.547184 0.722338 0.670661 
1156.673755 0.369360 0.467970 
1157.568899 0.197913 0.489354 
1159.902888 0.206366 0.410805 
1160.195478 0.843835 0.781575 
1160.835096 0.705725 0.124265 
1162.021229 0.200625 0.150893 
1162.256986 0.130913 0.098708 
1162.634205 0.603688 0.650579 
1163.177528 0.681569 0.162745 
1164.908960 0.073665 0.731622 
1166.523197 0.569272 0.499316 
1167.674296 0.993269 0.142866 
1168.770589 0.367384 0.107697 
1169.551577 0.809111 0.587623 
1169.586776 0.376287 0.942390 
1169.669948 0.444224 0.028866 
1170.241909 0.912850 0.392006 
1171.356563 0.675376 0.258895 
1172.049304 0.511052 0.123586 
1174.581393 0.658926 0.850486 
1174.720568 0.836225 0.753001 
1175.758183 0.168005 0.090039 
1175.807400 0.861821 0.337313 
1178.094051 0.212244 0.616622 
1178.165775 0.034574 0.682314 
1178.428861 0.345778 0.607726 
1179.029988 0.784820 0.064260 
1179.166325 0.231950 0.966190 
1179.950642 0.937758 0.058992 
1180.058042 0.764077 0.085781 
1180.066411 0.542566 0.157682 
1180.218688 0.662643 0.854406 
1180.350923 0.761249 0.703924 
1181.689084 0.879655 0.012880 
1182.202683 0.599001 0.529486 
1182.213185 0.472932 0.418837 
1182.598642 0.776944 0.313303 
1184.131567 0.604344 0.123845 
1184.982971 0.980232 0.597228 
1186.500967 0.953673 0.714034 
1187.012467 0.245116 0.040411 
1187.118016 0.356653 0.413182 
1187.708745 0.482798 0.243072 
1188.344244 0.062459 0.464761 
1188.626963 0.658305 0.164571 
1188.672905 0.478701 0.933589 
1188.768533 0.125067 0.935151 
1188.805818 0.832372 0.960130 
1189.759270 0.876799 0.168892 
1190.450764 0.781703 0.855120 
1191.971493 0.830902 0.321059 
1192.629138 0.874725 0.593780 
1196.159713 0.536840 0.799735 
1199.553506 0.991971 0.496051 
1201.698958 0.052837 0.435356 
1202.510342 0.301773 0.483866 
1203.593189 0.010414 0.048649 
1204.089596 0.521628 0.909517 
1204.607634 0.270622 0.054514 
1208.894714 0.789098 0.047165 
1209.501441 0.981196 0.209064 
1210.505079 0.805647 0.908491 
1212.652387 0.138429 0.206773 
1213.702835 0.880392 0.364613 
1214.928001 0.131359 0.451201 
1217.518961 0.538164 0.323829 
1217.575778 0.211078 0.583171 
1218.246001 0.118709 0.361268 
1218.806306 0.862290 0.506301 
1222.023966 0.321341 0.585385 
1222.863896 0.308725 0.780542 
1223.576586 0.165597 0.993434 
1223.754430 0.714854 0.230852 
1224.230103 0.857150 0.073276 
1224.488660 0.579778 0.922142 
1224.743897 0.172898 0.405549 
1227.060558 0.474528 0.874965 
1227.346106 0.209385 0.764824 
1228.706075 0.257232 0.127433 
1229.031494 0.240328 0.829831 
1229.596815 0.061932 0.373383 
1230.532596 0.171534 0.208589 
1230.625425 0.528715 0.405849 
1232.483443 0.145909 0.548794 
1235.646965 0.117267 0.397670 
1236.945300 0.171636 0.040688 
1237.836975 0.874023 0.563227 
1239.845369 0.355596 0.086570 
1240.809488 0.510771 0.710678 
1241.184166 0.049818 0.923069 
1242.027669 0.446219 0.732720 
1243.019769 0.008713 0.332382 
1243.067293 0.195764 0.602159 
1244.133429 0.036191 0.446058 
1246.579173 0.880293 0.156022 
1246.670807 0.267588 0.232911 
1247.306917 0.921302 0.646782 
1247.825855 0.782932 0.453467 
1248.220092 0.300945 0.680672 
1249.092244 0.905973 0.578145 
1249.535308 0.117972 0.992962 
1250.151791 0.319574 0.219365 
1250.271711 0.164568 0.463482 
1251.252822 0.945596 0.823571 
1251.445862 0.007865 0.023999 
1251.897752 0.704661 0.432472 
1254.965036 0.905396 0.330832 
1255.407437 0.491815 0.911551 
1259.255702 0.650309 0.786419 
1260.298202 0.025560 0.518224 
1261.297778 0.390533 0.863811 
1262.428460 0.541938 0.840718 
1262.601438 0.627552 0.694492 
1262.811555 0.974559 0.940574 
1263.327301 0.618462 0.288588 
1263.723195 0.862381 0.814155 
1264.467481 0.718564 0.240752 
1264.711189 0.293829 0.852564 
1265.711727 0.749745 0.115576 
1266.372022 0.147697 0.991629 
1271.351544 0.709103 0.086725 
1271.640441 0.199673 0.937959 
1274.005703 0.823235 0.905948 
1275.958702 0.608224 0.658150 
1278.140341 0.954782 0.428946 
1278.323706 0.442410 0.000108 
1278.411185 0.079084 0.425716 
1278.570165 0.605203 0.169661 
1286.680745 0.257645 0.058307 
1288.076928 0.257637 0.123244 
1288.264053 0.114271 0.458061 
1288.439260 0.202141 0.648178 
1289.830008 0.934117 0.916519 
1290.496740 0.374941 0.469524 
1292.485339 0.455765 0.801865 
1292.741355 0.161438 0.217642 
1294.426567 0.800082 0.259521 
1295.240862 0.218270 0.226568 
1296.042127 0.407699 0.913242 
1296.462255 0.995734 0.738941 
1297.021871 0.593027 0.283652 
1297.383507 0.433895 0.906437 
1298.635006 0.148440 0.858564 
1300.419780 0.150058 0.879095 
1300.981927 0.345970 0.156945 
1304.462885 0.964423 0.446094 
1304.916331 0.333122 0.524196 
1304.930783 0.820098 0.183252 
1306.121153 0.522704 0.918255 
1306.682730 0.369099 0.798340 
1306.777647 0.920519 0.067325 
1307.092410 0.043193 0.452754 
1309.188487 0.139756 0.340272 
1310.274946 0.285115 0.479032 
1310.427743 0.257073 0.373599 
1312.050995 0.740042 0.698391 
1312.419027 0.057545 0.073406 
1313.332015 0.502593 0.590025 
1314.742086 0.243843 0.080141 
1314.923983 0.879097 0.437045 
1316.064633 0.209061 0.137635 
1316.493027 0.984036 0.861163 
1317.229306 0.405618 0.790184 
1317.643493 0.240964 0.529678 
1317.953015 0.507840 0.187221 
1320.190582 0.601567 0.496714 
1321.709632 0.692090 0.817228 
1324.101087 0.119468 0.151011 
1326.150009 0.963661 0.361672 
1327.553292 0.701992 0.415083 
1328.176176 0.939951 0.436105 
1329.951407 0.504413 0.141574 
1330.208203 0.279076 0.738330 
1332.653972 0.744249 0.513029 
1333.461531 0.921593 0.511023 
1334.103402 0.366756 0.262766 
1337.295431 0.638463 0.502384 
1337.768742 0.439524 0.455358 
1337.908210 0.293654 0.839100 
1338.306118 0.618445 0.591905 
1340.036343 0.442932 0.057565 
1340.163082 0.121073 0.759961 
1343.159005 0.347432 0.593028 
1344.436873 0.785045 0.006463 
1344.780607 0.515176 0.044879 
1345.447250 0.389054 0.698321 
1345.548739 0.909703 0.383292 
1347.483117 0.248057 0.214755 
1347.538116 0.915875 0.876397 
1348.510618 0.808991 0.433499 
1348.606743 0.377442 0.935279 
1350.217818 0.043804 0.746330 
1351.606333 0.264653 0.750136 
1352.969481 0.767560 0.053138 
1355.065446 0.213355 0.874687 
1355.690661 0.624435 0.732444 
1356.467727 0.197783 0.906331 
1356.839570 0.354124 0.159238 
1357.106768 0.186453 0.245910 
1357.210920 0.768694 0.328780 
1357.292045 0.029532 0.123098 
1357.472774 0.483332 0.725134 
1358.328194 0.881323 0.177564 
1359.034074 0.619144 0.712849 
1359.699297 0.226771 0.132362 
1359.953870 0.066644 0.609104 
1362.193298 0.181858 0.571685 
1363.530926 0.717976 0.922772 
1364.037317 0.105742 0.560733 
1365.770101 0.242237 0.367231 
1366.209921 0.952925 0.127338 
1369.944342 0.166832 0.136874 
1370.313140 0.861799 0.372290 
1372.890784 0.915894 0.309523 
1373.686763 0.700544 0.029000 
1375.258338 0.604392 0.062399 
1375.341666 0.170344 0.558280 
1376.176837 0.792614 0.828695 
1377.351588 0.247573 0.420180 
1378.239106 0.191042 0.850621 
1379.567044 0.272560 0.658974 
1381.038625 0.735532 0.570727 
1382.306524 0.716162 0.523377 
1383.714668 0.692487 0.470605 
1384.683828 0.130850 0.100869 
1385.477784 0.438560 0.130598 
1385.737798 0.714517 0.650132 
1386.210347 0.949194 0.963706 
1388.119795 0.537060 0.978427 
1389.643679 0.624869 0.651054 
1389.765704 0.814294 0.365198 
1391.007967 0.005599 0.662388 
1391.238738 0.475688 0.419899 
1392.428409 0.815507 0.517370 
1392.886439 0.260600 0.010068 
1393.001327 0.693404 0.992050 
1396.226635 0.584605 0.507493 
1397.058431 0.869198 0.860725 
1398.099511 0.743028 0.494258 
1398.204792 0.274661 0.588282 
1401.003829 0.494333 0.643413 
1401.086781 0.275494 0.705799 
1401.140711 0.831616 0.327455 
1401.174347 0.919366 0.009668 
1401.649531 0.530219 0.312933 
1401.892414 0.766759 0.328715 
1401.915759 0.217279 0.011022 
1404.887449 0.465217 0.614392 
1405.558512 0.004710 0.221097 
1406.005965 0.830129 0.352083 
1406.582677 0.635604 0.010833 
1406.734929 0.182468 0.506067 
1406.832677 0.084174 0.323996 
1406.841101 0.815925 0.992744 
1407.871402 0.747872 0.260820 
1409.754966 0.955258 0.055847 
1409.764694 0.588987 0.582622 
1410.787713 0.020965 0.912848 
1410.907343 0.202270 0.209937 
1412.074591 0.019027 0.307927 
1412.350685 0.179837 0.835918 
1412.667148 0.456637 0.342193 
1413.932036 0.504630 0.373236 
1414.364915 0.244553 0.982040 
1416.498570 0.802864 0.416286 
1420.146132 0.817114 0.388824 
1421.068250 0.516934 0.721572 
1421.723968 0.605392 0.699198 
1422.005356 0.350770 0.931987 
1424.565531 0.268772 0.392606 
1425.326488 0.453799 0.197018 
1425.997264 0.426571 0.031368 
1426.987775 0.877583 0.331081 
1427.208364 0.448558 0.496888 
1428.009802 0.391484 0.918477 
1428.153510 0.222987 0.509454 
1428.813712 0.652530 0.025838 
1429.548378 0.355789 0.353683 
1429.554561 0.428308 0.173659 
1429.667843 0.537859 0.207282 
1431.017652 0.659202 0.052734 
1431.554334 0.386112 0.014058 
1432.853279 0.429899 0.173370 
1433.854484 0.542261 0.266327 
1434.739199 0.658060 0.406564 
1435.987810 0.236119 0.111028 
1439.181589 0.418137 0.232110 
1439.746528 0.640846 0.095525 
1439.798333 0.382626 0.819230 
1439.954494 0.834887 0.047507 
1440.085574 0.321168 0.255923 
1442.487135 0.000687 0.577927 
1442.881569 0.559541 0.631925 
1444.901058 0.696570 0.205983 
1447.041625 0.670978 0.819495 
1447.936165 0.949254 0.430432 
1449.029169 0.281305 0.025900 
1449.036737 0.926248 0.669538 
1449.132240 0.761156 0.228811 
1449.529327 0.375249 0.751514 
1449.548441 0.652330 0.404307 
1449.713668 0.344161 0.476259 
1450.416135 0.099161 0.845756 
1450.498997 0.172181 0.528769 
1451.746587 0.369945 0.148229 
1451.874693 0.456316 0.022927 
1453.444586 0.214558 0.503138 
1453.471267 0.686812 0.325539 
1455.643128 0.972720 0.010327 
1455.911174 0.803088 0.505627 
1456.297752 0.024519 0.873810 
1457.227554 0.978216 0.440715 
1457.511564 0.712543 0.196814 
1457.889919 0.898126 0.244693 
1458.849309 0.130286 0.679564 
1461.665242 0.561763 0.067613 
1462.976249 0.545018 0.142555 
1463.060666 0.045990 0.802290 
1465.235254 0.221388 0.959017 
1467.897353 0.132024 0.679934 
1469.064630 0.144213 0.857389 
1470.484705 0.749384 0.536619 
1471.070158 0.412882 0.261754 
1471.673664 0.510801 0.478008 
1474.058261 0.608573 0.432736 
1474.594986 0.221549 0.043369 
1477.522225 0.660799 0.527166 
1477.677768 0.693126 0.978299 
1477.933661 0.795971 0.816579 
1478.119921 0.604484 0.983603 
1479.009542 0.753184 0.601411 
1480.698997 0.688423 0.972264 
1480.960521 0.857645 0.614839 
1481.017002 0.751321 0.268966 
1482.027358 0.948053 0.211016 
1484.666709 0.535210 0.268192 
1485.116593 0.358143 0.897856 
1485.954908 0.087981 0.306890 
1486.442584 0.745982 0.458664 
1486.648672 0.125581 0.654667 
1487.059434 0.723149 0.850600 
1487.565101 0.657894 0.104578 
1488.155029 0.091239 0.628133 
1492.056766 0.100012 0.422694 
1492.381444 0.598230 0.190988 
1493.248704 0.488052 0.594907 
1494.905511 0.468323 0.285794 
1497.536196 0.474990 0.799276 
1498.176100 0.449142 0.959699 
1498.498437 0.535606 0.898978 
1499.887132 0.290796 0.103929 
1502.662815 0.404322 0.229608 
1502.899981 0.421784 0.363237 
1503.205267 0.054330 0.454295 
1503.361185 0.134410 0.099594 
1503.672039 0.864830 0.661379 
1504.419413 0.526098 0.401731 
1505.293073 0.363366 0.783995 
1506.251105 0.446089 0.511761 
1510.521920 0.935655 0.661975 
1512.804450 0.731675 0.366372 
1516.233890 0.092193 0.765324 
1517.934546 0.517260 0.609962 
1518.667808 0.004235 0.701566 
1519.689098 0.480199 0.170644 
1520.052836 0.087513 0.699321 
1520.484149 0.683087 0.922410 
1521.425111 0.106381 0.215050 
1522.166108 0.001522 0.194751 
1522.250606 0.393969 0.586881 
1522.456668 0.289410 0.542441 
1523.110212 0.699228 0.616000 
1523.435549 0.469268 0.589971 
1523.542257 0.708182 0.138858 
1523.632891 0.338846 0.109593 
1524.150348 0.919841 0.561824 
1525.197833 0.656145 0.401950 
1526.892230 0.804957 0.844076 
1526.966629 0.647231 0.400210 
1527.056759 0.599978 0.617475 
1528.471347 0.634674 0.966735 
1529.157577 0.282837 0.800869 
1531.054776 0.717814 0.522000 
1533.498954 0.511458 0.313606 
1535.120248 0.866237 0.861161 
1535.974541 0.334785 0.137948 
1536.554769 0.539364 0.365769 
1536.777611 0.663493 0.631587 
1536.837866 0.449672 0.706329 
1537.414071 0.807522 0.068462 
1539.189069 0.561554 0.670109 
1539.219455 0.374896 0.270520 
1539.406083 0.589043 0.111560 
1544.024103 0.369162 0.183109 
1546.895871 0.716709 0.914164 
1548.672329 0.517437 0.156719 
1549.222133 0.375771 0.120582 
1550.153951 0.039432 0.789211 
1550.914990 0.008870 0.519101 
1550.980442 0.521165 0.730195 
1552.823196 0.616799 0.844164 
1552.844701 0.410226 0.581191 
1552.861755 0.073807 0.960438 
1553.220664 0.896739 0.043041 
1555.254847 0.131859 0.446445 
1555.770412 0.692910 0.623456 
1556.918940 0.969825 0.095871 
1558.501001 0.032388 0.132900 
1559.412320 0.104457 0.405500 
1560.010432 0.335439 0.763504 
1560.214333 0.022492 0.143613 
1561.839140 0.977844 0.093951 
1562.493849 0.291941 0.319713 
1562.941264 0.603830 0.556958 
1563.270677 0.190756 0.337036 
1563.628894 0.254857 0.341956 
1565.270941 0.442697 0.226200 
1566.594998 0.882427 0.001317 
1567.344013 0.377211 0.566710 
1568.996251 0.214038 0.156351 
1570.165383 0.509434 0.297177 
1573.166931 0.841580 0.059874 
1573.393996 0.043975 0.100049 
1573.598338 0.298353 0.024088 
1574.490235 0.462151 0.821850 
1576.754600 0.722857 0.108756 
1577.252100 0.954015 0.323183 
1577.373421 0.758436 0.653128 
1578.086083 0.002929 0.242328 
1581.590957 0.870277 0.019025 
1581.938689 0.567470 0.528725 
1585.940584 0.001625 0.661765 
1588.057048 0.179359 0.471279 
1588.733457 0.771546 0.525916 
1589.377714 0.922160 0.810341 
1589.539806 0.422641 0.584640 
1589.584381 0.508666 0.596539 
1589.622990 0.587074 0.557156 
1590.306749 0.851332 0.323812 
1591.830579 0.355019 0.410159 
1593.744059 0.491396 0.929055 
1593.860870 0.555060 0.574423 
1595.795173 0.398069 0.484260 
1596.043014 0.531117 0.637162 
1596.141332 0.361994 0.417957 
1596.442957 0.229624 0.493548 
1597.126177 0.741359 0.993889 
1597.250643 0.693186 0.364829 
1598.007160 0.325145 0.599134 
1598.320280 0.281712 0.819234 
1599.534667 0.370291 0.397279 
1599.575437 0.018875 0.880123 
1602.097292 0.789461 0.407764 
1603.217596 0.979783 0.245101 
1605.016832 0.740375 0.751582 
1606.257411 0.590595 0.313554 
1607.412490 0.357876 0.273620 
1607.635161 0.658173 0.865269 
1608.543507 0.985785 0.889077 
1611.782995 0.292033 0.851263 
1611.932166 0.876301 0.681050 
1614.478906 0.494286 0.575245 
1615.801168 0.916273 0.603435 
1616.022846 0.028731 0.578100 
1618.828177 0.268824 0.609182 
1619.535776 0.205533 0.992430 
1619.587637 0.425336 0.337155 
1624.097351 0.165700 0.586328 
1624.607990 0.557404 0.653232 
1624.763450 0.359052 0.738328 
1626.726276 0.148310 0.182515 
1627.083654 0.128832 0.341612 
1627.424447 0.470438 0.646092 
1627.685088 0.822043 0.225920 
1627.920408 0.230777 0.268009 
1628.172625 0.728964 0.935877 
1628.239393 0.678181 0.579284 
1628.817605 0.515823 0.578241 
1630.580330 0.395125 0.875365 
1630.582062 0.420548 0.279893 
1630.622285 0.762673 0.601189 
1630.716891 0.957498 0.814104 
1631.962675 0.583625 0.963702 
1632.005730 0.942110 0.617282 
1632.304653 0.578051 0.618566 
1632.444893 0.820667 0.307205 
1633.993694 0.997131 0.314115 
1634.212274 0.054811 0.697448 
1634.296346 0.308553 0.665383 
1635.687693 0.027314 0.606338 
1637.245538 0.390756 0.558508 
1637.694111 0.656433 0.645608 
1637.741932 0.513478 0.661752 
1638.255737 0.326897 0.596611 
1640.602193 0.404533 0.568704 
1641.905239 0.826081 0.094534 
1641.915501 0.917616 0.336460 
1642.332054 0.946246 0.094714 
1643.043766 0.937074 0.069513 
1643.717347 0.759370 0.332380 
1643.892961 0.662810 0.713425 
1646.113329 0.610316 0.491506 
1646.690290 0.790947 0.007681 
1646.919994 0.024857 0.043445 
1647.487758 0.879306 0.307682 
1648.755907 0.658373 0.057983 
1651.142323 0.226131 0.318273 
1651.198390 0.095483 0.287926 
1652.133954 0.630672 0.352268 
1652.134172 0.241178 0.446906 
1652.376269 0.869264 0.224455 
1656.204691 0.914465 0.930300 
1657.064785 0.697683 0.377019 
1658.135185 0.018454 0.638237 
1660.682454 0.837448 0.041554 
1663.434185 0.683375 0.217443 
1665.621861 0.515920 0.608174 
1666.621539 0.515568 0.199426 
1668.051943 0.179712 0.722134 
1672.799618 0.428473 0.469429 
1673.443314 0.697201 0.784565 
1673.681035 0.774743 0.448864 
1674.268719 0.832351 0.093487 
1675.096330 0.431842 0.254748 
1676.097240 0.073914 0.288807 
1678.414104 0.361381 0.562328 
1678.579515 0.542752 0.508137 
1680.105439 0.991519 0.495967 
1680.270948 0.704646 0.113183 
1680.794763 0.122554 0.181788 
1686.410282 0.198030 0.709727 
1687.665872 0.605583 0.029172 
1687.994812 0.880455 0.721918 
1690.125294 0.572733 0.836142 
1691.477768 0.870233 0.914231 
1692.502665 0.313171 0.611550 
1693.333360 0.525323 0.032258 
1694.215696 0.663627 0.753254 
1694.359377 0.107436 0.024721 
1694.485992 0.244311 0.052399 
1696.057949 0.604414 0.186426 
1696.408941 0.966410 0.134370 
1697.545408 0.633669 0.477213 
1698.383676 0.606260 0.445410 
1698.655246 0.815890 0.269121 
1699.168231 0.416023 0.372155 
1700.970540 0.494074 0.463269 
1701.328257 0.811701 0.411560 
1701.436044 0.206152 0.888790 
1701.735447 0.745833 0.655430 
1702.285234 0.759559 0.767515 
1702.473642 0.040558 0.710166 
1707.002262 0.467089 0.194379 
1707.133065 0.597348 0.255306 
1707.217969 0.666917 0.642997 
1707.268175 0.690128 0.402650 
1709.437471 0.894074 0.429676 
1709.519286 0.141167 0.968674 
1710.012366 0.509395 0.258009 
1710.100458 0.122135 0.942201 
1711.740977 0.520366 0.557321 
1713.220357 0.144071 0.701277 
1715.861381 0.328545 0.512509 
1715.988088 0.072971 0.672917 
1716.008716 0.748117 0.855533 
1717.698717 0.727426 0.375159 
1718.492166 0.441625 0.726326 
1719.375266 0.098085 0.229534 
1719.380531 0.299311 0.206464 
1720.333928 0.829377 0.310154 
1721.873634 0.716214 0.871403 
1723.094988 0.066059 0.231304 
1723.533990 0.474419 0.950978 
1725.064914 0.688093 0.932870 
1727.952888 0.685253 0.387425 
1728.909537 0.707455 0.992535 
1729.219843 0.762421 0.984812 
1729.225958 0.637011 0.746037 
1730.354204 0.355671 0.134284 
1731.386351 0.704793 0.837208 
1732.443863 0.966540 0.731507 
1733.118809 0.000723 0.437095 
1734.541687 0.588205 0.513677 
1735.173092 0.242990 0.656274 
1736.442909 0.089068 0.695402 
1736.501635 0.203012 0.335995 
1736.941691 0.730010 0.880396 
1736.955952 0.246298 0.219952 
1738.182755 0.982969 0.623223 
1738.349845 0.478528 0.086325 
1740.410450 0.300221 0.658726 
1740.455694 0.516217 0.343697 
1740.684858 0.151384 0.209075 
1741.286185 0.838943 0.490928 
1741.353220 0.566067 0.290497 
1743.333832 0.506349 0.806294 
1743.625572 0.494975 0.518568 
1745.309157 0.441885 0.271644 
1749.695872 0.642116 0.285253 
1751.044852 0.808091 0.789131 
1751.081012 0.569865 0.387555 
1751.568817 0.986381 0.995777 
1751.719597 0.578491 0.857038 
1751.875850 0.199557 0.502520 
1752.924850 0.439958 0.290663 
1753.508901 0.111181 0.146082 
1754.174850 0.040904 0.275880 
1754.242805 0.057570 0.158876 
1754.623091 0.354227 0.196774 
1755.189143 0.638051 0.652058 
1755.789150 0.271891 0.791488 
1755.976014 0.877714 0.589775 
1756.201151 0.685942 0.023951 
1758.681205 0.110237 0.013510 
1759.864479 0.298688 0.333893 
1760.752857 0.924815 0.685046 
1762.602559 0.092822 0.365289 
1763.155558 0.920332 0.708086 
1764.344098 0.108563 0.962781 
1765.369699 0.824220 0.649981 
1766.107223 0.704180 0.889713 
1767.866602 0.578128 0.874624 
1769.535383 0.860647 0.981655 
1772.127787 0.327687 0.141458 
1772.739287 0.264967 0.961663 
1773.573568 0.536008 0.777304 
1773.861710 0.265916 0.892843 
1773.922977 0.994456 0.328062 
1774.265866 0.313028 0.679473 
1774.790624 0.215457 0.566210 
1774.897649 0.900360 0.478729 
1776.251007 0.458967 0.887090 
1777.153059 0.796823 0.696839 
1778.364890 0.833608 0.144716 
1778.524399 0.398672 0.549725 
1779.304233 0.929388 0.017802 
1779.484783 0.515613 0.736809 
1780.228107 0.324684 0.938496 
1780.571259 0.848399 0.056304 
1780.801303 0.066646 0.418074 
1781.623283 0.474171 0.980623 
1782.148072 0.901170 0.593062 
1782.885380 0.451097 0.880441 
1785.517645 0.276468 0.302034 
1785.993805 0.154095 0.680646 
1786.260957 0.664078 0.169691 
1786.609809 0.692391 0.837163 
1786.989078 0.749502 0.191315 
1788.847147 0.951091 0.836722 
1789.751902 0.782257 0.233958 
1789.896176 0.453636 0.657449 
1790.350579 0.553793 0.758756 
1792.100104 0.783747 0.008529 
1794.008945 0.408441 0.881230 
1794.488344 0.840123 0.559071 
1798.033455 0.903477 0.797672 
1802.827733 0.553676 0.614680 
1803.290845 0.794975 0.578046 
1805.170121 0.281812 0.057913 
1805.923128 0.673325 0.529648 
1806.951380 0.625102 0.580622 
1807.143259 0.442592 0.582234 
1807.248802 0.750201 0.693828 
1807.819276 0.228683 0.243889 
1810.178891 0.417168 0.028011 
1810.507380 0.627804 0.622331 
1811.914741 0.550413 0.321295 
1812.290941 0.961754 0.159267 
1813.089602 0.244892 0.421440 
1813.097232 0.695092 0.509190 
1813.368746 0.940854 0.953476 
1813.891687 0.687960 0.716948 
1816.309273 0.746471 0.928855 
1816.465139 0.890681 0.531732 
1816.969535 0.759891 0.785718 
1817.776444 0.262429 0.154224 
1820.261468 0.590417 0.843312 
1821.570180 0.437312 0.510613 
1823.007394 0.790647 0.923336 
1824.869141 0.517027 0.158093 
1825.115091 0.833244 0.891802 
1825.325889 0.566911 0.325742 
1826.877504 0.175630 0.508634 
1829.707322 0.529928 0.838212 
1831.130389 0.070737 0.863221 
1831.207054 0.253889 0.793277 
1831.439289 0.807806 0.676472 
1833.796264 0.844505 0.921283 
1834.245387 0.273626 0.174353 
1834.775746 0.555158 0.868878 
1834.991690 0.833940 0.264357 
1836.119986 0.493532 0.167225 
1836.157367 0.189783 0.119452 
1836.370104 0.404184 0.222475 
1836.914307 0.866177 0.521507 
1837.991791 0.701231 0.313363 
1838.810549 0.712455 0.783391 
1839.652647 0.476240 0.196251 
1839.659969 0.712741 0.081678 
1840.456380 0.865824 0.675489 
1840.645701 0.759270 0.193868 
1842.249681 0.094554 0.422339 
1842.481533 0.161280 0.120902 
1843.416427 0.840816 0.447255 
1846.053537 0.580133 0.497356 
1846.116285 0.614727 0.766264 
1847.622097 0.740665 0.614631 
1847.864599 0.831830 0.915469 
1848.492452 0.632726 0.272784 
1850.995217 0.425431 0.210540 
1851.184045 0.714541 0.404493 
1851.733206 0.783956 0.235320 
1852.949304 0.278005 0.243162 
1853.663764 0.254321 0.669480 
1853.983686 0.598719 0.622524 
1855.945600 0.156609 0.360174 
1855.950510 0.101720 0.447392 
1856.440783 0.101729 0.402402 
1856.745513 0.551892 0.343910 
1859.236506 0.687463 0.511026 
1859.296124 0.126513 0.075699 
1860.098295 0.905697 0.308697 
1861.570225 0.281325 0.555681 
1861.856462 0.953836 0.378184 
1861.879948 0.518947 0.039119 
1862.042976 0.906922 0.328265 
1862.251381 0.832337 0.572133 
1862.632135 0.389875 0.118975 
1863.183529 0.003677 0.851893 
1863.634479 0.853013 0.163032 
1864.107463 0.915630 0.510110 
1868.754219 0.735571 0.221541 
1870.079673 0.273457 0.370400 
1870.182283 0.914457 0.606645 
1872.184086 0.460035 0.152283 
1872.238590 0.323378 0.184051 
1872.986693 0.675285 0.904270 
1873.812857 0.997902 0.101104 
1874.714269 0.423626 0.318609 
1875.724847 0.209892 0.756502 
1876.184610 0.848699 0.474980 
1877.133608 0.375681 0.940760 
1877.682226 0.582873 0.541134 
1878.648943 0.506748 0.559024 
1880.233854 0.364711 0.122397 
1881.522174 0.272091 0.714039 
1883.332087 0.779787 0.790976 
1884.091311 0.287541 0.086687 
1885.778600 0.982196 0.263850 
1885.847781 0.456388 0.462440 
1886.990450 0.286976 0.794644 
1888.740654 0.436886 0.511182 
1888.930769 0.538168 0.027208 
1889.277571 0.301123 0.014557 
1889.415134 0.401575 0.916195 
1890.604772 0.521976 0.832141 
1890.824107 0.770940 0.663776 
1891.158618 0.386140 0.593593 
1892.911484 0.066354 0.262523 
1893.483135 0.640794 0.918529 
1894.314779 0.958359 0.505844 
1894.556926 0.878190 0.118110 
1897.242941 0.050925 0.889408 
1897.293591 0.835631 0.693248 
1898.558634 0.341035 0.689710 
1898.623615 0.959555 0.782312 
1899.137556 0.240431 0.507219 
1899.563061 0.088740 0.460718 
1903.086032 0.139783 0.146455 
1904.604801 0.725288 0.694272 
1907.100043 0.341825 0.601228 
1908.394291 0.270492 0.797425 
1909.127125 0.851558 0.968331 
1909.274265 0.808681 0.410644 
1909.894739 0.784646 0.993187 
1910.104955 0.561602 0.611148 
1912.088849 0.015220 0.618011 
1912.298439 0.494323 0.808207 
1915.165797 0.675811 0.827668 
1915.261213 0.098601 0.426304 
1916.229802 0.563348 0.178980 
1916.597132 0.423552 0.237576 
1918.252364 0.882840 0.848837 
1918.280976 0.992791 0.502215 
1919.137578 0.134633 0.362574 
1919.708055 0.918953 0.081811 
1921.094481 0.000230 0.759045 
1921.658548 0.673506 0.076056 
1921.815877 0.157400 0.503759 
1922.250331 0.332260 0.885549 
1922.835850 0.138782 0.575010 
1922.881904 0.867687 0.563522 
1923.178974 0.084177 0.601368 
1924.303342 0.221135 0.912858 
1926.258416 0.669962 0.214305 
1927.376229 0.696713 0.948549 
1928.150437 0.397683 0.852444 
1928.327487 0.495320 0.566582 
1929.273152 0.754044 0.277535 
1930.270126 0.259886 0.098355 
1930.337975 0.176836 0.052937 
1930.584506 0.541019 0.337036 
1930.815249 0.460242 0.415994 
1930.892713 0.749612 0.706719 
1931.811574 0.814323 0.866243 
1932.381909 0.329718 0.618723 
1932.884970 0.673774 0.720581 
1933.075474 0.953207 0.339145 
1933.242526 0.063740 0.489921 
1933.339125 0.958218 0.606379 
1935.247352 0.708469 0.814875 
1936.185840 0.214492 0.807113 
1937.214152 0.454793 0.925619 
1938.021928 0.623946 0.405317 
1940.291671 0.418714 0.463040 
1940.704649 0.921195 0.403628 
1941.488805 0.252648 0.959781 
1943.571316 0.131603 0.777012 
1944.423334 0.954861 0.147607 
1944.994696 0.723776 0.789063 
1945.803049 0.722865 0.630525 
1945.883059 0.977425 0.709804 
1947.473111 0.231301 0.111255 
1948.124166 0.804279 0.027324 
1949.133124 0.861329 0.347247 
1949.400710 0.510695 0.870626 
1950.750934 0.069276 0.242060 
1950.913650 0.311615 0.331073 
1951.904940 0.552972 0.562470 
1954.120942 0.991125 0.394265 
1954.634353 0.054953 0.449935 
1955.729103 0.609677 0.809237 
1956.152714 0.660782 0.281389 
1957.517399 0.125725 0.120933 
1959.546937 0.302481 0.835582 
1959.848196 0.650651 0.594642 
1960.480699 0.494940 0.423320 
1962.628066 0.244449 0.255030 
1963.017106 0.792767 0.977752 
1963.201513 0.044280 0.492340 
1964.074268 0.156090 0.148053 
1965.363284 0.805569 0.036895 
1966.095549 0.280192 0.583149 
1967.326316 0.981002 0.008120 
1969.656942 0.415586 0.535185 
1969.844739 0.437327 0.585272 
1969.894931 0.738551 0.712520 
1971.208710 0.515629 0.988893 
1973.017502 0.409188 0.526508 
1973.452690 0.015696 0.384399 
1973.783573 0.161322 0.842836 
1973.925812 0.075322 0.531891 
1974.330835 0.228874 0.205600 
1974.635695 0.318911 0.811195 
1978.515533 0.102111 0.982747 
1980.003883 0.761693 0.253087 
1980.861301 0.408565 0.466311 
1981.443839 0.338216 0.931469 
1981.759452 0.534919 0.051189 
1982.046106 0.210441 0.735440 
1983.076152 0.165789 0.689984 
1983.159660 0.926457 0.553301 
1983.546672 0.644407 0.888559 
1983.659915 0.675714 0.713395 
1986.617117 0.024928 0.667004 
1989.155794 0.517504 0.348650 
1990.919849 0.043177 0.403948 
1994.525160 0.762250 0.172126 
1996.193883 0.843808 0.292680 
1996.378969 0.602977 0.979198 
1997.148372 0.489736 0.032197 
1998.920215 0.581226 0.542309 
1999.174061 0.676685 0.555131 
1999.447758 0.918884 0.921928 
1999.765051 0.836201 0.077163 
2000.240684 0.391999 0.011766 
2001.147339 0.007244 0.663631 
2001.249394 0.443590 0.878831 
2002.384479 0.746703 0.480806 
2002.561822 0.527643 0.778808 
2003.001565 0.810202 0.344523 
2005.324744 0.916863 0.051193 
2005.559738 0.385901 0.676058 
2005.591370 0.295238 0.887370 
2008.446219 0.496735 0.006707 
2011.095099 0.826913 0.948956 
2011.934171 0.639095 0.651898 
2012.293335 0.113972 0.673546 
2012.388683 0.281607 0.034062 
2013.158952 0.521880 0.528002 
2013.343512 0.246311 0.882892 
2013.374651 0.383427 0.105547 
2013.541558 0.726101 0.205279 
2014.361491 0.598398 0.657216 
2014.446990 0.698637 0.368743 
2017.684174 0.414057 0.460268 
2020.031101 0.404878 0.254301 
2020.268248 0.754024 0.367897 
2020.718044 0.754727 0.804565 
2026.137813 0.497848 0.905731 
2027.201127 0.504788 0.487578 
2029.706716 0.084467 0.759973 
2029.793434 0.962146 0.741630 
2029.863971 0.463452 0.984890 
2031.785589 0.985832 0.345738 
2035.215017 0.765037 0.453310 
2035.361808 0.167001 0.350122 
2036.652652 0.545831 0.686326 
2037.960515 0.670132 0.265627 
2037.976058 0.094982 0.739301 
2038.222618 0.221353 0.015858 
2039.738615 0.536084 0.909215 
2040.049981 0.660745 0.881507 
2040.553756 0.738861 0.230494 
2041.055602 0.522073 0.162871 
2045.256432 0.030787 0.275174 
2046.079941 0.879414 0.524806 
2047.285721 0.752892 0.808934 
