0.000000 0.383407 0.223041 
0.061040 0.092516 0.527124 
0.130748 0.682221 0.436411 
0.669106 0.297905 0.664672 
3.980966 0.938755 0.196589 
5.109050 0.450177 0.154278 
5.748684 0.486475 0.823006 
6.672769 0.664071 0.919014 
7.058034 0.786107 0.968185 
7.386011 0.346402 0.167857 
8.728394 0.266210 0.566127 
9.685741 0.223743 0.311597 
11.892341 0.444315 0.851658 
12.515164 0.616713 0.274735 
13.226095 0.392120 0.559346 
15.538097 0.158769 0.966930 
16.344001 0.783599 0.655844 
17.693678 0.363418 0.944294 
18.677088 0.236408 0.871827 
19.411442 0.005023 0.588326 
19.789521 0.246227 0.833608 
20.969491 0.402739 0.975931 
22.109382 0.993385 0.869661 
22.789091 0.879452 0.388054 
24.866879 0.130644 0.984123 
25.932876 0.831713 0.154443 
26.617701 0.399771 0.200068 
26.911259 0.762701 0.787168 
27.110327 0.495680 0.989117 
28.032392 0.989124 0.935357 
28.706010 0.686198 0.776882 
28.994406 0.182302 0.586412 
29.898694 0.993661 0.908468 
31.276311 0.056726 0.745469 
32.154704 0.960899 0.220528 
33.758904 0.044807 0.294256 
34.689447 0.721046 0.567671 
34.822978 0.130444 0.340193 
34.956455 0.147360 0.983495 
35.440762 0.450089 0.983902 
35.908740 0.726486 0.203124 
36.180530 0.515807 0.741422 
38.712950 0.970093 0.596397 
41.775494 0.923839 0.243398 
41.856404 0.129619 0.575018 
42.862069 0.625667 0.149417 
42.988408 0.596624 0.458355 
43.404545 0.663325 0.793373 
43.661608 0.448525 0.308286 
44.153513 0.764840 0.354895 
44.408559 0.786996 0.391424 
45.364324 0.094360 0.604321 
46.934613 0.055182 0.697080 
48.493756 0.181717 0.970729 
48.534413 0.888678 0.127300 
48.606185 0.081373 0.999829 
49.421431 0.239381 0.659969 
51.047072 0.048755 0.308317 
52.184962 0.956030 0.708128 
52.550887 0.142993 0.220442 
53.033684 0.291377 0.385317 
53.407266 0.827113 0.197428 
54.653566 0.779579 0.027820 
55.420042 0.454379 0.672024 
55.576117 0.788840 0.724736 
56.285184 0.938558 0.146350 
56.388829 0.946534 0.267767 
56.476489 0.315031 0.280668 
56.753270 0.867045 0.607177 
57.163230 0.284861 0.572133 
58.362648 0.214790 0.267124 
58.577504 0.593116 0.616071 
59.538386 0.764007 0.333058 
60.617410 0.617289 0.837918 
61.058053 0.513967 0.438609 
63.619007 0.696071 0.951862 
64.296224 0.298328 0.239194 
65.382878 0.193702 0.581315 
67.350423 0.421203 0.625319 
69.170222 0.353703 0.436077 
69.817633 0.605919 0.060425 
69.868647 0.398439 0.379799 
70.664424 0.029694 0.679116 
71.420032 0.914857 0.613887 
77.449915 0.343317 0.926264 
77.517543 0.124357 0.140067 
78.353298 0.742784 0.200439 
78.420820 0.256350 0.157359 
78.804612 0.644261 0.959064 
79.832787 0.818059 0.740999 
82.080018 0.129523 0.846220 
82.763852 0.813567 0.569400 
82.803145 0.742269 0.706863 
83.316760 0.592267 0.689105 
83.959763 0.730388 0.491980 
83.989340 0.070784 0.744135 
85.665504 0.113004 0.290831 
86.969988 0.881148 0.850490 
87.529729 0.848174 0.788258 
88.215836 0.638083 0.931972 
88.578606 0.676248 0.080261 
90.804458 0.672697 0.368698 
91.312343 0.335515 0.586846 
91.438044 0.299125 0.595513 
92.513579 0.434747 0.190058 
93.554610 0.416943 0.164521 
93.672407 0.280075 0.788254 
93.857405 0.790867 0.554844 
93.934220 0.614816 0.023168 
97.151051 0.853970 0.835993 
98.878021 0.679950 0.686721 
99.404028 0.397678 0.018946 
100.969998 0.837918 0.655177 
101.055211 0.245089 0.138450 
101.405410 0.703046 0.616765 
102.679546 0.587510 0.882328 
102.960391 0.995158 0.417981 
103.381462 0.248670 0.712288 
103.411194 0.932908 0.830727 
103.932621 0.753890 0.014807 
104.577682 0.507915 0.155088 
105.533487 0.321019 0.936621 
106.906642 0.663842 0.904488 
109.332543 0.371571 0.719111 
109.503807 0.920004 0.148487 
109.559492 0.675493 0.876816 
111.156295 0.736369 0.756967 
112.653086 0.894483 0.518745 
115.624897 0.050387 0.106105 
115.726576 0.842922 0.974391 
116.362647 0.309135 0.240382 
116.459789 0.316034 0.639617 
117.213377 0.294714 0.878050 
118.336684 0.111119 0.855126 
119.952488 0.199311 0.670807 
122.007516 0.910997 0.906616 
123.992767 0.995609 0.160789 
124.423261 0.983725 0.649320 
127.601237 0.377284 0.979593 
129.269869 0.281589 0.899607 
129.852948 0.897833 0.995488 
131.461637 0.737492 0.528785 
131.843429 0.608913 0.466767 
132.025617 0.984466 0.479507 
132.627363 0.144721 0.499985 
132.688701 0.397201 0.817365 
133.071936 0.405948 0.748376 
135.436406 0.891481 0.821643 
137.890592 0.341497 0.511310 
138.274595 0.072066 0.081598 
138.750536 0.169522 0.127388 
140.046744 0.774919 0.657096 
141.238851 0.206908 0.176080 
144.961463 0.526115 0.050816 
145.304127 0.951356 0.804113 
146.252612 0.828014 0.250842 
147.677116 0.451540 0.582604 
150.105357 0.971829 0.986232 
150.802127 0.771900 0.058526 
150.825230 0.436900 0.614821 
151.502338 0.300982 0.933115 
152.670728 0.511057 0.237610 
152.708389 0.376488 0.425222 
153.062146 0.576868 0.307651 
154.546675 0.325987 0.317810 
155.144816 0.308509 0.195885 
155.540313 0.797276 0.562866 
156.556303 0.968008 0.337125 
156.915978 0.564702 0.772232 
157.538483 0.166882 0.185426 
160.008816 0.181477 0.715323 
160.205930 0.162705 0.212726 
160.557801 0.585950 0.095116 
160.711857 0.978081 0.429500 
160.721735 0.844476 0.810485 
161.932462 0.707457 0.591843 
162.041140 0.484225 0.229560 
162.195355 0.319466 0.099053 
162.869418 0.982395 0.106775 
165.118750 0.387873 0.245438 
167.339603 0.920669 0.525919 
167.648393 0.283936 0.804274 
170.652365 0.909288 0.432254 
170.724033 0.771258 0.981911 
170.978974 0.079606 0.612842 
172.792242 0.773597 0.313042 
173.509552 0.191818 0.290209 
173.771900 0.173912 0.000085 
174.343218 0.330515 0.002392 
175.255588 0.558040 0.991146 
176.391943 0.976806 0.877670 
176.934346 0.040234 0.866003 
182.603502 0.230056 0.523450 
185.153004 0.645212 0.867385 
185.552621 0.569164 0.602507 
186.168421 0.488892 0.642168 
186.526288 0.963845 0.387129 
187.456468 0.709939 0.682050 
188.406826 0.545003 0.159696 
188.859527 0.248136 0.684081 
189.370198 0.542979 0.869303 
189.749384 0.409820 0.599470 
191.541144 0.440793 0.662334 
193.113673 0.815507 0.564857 
194.282593 0.964240 0.367432 
197.159495 0.690110 0.698984 
197.715892 0.472784 0.864120 
200.177061 0.564928 0.839810 
200.410887 0.895825 0.936468 
201.071730 0.635620 0.448627 
202.524389 0.183691 0.639066 
203.677122 0.174558 0.295796 
203.802836 0.156953 0.456913 
204.186397 0.075706 0.237789 
205.065760 0.125726 0.892884 
205.714296 0.162620 0.512442 
205.727038 0.010043 0.612681 
206.071520 0.660947 0.087420 
206.706270 0.412796 0.597829 
207.909299 0.968557 0.364217 
208.753830 0.986828 0.756758 
208.919446 0.012141 0.588566 
210.131058 0.530904 0.752265 
211.193550 0.139965 0.113550 
211.751697 0.852857 0.780732 
212.040766 0.162862 0.038730 
212.699803 0.007275 0.537007 
213.024321 0.162638 0.039278 
216.044300 0.978734 0.446599 
216.654952 0.409240 0.329306 
217.784520 0.814684 0.516970 
218.106873 0.960963 0.992544 
218.318291 0.866100 0.426119 
218.420274 0.560708 0.556761 
219.071930 0.178197 0.624926 
220.532502 0.566576 0.408372 
220.817424 0.503177 0.402559 
221.129018 0.023730 0.344669 
222.180058 0.736888 0.495099 
222.463388 0.044427 0.892841 
223.945204 0.706908 0.085612 
224.730755 0.277661 0.659060 
225.045567 0.969734 0.207483 
225.167990 0.688404 0.930465 
227.233811 0.691168 0.221860 
227.940227 0.309770 0.415555 
229.461261 0.513536 0.909602 
229.845472 0.981214 0.328101 
230.758606 0.504944 0.854862 
231.876898 0.233450 0.910113 
233.497283 0.542320 0.400096 
233.594948 0.416094 0.680140 
234.031526 0.258958 0.013133 
235.056888 0.271281 0.941884 
239.462038 0.388017 0.218768 
239.493371 0.505348 0.510840 
241.507495 0.409967 0.781512 
244.153873 0.578200 0.358565 
245.242273 0.721656 0.963398 
246.359860 0.962551 0.122973 
248.456901 0.066656 0.972545 
248.462827 0.946160 0.726039 
248.864192 0.184283 0.965052 
249.574123 0.871568 0.709420 
250.422923 0.448463 0.760297 
252.938592 0.324833 0.375409 
253.630273 0.201014 0.948761 
255.384168 0.463113 0.698504 
255.721626 0.223120 0.097206 
256.772168 0.111712 0.065782 
256.886100 0.386157 0.997625 
257.057566 0.747238 0.555732 
259.471873 0.873162 0.835217 
259.501349 0.447559 0.818093 
259.501818 0.655773 0.506324 
259.571942 0.687474 0.778533 
259.587260 0.483445 0.052461 
260.181574 0.790958 0.190369 
261.062169 0.893417 0.825872 
261.269160 0.638732 0.568672 
261.503239 0.948390 0.343489 
262.462182 0.855143 0.832717 
263.227830 0.435903 0.085690 
268.561045 0.334175 0.228471 
268.934504 0.243569 0.239007 
269.125068 0.324489 0.194525 
270.025322 0.796488 0.833050 
270.316088 0.742188 0.566082 
271.968437 0.475505 0.593492 
272.738571 0.352542 0.197569 
272.781719 0.195426 0.044545 
272.931258 0.313301 0.026599 
273.647283 0.683001 0.767902 
273.902387 0.544703 0.292755 
275.646467 0.106877 0.379516 
277.327708 0.011295 0.025528 
278.937419 0.122864 0.108814 
280.470455 0.069376 0.434669 
281.981256 0.024580 0.685438 
282.267230 0.675261 0.295017 
282.460274 0.883158 0.943536 
282.516351 0.578373 0.742970 
282.846272 0.254017 0.256881 
283.294597 0.049242 0.943981 
283.628567 0.601548 0.527140 
285.226061 0.592961 0.572684 
285.708233 0.252315 0.666608 
286.130296 0.031944 0.689084 
286.508053 0.218335 0.245175 
286.944022 0.611584 0.343896 
289.968165 0.919817 0.613501 
291.090527 0.927476 0.176197 
292.284536 0.922743 0.417546 
292.507572 0.165905 0.509439 
293.844304 0.377962 0.386049 
295.936423 0.750495 0.495180 
299.563258 0.492510 0.987175 
300.375361 0.868437 0.942880 
300.599071 0.895709 0.968937 
301.956386 0.365354 0.569637 
302.173976 0.726665 0.810868 
302.237192 0.615681 0.711723 
303.173392 0.541307 0.339292 
304.562958 0.796916 0.076969 
304.855742 0.708211 0.129384 
305.319952 0.183979 0.440762 
305.510233 0.549766 0.008878 
305.548052 0.657617 0.647488 
307.464092 0.374249 0.917598 
307.474329 0.423673 0.280917 
308.392032 0.535571 0.807206 
308.833531 0.844734 0.156615 
310.750793 0.868033 0.025170 
312.817877 0.427546 0.936711 
312.916814 0.523165 0.526385 
312.929892 0.493095 0.527511 
313.005763 0.871724 0.618183 
313.650909 0.322756 0.564916 
314.288365 0.921365 0.758031 
314.473500 0.117465 0.287022 
314.731134 0.476892 0.029410 
315.416238 0.913246 0.093218 
317.135270 0.215381 0.405539 
317.234825 0.093432 0.569975 
317.294863 0.000603 0.257167 
317.634888 0.367423 0.049044 
319.119559 0.323633 0.918514 
321.737438 0.500423 0.152373 
322.226814 0.074729 0.097703 
323.447508 0.999304 0.403038 
323.699645 0.085405 0.853224 
325.175943 0.836885 0.134886 
325.187641 0.084177 0.649130 
325.334505 0.337255 0.044582 
326.346811 0.480111 0.952693 
326.347072 0.953914 0.960924 
326.969450 0.798045 0.715572 
327.121181 0.806331 0.129205 
328.249036 0.780103 0.995421 
329.117810 0.169923 0.159509 
329.351928 0.924120 0.138084 
329.815225 0.745984 0.671687 
329.957131 0.592027 0.590796 
330.358555 0.726784 0.387618 
331.117828 0.902348 0.679180 
332.637268 0.807794 0.208791 
333.230697 0.268762 0.432702 
336.428991 0.283177 0.715044 
337.121579 0.880449 0.743670 
338.041177 0.347831 0.749725 
338.340186 0.978468 0.854749 
339.538203 0.154609 0.802210 
340.721354 0.310437 0.192136 
340.744754 0.785164 0.995338 
342.959574 0.915495 0.981630 
345.481237 0.637582 0.131140 
346.572229 0.533583 0.792314 
347.346687 0.561482 0.319587 
348.769627 0.684276 0.164466 
349.506527 0.405491 0.898185 
351.246829 0.247883 0.815774 
352.724725 0.034102 0.028016 
353.104931 0.086933 0.447710 
353.195046 0.977392 0.967168 
354.137364 0.724302 0.012405 
357.583754 0.865809 0.203550 
357.593743 0.816086 0.724793 
357.731922 0.744823 0.058401 
359.315197 0.024142 0.810126 
362.306094 0.724103 0.946482 
363.916517 0.873871 0.876961 
365.045375 0.889035 0.088204 
366.033156 0.515536 0.907184 
367.681750 0.724077 0.638957 
367.973877 0.898897 0.662445 
368.923524 0.007585 0.146034 
369.408236 0.221988 0.414985 
370.409200 0.202268 0.158982 
371.204130 0.492584 0.667172 
371.228322 0.648583 0.573447 
372.198082 0.312934 0.188744 
373.033730 0.171086 0.616492 
373.505936 0.157926 0.666013 
375.724931 0.637039 0.587688 
375.812554 0.973433 0.122173 
378.093094 0.046088 0.596965 
379.315889 0.381660 0.889863 
379.735374 0.794011 0.434965 
380.082463 0.146380 0.332239 
382.595238 0.143017 0.679309 
382.818315 0.790310 0.673354 
383.294040 0.068530 0.720564 
383.483303 0.373505 0.098937 
384.027927 0.978097 0.473212 
384.276791 0.133161 0.517523 
385.574669 0.829793 0.784713 
387.283339 0.112841 0.297806 
387.907014 0.150311 0.843559 
391.365356 0.887082 0.955124 
391.847485 0.320168 0.637600 
392.347562 0.452298 0.731366 
392.934436 0.359918 0.461879 
393.135601 0.721855 0.522315 
393.385463 0.606100 0.671011 
393.993922 0.225721 0.837396 
395.190141 0.146060 0.609762 
396.078782 0.297163 0.732844 
400.342919 0.464436 0.400149 
400.776040 0.931779 0.349079 
401.138592 0.820770 0.233292 
401.367340 0.183251 0.001297 
401.475663 0.283945 0.870851 
403.000441 0.450558 0.122297 
405.129897 0.851431 0.728066 
405.534015 0.512854 0.153660 
406.531285 0.722847 0.184288 
408.518649 0.071015 0.788026 
409.003624 0.489854 0.100306 
409.683706 0.285430 0.611771 
410.846416 0.629582 0.410135 
413.413830 0.315181 0.703982 
419.812564 0.517670 0.680266 
423.044374 0.290273 0.324136 
423.206492 0.163617 0.417189 
423.954917 0.230317 0.376726 
424.666845 0.226278 0.202509 
425.042471 0.606326 0.456499 
425.385038 0.453495 0.586684 
425.856453 0.798796 0.643952 
426.132616 0.566278 0.384606 
426.416750 0.976834 0.177744 
426.683654 0.929670 0.294250 
427.405724 0.082035 0.135485 
427.517690 0.253591 0.085604 
427.959942 0.233568 0.110831 
428.187539 0.301478 0.654623 
428.219395 0.211238 0.157981 
428.712285 0.003540 0.196368 
430.361463 0.273782 0.978037 
431.651098 0.020899 0.854626 
433.497955 0.829132 0.589938 
435.004703 0.950776 0.228045 
435.969070 0.889693 0.505946 
436.203708 0.586086 0.474656 
437.844632 0.859795 0.093795 
437.999067 0.574235 0.439658 
438.471733 0.458479 0.941645 
439.217226 0.015636 0.864446 
439.535960 0.324338 0.491411 
439.885659 0.666905 0.883912 
441.010397 0.238870 0.363855 
444.019680 0.846955 0.171964 
445.140740 0.862807 0.555093 
445.524994 0.074051 0.631177 
445.801572 0.354553 0.392286 
446.645612 0.735436 0.986116 
447.091015 0.557780 0.635271 
447.555036 0.481745 0.440606 
448.066274 0.528871 0.437416 
448.471093 0.796605 0.810602 
448.630411 0.131460 0.302067 
448.883324 0.377799 0.678919 
450.403894 0.565198 0.560662 
451.953076 0.984887 0.040964 
452.004370 0.846023 0.300576 
452.027697 0.752269 0.181876 
453.725290 0.475213 0.825901 
454.508479 0.086334 0.687699 
456.729058 0.192603 0.332833 
460.192035 0.852070 0.362590 
464.769896 0.114969 0.968719 
464.869305 0.256821 0.943476 
464.876113 0.282712 0.862244 
465.869048 0.037275 0.567743 
466.660386 0.553101 0.958459 
466.679741 0.232664 0.865303 
467.435533 0.118640 0.974520 
470.523190 0.795940 0.548953 
470.548142 0.848308 0.778037 
471.221071 0.355843 0.321323 
471.437692 0.034930 0.698819 
471.775232 0.065281 0.135427 
472.054666 0.249125 0.125236 
473.604106 0.390795 0.674059 
473.743317 0.042711 0.888821 
473.973611 0.310684 0.347277 
474.021174 0.763023 0.079160 
474.463251 0.861975 0.197795 
475.158611 0.883739 0.647099 
476.008464 0.957180 0.388577 
477.489101 0.605318 0.280842 
478.727966 0.953612 0.903619 
480.259314 0.431214 0.304668 
480.809673 0.526677 0.289733 
484.746610 0.097389 0.259913 
485.072103 0.274451 0.317304 
486.618807 0.254381 0.425217 
489.752430 0.485461 0.353859 
490.840942 0.662109 0.857254 
490.968094 0.653424 0.177111 
491.801895 0.554124 0.083222 
492.565987 0.846261 0.620738 
497.388453 0.867436 0.957369 
499.301491 0.576548 0.148234 
499.363430 0.653056 0.479245 
499.861548 0.135968 0.588135 
500.563999 0.908783 0.007292 
501.976493 0.148353 0.578709 
505.152158 0.435048 0.176521 
505.157995 0.118836 0.339599 
505.798773 0.115060 0.614048 
505.896495 0.667896 0.836822 
506.689876 0.284833 0.858305 
507.100848 0.201371 0.843067 
511.518614 0.546908 0.782560 
511.537948 0.028656 0.194557 
511.922418 0.921464 0.169394 
513.036794 0.482866 0.328923 
513.153481 0.766977 0.219994 
513.260117 0.504873 0.522016 
513.421021 0.645278 0.821386 
513.800205 0.581866 0.042084 
514.984221 0.621395 0.237572 
517.443700 0.040921 0.196728 
517.688269 0.810701 0.071482 
519.122916 0.889405 0.608820 
523.205184 0.321206 0.436416 
523.405265 0.375305 0.150549 
523.710749 0.540065 0.569199 
527.912631 0.420225 0.707488 
528.113934 0.004103 0.002065 
530.908606 0.149828 0.177799 
533.045160 0.479127 0.516881 
535.710261 0.448430 0.027696 
536.114374 0.530287 0.296169 
537.556760 0.599069 0.049417 
537.583981 0.661008 0.935057 
537.705778 0.677369 0.424223 
537.736134 0.789909 0.522121 
538.339651 0.022856 0.655263 
538.924814 0.897589 0.013698 
540.190920 0.704545 0.754292 
542.721758 0.742446 0.971659 
542.984800 0.160766 0.831832 
544.336013 0.227676 0.255088 
544.390680 0.793179 0.966928 
545.414234 0.730727 0.656012 
546.069318 0.007461 0.363843 
546.695527 0.700963 0.813711 
547.056905 0.928969 0.148620 
547.070157 0.965962 0.904013 
547.657242 0.097992 0.409228 
550.553756 0.206773 0.013170 
550.585313 0.308015 0.463502 
551.594487 0.981314 0.527636 
552.470346 0.151243 0.332044 
554.178232 0.671381 0.712328 
555.357110 0.838932 0.638546 
556.181916 0.986436 0.827632 
556.485455 0.682466 0.330031 
559.621489 0.762818 0.753857 
560.479106 0.949760 0.606038 
560.911525 0.059679 0.645310 
564.505599 0.249081 0.677945 
565.121588 0.879884 0.522975 
573.579412 0.870654 0.653700 
574.635806 0.871812 0.092509 
574.794980 0.300282 0.297367 
576.055576 0.090379 0.820953 
576.806334 0.999376 0.054347 
577.259234 0.319297 0.734315 
577.597968 0.338800 0.060986 
578.832873 0.843263 0.613733 
580.000969 0.142248 0.166471 
580.478565 0.030676 0.449627 
580.706433 0.356296 0.504092 
580.976859 0.063211 0.796427 
583.499835 0.757786 0.663376 
587.532751 0.926378 0.590513 
588.260158 0.065030 0.460834 
588.449846 0.850151 0.348329 
589.355727 0.882301 0.389216 
590.319876 0.460664 0.105427 
590.573985 0.975353 0.215610 
592.207263 0.303177 0.055544 
592.430024 0.579904 0.662205 
592.610187 0.653356 0.875883 
592.799217 0.974931 0.240480 
593.574288 0.092865 0.977782 
593.887971 0.528337 0.256649 
594.019540 0.340891 0.018542 
594.218547 0.365298 0.905451 
594.726755 0.009657 0.828959 
596.448198 0.303500 0.361083 
596.639371 0.918614 0.533429 
599.641806 0.464125 0.156719 
599.717325 0.660031 0.508124 
600.712855 0.223013 0.190964 
601.503131 0.189158 0.898175 
602.939168 0.590301 0.217811 
605.155456 0.538067 0.403195 
605.527459 0.699570 0.012419 
605.851768 0.003656 0.169818 
607.512602 0.494139 0.147624 
608.674433 0.055566 0.516972 
609.291039 0.977303 0.783766 
609.736090 0.932101 0.141730 
610.782128 0.764355 0.688134 
612.621233 0.728395 0.508048 
613.299389 0.844305 0.067529 
613.338561 0.703086 0.687346 
615.360946 0.433507 0.170191 
616.132752 0.292694 0.683908 
616.260714 0.269692 0.225567 
616.422598 0.166580 0.013015 
617.787907 0.199369 0.850522 
619.419317 0.110615 0.866145 
619.500796 0.250185 0.626986 
619.951870 0.619695 0.441071 
623.872411 0.757587 0.973149 
624.554101 0.942292 0.334166 
626.250211 0.768176 0.362194 
627.099817 0.192249 0.425365 
627.572269 0.548753 0.178070 
629.295160 0.078336 0.912551 
631.260170 0.246551 0.290733 
632.986959 0.488750 0.671148 
635.164636 0.375998 0.195982 
635.553446 0.163006 0.567682 
640.922147 0.339994 0.421926 
643.239550 0.324203 0.218274 
644.605593 0.909018 0.587146 
649.009929 0.529060 0.508458 
649.833224 0.044168 0.203966 
651.758887 0.432580 0.555984 
651.886071 0.546612 0.907790 
652.185444 0.225085 0.357212 
653.272523 0.910010 0.890651 
653.947943 0.693233 0.921960 
654.239519 0.059296 0.447080 
654.906486 0.911024 0.872361 
656.548944 0.178860 0.441513 
656.645073 0.122746 0.736513 
656.698416 0.923449 0.209553 
657.163412 0.501831 0.054195 
657.421420 0.732291 0.607768 
657.789768 0.616189 0.594839 
658.217843 0.543537 0.491332 
658.734026 0.410004 0.003290 
659.102145 0.268497 0.399495 
659.132704 0.316568 0.382005 
659.694811 0.945359 0.765368 
660.090160 0.880248 0.219943 
660.423526 0.666013 0.656278 
661.841280 0.907875 0.994862 
662.242460 0.358690 0.777597 
663.536273 0.487218 0.719812 
664.014910 0.465904 0.960783 
664.022855 0.907343 0.711855 
664.068193 0.703105 0.526061 
665.161342 0.144432 0.649011 
665.326783 0.111291 0.794228 
666.285704 0.804663 0.555750 
668.329645 0.691704 0.483248 
669.548202 0.944241 0.265879 
670.473845 0.979325 0.084939 
670.831311 0.844266 0.102834 
672.918074 0.824632 0.006109 
673.224374 0.240058 0.241167 
674.577066 0.218728 0.961864 
675.092184 0.125610 0.968925 
676.443796 0.328612 0.516789 
676.681447 0.605603 0.666592 
678.956795 0.860853 0.861572 
679.422851 0.672492 0.306060 
680.572414 0.356211 0.352471 
680.841982 0.706424 0.089810 
682.873665 0.694702 0.606287 
685.585130 0.636012 0.195529 
685.590857 0.221169 0.630960 
685.649341 0.356752 0.278099 
687.006368 0.313344 0.363457 
687.333688 0.534401 0.469514 
687.780730 0.028275 0.635064 
690.819022 0.277664 0.443293 
690.993820 0.701073 0.733347 
691.163320 0.624307 0.848653 
691.412643 0.183455 0.614916 
692.376893 0.382301 0.291028 
692.490145 0.642588 0.556894 
693.609045 0.009407 0.751722 
693.717716 0.151659 0.424418 
695.559979 0.400680 0.339052 
696.465316 0.882232 0.470814 
698.202263 0.642103 0.461527 
699.045150 0.972385 0.687922 
700.137530 0.165210 0.661239 
700.646260 0.777479 0.163775 
702.242705 0.301004 0.434347 
703.171092 0.456575 0.958394 
703.184642 0.984255 0.275649 
708.341906 0.289512 0.499745 
708.616057 0.613673 0.345535 
709.662991 0.948999 0.460597 
712.943307 0.959789 0.771200 
716.669161 0.025115 0.102716 
716.979731 0.957844 0.325507 
723.154687 0.969630 0.439979 
723.189457 0.846329 0.196863 
723.503492 0.833244 0.609165 
723.904368 0.433387 0.461901 
724.099292 0.104516 0.195156 
724.348342 0.153300 0.760036 
724.722536 0.782595 0.766872 
725.170186 0.417642 0.990983 
725.576012 0.381282 0.565489 
726.803659 0.605145 0.546922 
727.004018 0.013766 0.382875 
727.650062 0.362239 0.561545 
728.085863 0.069311 0.705486 
728.622334 0.967906 0.600636 
728.926720 0.034248 0.500259 
730.522057 0.450243 0.378292 
731.512704 0.657936 0.578184 
731.736011 0.508065 0.344514 
733.362326 0.336128 0.319498 
733.945152 0.615915 0.006796 
734.167882 0.389094 0.360801 
734.538121 0.557494 0.362608 
736.964870 0.459888 0.014292 
737.472928 0.629716 0.620520 
737.526154 0.353189 0.153977 
739.061060 0.587623 0.527852 
739.073905 0.480160 0.145502 
739.282275 0.947564 0.231930 
739.555977 0.164426 0.398363 
743.060132 0.581139 0.338152 
744.816669 0.060365 0.085128 
745.101642 0.975310 0.933398 
745.732755 0.237586 0.734091 
748.006986 0.784513 0.639510 
748.428728 0.028798 0.404106 
750.853602 0.355894 0.758712 
750.989443 0.342122 0.314154 
751.511364 0.828848 0.370549 
751.720463 0.943779 0.387723 
752.106515 0.703834 0.241363 
754.648402 0.147963 0.869332 
754.828814 0.924878 0.526033 
755.650889 0.667506 0.675315 
756.421415 0.924035 0.163788 
756.467746 0.753791 0.681010 
757.031693 0.640208 0.426526 
757.257023 0.113944 0.319691 
757.591297 0.032279 0.193998 
758.897757 0.991427 0.077496 
760.018707 0.355196 0.264681 
760.379310 0.139667 0.565486 
761.930878 0.559513 0.905039 
762.079196 0.431545 0.737453 
762.341122 0.284121 0.518064 
763.388446 0.738043 0.441348 
764.272986 0.969284 0.743937 
764.842388 0.984100 0.101471 
766.505598 0.292127 0.475072 
766.803469 0.396943 0.743656 
768.221165 0.869976 0.167026 
769.106636 0.115160 0.276087 
772.413356 0.397408 0.108169 
774.383815 0.692948 0.504952 
774.985906 0.231420 0.733557 
775.037392 0.496506 0.446122 
776.230464 0.332438 0.423137 
776.446921 0.972532 0.253348 
777.608016 0.964784 0.080095 
779.335810 0.177178 0.295965 
779.713484 0.507760 0.777256 
780.816135 0.403021 0.272142 
781.058898 0.355272 0.668320 
781.222467 0.907827 0.546600 
781.860961 0.364218 0.768029 
782.390808 0.898068 0.917388 
787.294808 0.162951 0.253400 
789.283193 0.596106 0.936325 
791.039643 0.354079 0.918990 
791.100680 0.373839 0.428327 
792.437304 0.305480 0.295670 
793.069581 0.539862 0.698875 
793.522752 0.174817 0.463350 
793.792687 0.802100 0.927850 
795.365048 0.433871 0.799324 
796.581387 0.122055 0.612037 
797.589334 0.118465 0.230440 
797.805455 0.794917 0.553568 
799.412826 0.064407 0.154535 
801.004612 0.277039 0.953203 
801.692712 0.635458 0.898453 
802.525787 0.139690 0.910819 
802.890083 0.862048 0.621387 
802.980906 0.452742 0.385275 
805.858990 0.460157 0.023560 
806.541600 0.928912 0.602268 
807.406571 0.252692 0.199912 
807.512140 0.225993 0.768619 
808.145988 0.858804 0.528751 
809.867733 0.258001 0.749081 
811.014220 0.556660 0.140048 
812.467975 0.021115 0.228850 
814.033713 0.971195 0.988339 
815.631964 0.779541 0.402520 
816.761805 0.102297 0.829581 
816.772290 0.174231 0.718620 
817.205421 0.094184 0.982072 
817.355803 0.565878 0.295033 
818.443198 0.364699 0.633229 
819.518734 0.008104 0.919413 
819.667664 0.449583 0.001615 
821.511056 0.738008 0.410799 
823.122623 0.268310 0.776012 
823.652034 0.781308 0.012734 
823.893648 0.061468 0.127374 
824.745422 0.815243 0.118337 
825.865291 0.845966 0.817226 
825.877802 0.511264 0.945094 
827.414111 0.794328 0.008134 
828.549357 0.836782 0.819975 
831.015721 0.026498 0.206549 
832.445001 0.587581 0.896167 
833.304751 0.317200 0.260827 
835.726642 0.840889 0.454580 
836.250853 0.215248 0.841813 
837.911187 0.065539 0.181458 
839.666008 0.730051 0.248668 
841.487899 0.484526 0.678682 
842.071316 0.580509 0.803222 
845.371928 0.830664 0.120598 
846.091209 0.056139 0.623466 
846.150971 0.835208 0.528647 
851.659399 0.725173 0.373519 
857.500086 0.509296 0.898407 
858.441848 0.756189 0.876086 
861.045419 0.219060 0.723003 
862.464913 0.188412 0.347984 
862.923647 0.538060 0.178221 
863.252930 0.802567 0.583601 
863.782859 0.632850 0.454553 
866.632039 0.681708 0.857305 
866.644398 0.632880 0.866277 
868.178651 0.248459 0.673682 
868.318007 0.828199 0.861966 
868.637986 0.175336 0.673183 
869.094877 0.503955 0.963037 
870.550844 0.231594 0.410617 
870.828287 0.203370 0.545381 
871.469524 0.832405 0.664347 
871.652000 0.430042 0.906744 
872.313654 0.632099 0.367976 
875.578404 0.942629 0.333548 
875.778443 0.612585 0.255724 
878.568392 0.211266 0.810764 
878.724206 0.657466 0.670185 
879.111921 0.169445 0.100210 
880.045280 0.489225 0.399266 
880.152231 0.569008 0.044575 
883.597878 0.757216 0.899764 
885.478446 0.467490 0.124442 
889.461989 0.016806 0.651492 
891.489387 0.963575 0.043947 
892.098283 0.829291 0.670528 
894.058101 0.359929 0.160687 
894.249226 0.950052 0.161694 
894.459924 0.515497 0.530398 
894.812114 0.112735 0.355592 
894.816749 0.390219 0.467305 
896.229936 0.538415 0.649428 
897.335356 0.360203 0.402164 
898.026160 0.598681 0.948467 
898.182857 0.100660 0.722577 
898.855910 0.307753 0.168102 
899.767529 0.290057 0.769869 
899.835716 0.916250 0.158528 
903.337116 0.896248 0.402425 
903.859309 0.685225 0.487617 
905.732842 0.503498 0.335031 
905.813099 0.418493 0.023637 
907.258655 0.617899 0.948746 
909.286683 0.978094 0.651501 
910.523199 0.420661 0.834941 
910.913483 0.790298 0.518396 
911.160549 0.895753 0.193494 
911.372790 0.803226 0.084858 
911.597037 0.540899 0.137886 
911.957216 0.220333 0.102251 
912.100742 0.840271 0.910611 
912.307919 0.034349 0.239984 
912.465449 0.963293 0.642040 
912.571453 0.120853 0.620311 
913.356495 0.687267 0.789021 
913.802789 0.006024 0.102725 
917.585938 0.206541 0.132962 
918.202847 0.343175 0.393405 
918.310384 0.830780 0.602953 
918.718947 0.661535 0.706915 
919.613355 0.649800 0.405106 
920.682629 0.160474 0.641376 
921.262131 0.441724 0.355262 
921.415780 0.921832 0.480172 
921.548253 0.339727 0.310023 
921.673833 0.424259 0.340088 
925.094515 0.186123 0.332742 
926.630556 0.469392 0.663202 
927.327029 0.988577 0.139108 
927.466691 0.581773 0.399211 
928.234252 0.264417 0.831479 
928.641943 0.367431 0.002343 
932.961346 0.243157 0.890981 
933.347163 0.502032 0.423717 
934.870753 0.302827 0.494084 
935.326538 0.041079 0.188417 
935.990954 0.248384 0.474537 
936.990807 0.457693 0.806531 
937.684055 0.142500 0.232403 
937.796053 0.554514 0.220886 
941.605400 0.882209 0.457263 
943.241453 0.986058 0.546612 
943.416677 0.260020 0.803746 
944.813927 0.085160 0.980800 
946.478743 0.747338 0.555178 
948.167644 0.946755 0.628094 
948.474037 0.582494 0.762665 
948.661460 0.166560 0.975076 
949.849086 0.909313 0.769595 
954.914816 0.110551 0.685533 
955.186124 0.413632 0.802843 
955.945055 0.223783 0.880445 
958.371385 0.301423 0.554093 
958.406009 0.557637 0.181282 
959.379433 0.861341 0.650418 
959.528196 0.372823 0.791162 
960.555244 0.243366 0.226915 
960.689374 0.392070 0.086997 
961.289110 0.260393 0.707052 
961.429382 0.078472 0.712419 
961.822960 0.469925 0.811680 
961.862425 0.525423 0.276035 
962.321372 0.271941 0.925479 
964.282180 0.022860 0.418461 
964.346119 0.961194 0.052220 
964.970590 0.971509 0.062188 
967.322686 0.433041 0.804373 
969.328486 0.617895 0.245960 
970.124832 0.327953 0.726510 
970.371247 0.933214 0.510984 
970.743644 0.487078 0.671795 
970.979633 0.483875 0.338109 
971.241702 0.529325 0.827971 
971.946733 0.608596 0.581160 
973.232900 0.221158 0.726227 
973.805482 0.031989 0.356881 
974.261936 0.866502 0.855143 
977.384583 0.100863 0.388825 
977.880649 0.263606 0.651486 
978.099231 0.454551 0.296370 
978.334456 0.918691 0.277895 
979.113666 0.022126 0.783010 
979.131320 0.661966 0.243616 
980.083558 0.052906 0.186775 
981.824329 0.522553 0.937609 
982.415418 0.550257 0.232205 
982.524113 0.110256 0.631978 
982.590502 0.547174 0.886239 
982.665455 0.099668 0.190370 
982.858236 0.680862 0.996282 
983.202364 0.355389 0.908063 
984.446568 0.307429 0.230266 
985.277005 0.095032 0.278988 
985.624467 0.691354 0.117124 
986.087155 0.418809 0.906344 
988.655410 0.789071 0.988957 
989.351719 0.505338 0.038221 
990.022504 0.220700 0.274973 
990.108490 0.917890 0.386318 
991.908641 0.874660 0.239767 
992.332713 0.139640 0.701736 
992.761519 0.577946 0.531932 
993.851247 0.153882 0.203185 
996.410730 0.607777 0.931312 
996.474554 0.551559 0.994465 
998.397837 0.321854 0.197848 
998.656568 0.867886 0.504714 
999.050675 0.073994 0.362589 
999.669760 0.585702 0.341376 
1001.401434 0.191751 0.224570 
1001.478977 0.844902 0.403103 
1001.514857 0.240962 0.862352 
1001.936015 0.978577 0.251134 
1003.734713 0.396388 0.163799 
1007.007534 0.988496 0.204779 
1007.040450 0.350594 0.251067 
1007.619814 0.226209 0.226517 
1010.533928 0.071360 0.668379 
1012.054125 0.735580 0.337906 
1012.324614 0.061131 0.036132 
1012.431070 0.743691 0.139637 
1013.256237 0.500615 0.180378 
1013.310533 0.038324 0.822432 
1013.926167 0.517839 0.829378 
1014.831641 0.369958 0.025567 
1016.707416 0.567598 0.939478 
1018.414170 0.777676 0.900161 
1019.873952 0.498690 0.592960 
1020.623733 0.764753 0.258227 
1020.692234 0.534218 0.406056 
1020.788331 0.748339 0.743024 
1022.790345 0.112478 0.055723 
1023.058173 0.846681 0.684109 
1023.911995 0.691417 0.426183 
1024.245249 0.788672 0.379035 
1024.728896 0.127533 0.491739 
1025.224238 0.191000 0.502556 
1025.419818 0.930961 0.439663 
1025.690547 0.613330 0.322983 
1025.743876 0.924257 0.663823 
1025.794630 0.217313 0.072776 
1025.800201 0.208758 0.267842 
1026.916480 0.856229 0.413539 
1027.857050 0.756790 0.624001 
1028.702961 0.511399 0.390757 
1028.878350 0.272166 0.030285 
1030.464113 0.730086 0.455591 
1031.932436 0.162257 0.151531 
1032.381975 0.415627 0.761766 
1037.238396 0.783150 0.674532 
1037.278441 0.681986 0.582157 
1038.330982 0.302809 0.989600 
1038.367003 0.889532 0.295807 
1039.220829 0.475520 0.434568 
1040.310880 0.221097 0.475882 
1040.458218 0.245867 0.887313 
1041.937272 0.514995 0.072566 
1044.757828 0.262144 0.497317 
1046.044589 0.762349 0.195686 
1046.692092 0.882903 0.183551 
1047.271280 0.288936 0.143876 
1048.210002 0.502078 0.310115 
1049.047075 0.955732 0.341726 
1051.334166 0.047059 0.787121 
1051.886742 0.897445 0.008029 
1053.564179 0.739876 0.033966 
1054.305009 0.463711 0.864389 
1054.596996 0.754901 0.430137 
1056.974938 0.526852 0.970555 
1057.031382 0.843356 0.744333 
1057.142995 0.972490 0.489025 
1059.301027 0.878829 0.501334 
1060.148738 0.533736 0.159302 
1060.528570 0.748304 0.159203 
1061.721273 0.809486 0.242178 
1062.295115 0.711110 0.775869 
1063.852476 0.045737 0.341825 
1064.146875 0.956857 0.256673 
1064.264729 0.244252 0.372225 
1064.354151 0.145167 0.020711 
1065.246434 0.171811 0.436774 
1065.483819 0.630789 0.692615 
1066.724273 0.946482 0.650754 
1067.918277 0.364865 0.654180 
1070.237268 0.397442 0.592065 
1072.779317 0.187004 0.895323 
1073.414775 0.062109 0.047366 
1077.696166 0.492280 0.549176 
1077.811091 0.233043 0.748040 
1078.790867 0.863034 0.851013 
1078.933997 0.154354 0.946715 
1079.371123 0.412788 0.027301 
1080.596688 0.376540 0.297200 
1080.743416 0.295396 0.597443 
1081.235363 0.916961 0.315677 
1084.292444 0.961678 0.761379 
1088.288481 0.454331 0.593553 
1089.128571 0.129087 0.882543 
1089.626441 0.046998 0.267086 
1090.271224 0.749972 0.599934 
1091.520636 0.138389 0.829350 
1092.424746 0.314847 0.927615 
1096.755977 0.319964 0.539644 
1098.406287 0.466596 0.863053 
1098.568608 0.597349 0.088802 
1099.331393 0.083065 0.858599 
1099.408005 0.677158 0.254364 
1099.933802 0.546966 0.420220 
1102.229040 0.704321 0.410453 
1104.277166 0.279381 0.869647 
1105.231729 0.715884 0.706263 
1106.043175 0.141569 0.776598 
1107.304808 0.015071 0.550190 
1107.317615 0.375537 0.759906 
1108.744783 0.903170 0.517741 
1108.882301 0.155998 0.595862 
1109.416873 0.637212 0.228974 
1111.373640 0.933568 0.988392 
1111.465709 0.256901 0.388610 
1112.729128 0.183246 0.943097 
1115.929491 0.458809 0.275782 
1116.612973 0.417065 0.238018 
1118.017017 0.011670 0.512539 
1118.778677 0.825020 0.972107 
1120.897387 0.945879 0.235309 
1121.760471 0.225458 0.385105 
1123.417264 0.461436 0.149196 
1124.646534 0.868696 0.281614 
1125.019429 0.324438 0.633651 
1125.191250 0.818724 0.370905 
1126.631274 0.812778 0.852550 
1127.474262 0.268399 0.733098 
1128.312533 0.135087 0.900869 
1128.501407 0.515036 0.872343 
1128.514604 0.374130 0.428033 
1128.937408 0.206697 0.822899 
1129.334685 0.454992 0.576492 
1130.237214 0.452746 0.703644 
1134.089615 0.244751 0.452001 
1135.472424 0.770917 0.976436 
1137.082669 0.060461 0.706799 
1139.006867 0.543501 0.705487 
1141.721144 0.881604 0.516111 
1142.454043 0.590716 0.736374 
1143.639951 0.249427 0.648530 
1143.963792 0.444003 0.431035 
1145.018649 0.163302 0.315197 
1145.698723 0.982802 0.152355 
1146.447681 0.688096 0.432041 
1146.635627 0.466368 0.849091 
1147.250748 0.266205 0.533747 
1149.226827 0.146826 0.299047 
1149.241004 0.578416 0.823844 
1152.582965 0.289752 0.428956 
1153.411005 0.982058 0.265073 
1154.325086 0.491304 0.232312 
1155.935696 0.579333 0.284087 
1160.709622 0.817030 0.775177 
1161.131864 0.715514 0.727655 
1161.732656 0.658413 0.454426 
1162.910542 0.191113 0.483248 
1162.966628 0.038401 0.360583 
1164.712524 0.137867 0.024401 
1165.759022 0.526404 0.940170 
1166.492694 0.287127 0.634576 
1166.739057 0.150285 0.772951 
1166.877502 0.680769 0.550385 
1167.125906 0.277516 0.493176 
1167.487333 0.965471 0.660435 
1169.937987 0.535769 0.217389 
1170.349983 0.010069 0.522965 
1170.380978 0.348587 0.696063 
1170.812998 0.589442 0.058731 
1172.889672 0.653413 0.701993 
1173.389070 0.461742 0.842165 
1174.577629 0.642253 0.693908 
1176.761128 0.567071 0.072230 
1177.250821 0.992656 0.358979 
1177.271328 0.755007 0.381373 
1177.825259 0.832454 0.857784 
1178.306983 0.843450 0.482698 
1178.722127 0.189321 0.512340 
1179.184020 0.638753 0.711306 
1179.824282 0.650124 0.042205 
1179.954580 0.071265 0.202952 
1180.238022 0.016443 0.431709 
1182.026234 0.700144 0.710844 
1182.857385 0.514642 0.085715 
1183.418000 0.534522 0.627202 
1183.431392 0.772724 0.327959 
1183.473970 0.559983 0.378498 
1184.191427 0.151483 0.546343 
1184.504596 0.501749 0.431681 
1184.531795 0.253376 0.063731 
1189.183659 0.333272 0.953990 
1189.480447 0.876476 0.167621 
1189.707688 0.236909 0.027175 
1193.305984 0.020716 0.449287 
1193.596596 0.104423 0.945372 
1194.991256 0.045909 0.026559 
1195.161404 0.040058 0.613589 
1195.634674 0.352127 0.899037 
1197.767119 0.596102 0.963875 
1198.619798 0.426882 0.671055 
1198.895873 0.949518 0.048879 
1199.034280 0.842703 0.956333 
1199.648450 0.645682 0.580133 
1199.797466 0.247744 0.789796 
1200.447010 0.022905 0.247108 
1200.559624 0.439011 0.407674 
1201.689233 0.202196 0.874479 
1201.738065 0.536342 0.558646 
1202.628027 0.016907 0.828771 
1203.205798 0.940100 0.018087 
1203.445168 0.073556 0.504333 
1203.463229 0.385627 0.538642 
1203.717824 0.218634 0.924915 
1207.176796 0.175691 0.187090 
1207.718329 0.500184 0.124219 
1209.615012 0.948740 0.417092 
1211.047324 0.645999 0.203424 
1216.522699 0.169486 0.835227 
1218.875869 0.462227 0.921782 
1219.675575 0.975484 0.731627 
1220.802015 0.006933 0.302851 
1220.944227 0.699977 0.019872 
1220.989909 0.039793 0.586016 
1221.292324 0.348421 0.100107 
1222.073500 0.767478 0.191104 
1223.690616 0.471830 0.348418 
1224.516258 0.300238 0.420833 
1224.650549 0.556752 0.160268 
1226.489012 0.504628 0.308475 
1227.420092 0.264754 0.003974 
1227.537056 0.117880 0.047741 
1227.579643 0.582452 0.525652 
1230.015374 0.999329 0.707762 
1230.462964 0.263737 0.073271 
1231.283019 0.091049 0.007290 
1231.755332 0.326310 0.814744 
1232.537356 0.089213 0.069983 
1233.279677 0.392514 0.315860 
1233.840556 0.738238 0.591136 
1237.463836 0.899285 0.505946 
1237.977351 0.451631 0.129653 
1238.206405 0.761219 0.853254 
1238.327711 0.407311 0.837101 
1238.667929 0.243969 0.298540 
1238.941258 0.374162 0.807189 
1239.805532 0.141482 0.335858 
1240.007296 0.467450 0.222017 
1240.623927 0.278305 0.214134 
1240.681242 0.265366 0.100226 
1241.879244 0.243371 0.759447 
1242.233805 0.899343 0.378742 
1242.372554 0.796669 0.261770 
1246.601953 0.039384 0.513189 
1247.414260 0.598208 0.280068 
1249.432779 0.375960 0.666395 
1249.465299 0.666370 0.062021 
1249.567688 0.048966 0.951680 
1250.642375 0.040463 0.241021 
1250.861270 0.534485 0.529641 
1251.659657 0.690568 0.362730 
1251.818137 0.810747 0.010992 
1252.168478 0.243759 0.517112 
1252.415373 0.198889 0.947024 
1253.224017 0.562509 0.262819 
1253.995977 0.596091 0.354641 
1254.381049 0.648434 0.994716 
1257.398569 0.872042 0.884800 
1258.906909 0.067151 0.600751 
1259.056249 0.229601 0.093215 
1261.100753 0.728912 0.254617 
1261.264355 0.371473 0.166410 
1265.887278 0.466829 0.412521 
1266.899723 0.545993 0.977214 
1267.550815 0.892286 0.323311 
1267.618294 0.778139 0.553550 
1267.745145 0.347147 0.141146 
1270.568517 0.658376 0.690385 
1271.175601 0.164128 0.489051 
1272.198954 0.652937 0.976138 
1273.746741 0.008837 0.546713 
1274.199818 0.759344 0.996440 
1275.449773 0.227021 0.555460 
1276.252647 0.673805 0.117513 
1276.460626 0.184478 0.458842 
1278.532033 0.761520 0.316148 
1278.697614 0.185787 0.668989 
1279.030396 0.116954 0.409760 
1280.348533 0.250250 0.164248 
1280.899000 0.369501 0.139450 
1281.599438 0.938502 0.478179 
1281.960979 0.835215 0.196287 
1282.931291 0.201850 0.635762 
1283.248396 0.985941 0.741024 
1286.076558 0.708072 0.024370 
1288.456964 0.833110 0.328284 
1288.849169 0.062156 0.456889 
1289.407911 0.087994 0.725652 
1289.708246 0.917697 0.826436 
1289.824045 0.955626 0.864588 
1289.989691 0.766341 0.289008 
1291.442246 0.572457 0.917647 
1291.496421 0.106927 0.921409 
1291.971769 0.384374 0.763370 
1291.999976 0.754251 0.920534 
1292.121820 0.783030 0.257971 
1294.925474 0.784000 0.634944 
1295.910726 0.817953 0.347173 
1297.538009 0.404583 0.586027 
1299.062028 0.839569 0.047252 
1300.326103 0.909536 0.571116 
1300.748597 0.946108 0.417285 
1300.849028 0.644681 0.008123 
1301.375208 0.383894 0.058341 
1301.659039 0.009347 0.341483 
1303.391847 0.807897 0.846850 
1303.705169 0.477807 0.312109 
1304.043511 0.796272 0.896331 
1304.280610 0.975206 0.336892 
1304.967096 0.894920 0.616204 
1305.256286 0.416243 0.876430 
1306.545809 0.384571 0.015085 
1306.572713 0.778689 0.156430 
1308.756915 0.867247 0.058924 
1310.422167 0.751204 0.016960 
1316.027064 0.884912 0.255069 
1316.459043 0.135532 0.469131 
1317.071498 0.377288 0.371424 
1317.527344 0.866159 0.792656 
1318.188652 0.969720 0.236411 
1318.663437 0.999861 0.316529 
1319.943835 0.863552 0.090496 
1321.235640 0.968083 0.608079 
1328.014862 0.977460 0.938079 
1328.028357 0.042829 0.601182 
1328.179274 0.209219 0.253063 
1329.564826 0.557984 0.998109 
1332.054612 0.823695 0.977472 
1332.414772 0.534670 0.043191 
1332.928754 0.361492 0.412103 
1333.488980 0.130865 0.843219 
1333.753520 0.992650 0.649826 
1334.384179 0.786054 0.932171 
1334.630688 0.512131 0.954224 
1337.502203 0.994676 0.910527 
1337.599143 0.549892 0.163289 
1337.640281 0.369218 0.134039 
1337.875251 0.676830 0.399971 
1339.837394 0.370379 0.809414 
1343.269691 0.011674 0.569049 
1343.866280 0.028621 0.013646 
1344.514625 0.749089 0.210084 
1346.495915 0.531141 0.153001 
1350.787663 0.921437 0.425246 
1351.981508 0.216375 0.337707 
1353.132107 0.028143 0.015303 
1353.479183 0.701817 0.308836 
1354.782676 0.113013 0.544073 
1356.267111 0.460380 0.026066 
1356.616616 0.447254 0.678428 
1358.944598 0.979525 0.330339 
1359.483037 0.657670 0.657564 
1360.848287 0.884854 0.705785 
1360.976458 0.549530 0.446095 
1362.934350 0.804787 0.412905 
1363.364775 0.723763 0.362013 
1363.419297 0.817003 0.039007 
1364.213821 0.664568 0.398557 
1365.255653 0.223066 0.454076 
1368.041186 0.848143 0.448461 
1368.295425 0.652725 0.432720 
1368.731329 0.801495 0.451160 
1369.395790 0.133951 0.323001 
1369.734224 0.839540 0.616459 
1369.985184 0.020286 0.462554 
1374.149233 0.711012 0.393842 
1374.438633 0.963178 0.968825 
1375.009949 0.998376 0.408453 
1377.374426 0.634544 0.708018 
1378.291643 0.418102 0.241173 
1379.003763 0.974043 0.208534 
1379.200547 0.360810 0.553068 
1380.345756 0.520194 0.400292 
1381.340345 0.605120 0.925642 
1384.201060 0.117165 0.442279 
1384.311851 0.069140 0.513700 
1385.805216 0.934907 0.385808 
1386.353769 0.528422 0.840831 
1387.083040 0.792197 0.510169 
1387.267325 0.070241 0.659080 
1387.527062 0.008171 0.704814 
1387.923048 0.801960 0.950299 
1389.517164 0.642591 0.961305 
1391.532108 0.652795 0.907285 
1391.536100 0.980025 0.932366 
1391.875291 0.726496 0.304239 
1392.361289 0.861092 0.103285 
1392.592195 0.336038 0.170279 
1394.452298 0.091395 0.235171 
1394.523157 0.290106 0.740289 
1395.289307 0.037075 0.393516 
1395.392460 0.076555 0.327497 
1398.999433 0.496323 0.336367 
1399.185595 0.059258 0.209214 
1400.469079 0.661770 0.699924 
1401.456862 0.556838 0.178457 
1403.365938 0.893344 0.782525 
1405.494690 0.024969 0.469468 
1405.518372 0.207374 0.066233 
1405.744735 0.643268 0.563277 
1407.356365 0.364378 0.242318 
1407.829841 0.481965 0.129282 
1408.014418 0.791178 0.568634 
1408.857129 0.384868 0.688185 
1409.778761 0.854300 0.425641 
1409.930934 0.292820 0.159002 
1410.998236 0.861733 0.026700 
1411.889838 0.892294 0.504803 
1413.607367 0.035512 0.762486 
1413.816284 0.372882 0.378269 
1414.582817 0.901160 0.157608 
1415.541090 0.647212 0.968348 
1415.788436 0.728240 0.543855 
1416.918908 0.872156 0.040445 
1417.060827 0.884212 0.673918 
1417.639669 0.348992 0.858762 
1419.214018 0.327954 0.608756 
1419.380859 0.361379 0.640490 
1420.037272 0.494133 0.763200 
1420.338021 0.219431 0.428041 
1421.999406 0.547005 0.716353 
1423.089781 0.896877 0.646409 
1423.593057 0.919902 0.024976 
1423.724979 0.997584 0.104288 
1425.814614 0.610264 0.253917 
1425.904869 0.605392 0.922272 
1425.953415 0.070143 0.557152 
1427.777228 0.631513 0.472632 
1428.094418 0.628637 0.602219 
1428.797351 0.434248 0.006846 
1430.358595 0.074782 0.581286 
1432.403791 0.367503 0.728603 
1433.664676 0.729356 0.383991 
1433.795235 0.141911 0.866823 
1435.144754 0.492456 0.278959 
1436.052858 0.630128 0.164991 
1437.001573 0.266796 0.829580 
1437.772413 0.846107 0.600033 
1437.819081 0.414591 0.007469 
1438.033342 0.219229 0.955913 
1440.974191 0.138191 0.890867 
1443.792583 0.619267 0.373365 
1444.504587 0.631658 0.454711 
1444.577127 0.103522 0.714534 
1444.681824 0.164302 0.709186 
1444.707343 0.880848 0.075203 
1445.542343 0.202539 0.119612 
1446.314175 0.577838 0.820045 
1447.254934 0.534447 0.774043 
1448.553057 0.018154 0.749230 
1448.663019 0.572431 0.802050 
1450.792567 0.278607 0.339324 
1450.863326 0.822259 0.628780 
1452.153847 0.811406 0.366776 
1452.959349 0.579137 0.833853 
1453.020013 0.161877 0.246247 
1453.175143 0.540638 0.657652 
1453.724377 0.811597 0.176037 
1456.367197 0.808683 0.261541 
1457.024882 0.253526 0.133357 
1459.419001 0.401771 0.093372 
1459.893114 0.854419 0.411414 
1460.400970 0.849817 0.628050 
1460.471549 0.063121 0.720282 
1461.307506 0.594456 0.029776 
1461.549208 0.267219 0.275567 
1463.596513 0.727567 0.037575 
1464.688348 0.061780 0.291172 
1466.561191 0.535047 0.219459 
1467.180861 0.547814 0.936265 
1468.505617 0.682919 0.329747 
1469.424249 0.222066 0.650871 
1470.057678 0.930138 0.003898 
1472.264598 0.773832 0.139247 
1473.843673 0.794871 0.042435 
1475.302648 0.931180 0.709533 
1475.950861 0.907714 0.339098 
1476.965404 0.866641 0.763085 
1480.851012 0.415497 0.848313 
1481.029218 0.308583 0.816316 
1482.198369 0.138687 0.683926 
1482.277766 0.872645 0.016737 
1484.793419 0.426219 0.072559 
1485.014214 0.470729 0.076169 
1486.993475 0.946561 0.621186 
1490.661270 0.643651 0.770122 
1495.178446 0.473199 0.844032 
1496.054242 0.189693 0.493151 
1496.057976 0.937518 0.015186 
1496.739701 0.054558 0.626439 
1496.750528 0.436230 0.806152 
1499.380755 0.855088 0.503230 
1499.769592 0.745902 0.241655 
1500.508161 0.126233 0.905792 
1500.913610 0.368826 0.979419 
1501.791430 0.413241 0.833479 
1502.701245 0.638245 0.824069 
1503.247571 0.175319 0.607948 
1503.260755 0.439185 0.161345 
1503.313893 0.690693 0.309585 
1504.801991 0.328882 0.987227 
1508.626969 0.283528 0.611697 
1509.926640 0.509553 0.381649 
1512.290452 0.478281 0.338483 
1512.772804 0.238527 0.956471 
1512.951981 0.847741 0.441178 
1513.662512 0.870386 0.672729 
1514.138950 0.282652 0.207620 
1514.849989 0.062112 0.830028 
1515.591380 0.902378 0.459922 
1516.539225 0.587813 0.093014 
1517.217945 0.536180 0.753358 
1520.522842 0.395068 0.519456 
1520.582628 0.936237 0.863435 
1521.110173 0.994736 0.580935 
1521.317132 0.355634 0.346442 
1523.266626 0.234591 0.898800 
1524.626328 0.304291 0.352610 
1527.108187 0.037975 0.221897 
1530.043391 0.356523 0.569420 
1530.520025 0.777229 0.990887 
1530.732881 0.202825 0.669839 
1531.493308 0.285269 0.223882 
1531.544870 0.587358 0.902708 
1531.714550 0.459057 0.446667 
1532.625881 0.845412 0.852969 
1532.839940 0.529723 0.271802 
1532.846990 0.233173 0.648082 
1533.086792 0.665718 0.516223 
1535.849461 0.879738 0.045960 
1536.548845 0.915341 0.564410 
1537.125246 0.160490 0.284729 
1538.963482 0.204698 0.799745 
1540.358919 0.495448 0.949116 
1541.323783 0.066836 0.762960 
1543.233949 0.579265 0.840812 
1543.278677 0.629509 0.765399 
1543.446537 0.539070 0.980934 
1544.075181 0.052928 0.854772 
1544.866148 0.772094 0.752964 
1544.954750 0.119593 0.779591 
1545.858742 0.046375 0.215209 
1546.009841 0.275772 0.490884 
1546.601038 0.892635 0.653800 
1546.759483 0.530671 0.079298 
1547.365478 0.140674 0.847899 
1547.788178 0.823390 0.011844 
1547.860875 0.923051 0.905286 
1548.959664 0.324729 0.823336 
1549.024556 0.292563 0.714579 
1549.225692 0.226154 0.062508 
1549.315911 0.481846 0.281730 
1550.416106 0.854576 0.067629 
1554.568617 0.160577 0.784864 
1558.073920 0.123135 0.552224 
1559.583686 0.075217 0.951876 
1562.050762 0.130088 0.089659 
1562.943576 0.373787 0.973263 
1563.134081 0.975792 0.674921 
1563.366084 0.571016 0.209538 
1564.118534 0.219049 0.718878 
1564.132393 0.209530 0.832397 
1564.451953 0.440077 0.467075 
1564.552303 0.982660 0.261272 
1565.626642 0.920740 0.316146 
1566.121367 0.121879 0.984627 
1568.894349 0.258218 0.332753 
1569.790387 0.522904 0.554415 
1569.804938 0.114245 0.585529 
1569.865488 0.182573 0.337454 
1570.756887 0.839961 0.139365 
1572.873424 0.047901 0.049753 
1573.575255 0.680073 0.308351 
1577.888410 0.268813 0.869302 
1577.891836 0.423065 0.713649 
1577.931373 0.227003 0.373569 
1580.077585 0.586013 0.584479 
1581.274121 0.793466 0.858174 
1582.315994 0.031508 0.106823 
1582.825196 0.297555 0.908514 
1583.080364 0.877498 0.242777 
1583.571657 0.200939 0.275291 
1585.028645 0.662281 0.986362 
1585.519073 0.510904 0.704442 
1587.465961 0.554910 0.291523 
1589.764775 0.527315 0.974031 
1590.780350 0.634284 0.947094 
1592.780515 0.018749 0.804230 
1596.999613 0.743286 0.469647 
1598.854330 0.510303 0.429098 
1603.002484 0.318681 0.579878 
1604.188905 0.252659 0.237418 
1604.482333 0.955438 0.190497 
1606.083044 0.688143 0.064751 
1606.792829 0.857540 0.869359 
1606.816509 0.673616 0.032149 
1607.191052 0.408519 0.511102 
1607.785760 0.241802 0.582395 
1609.237083 0.937975 0.312222 
1609.569934 0.024914 0.452344 
1610.675360 0.096999 0.999859 
1610.676470 0.257657 0.572425 
1610.685763 0.188130 0.098163 
1610.854871 0.789587 0.366527 
1612.383011 0.602521 0.411579 
1612.385583 0.905864 0.059098 
1612.905548 0.128354 0.212420 
1612.992244 0.972596 0.961185 
1613.278459 0.130015 0.707302 
1613.661467 0.814323 0.127498 
1616.182313 0.678889 0.498021 
1617.453442 0.857242 0.913947 
1618.012618 0.335851 0.859317 
1618.755622 0.884176 0.299889 
1619.742112 0.083302 0.913645 
1620.757193 0.230265 0.011526 
1621.217783 0.342217 0.738629 
1622.027943 0.288244 0.338105 
1622.193178 0.620299 0.952748 
1622.681905 0.733359 0.533372 
1623.534644 0.328399 0.489992 
1623.729062 0.078269 0.302192 
1625.009398 0.619345 0.281221 
1625.468353 0.239177 0.692937 
1628.012191 0.244789 0.165464 
1628.128477 0.183044 0.727603 
1628.389429 0.113836 0.384575 
1630.979894 0.117972 0.219937 
1631.167442 0.068211 0.112153 
1632.557539 0.134201 0.298126 
1632.691353 0.032282 0.516995 
1632.756046 0.630211 0.267150 
1633.412181 0.676626 0.327254 
1633.494210 0.599329 0.281472 
1634.289529 0.945546 0.912668 
1635.145813 0.045987 0.314628 
1635.661037 0.491897 0.076780 
1635.923500 0.849936 0.362918 
1636.118426 0.952465 0.445199 
1636.318142 0.690586 0.307789 
1638.241428 0.425961 0.823262 
1639.850274 0.104808 0.963654 
1641.329674 0.815127 0.993771 
1641.418672 0.872667 0.369266 
1641.553584 0.315612 0.786018 
1644.713602 0.094039 0.321427 
1646.643483 0.873728 0.988216 
1649.323846 0.949572 0.041556 
1649.819985 0.369767 0.753659 
1650.261539 0.847859 0.516087 
1650.397336 0.426916 0.696063 
1650.617498 0.716373 0.082675 
1656.334672 0.254797 0.781202 
1656.895444 0.648023 0.368514 
1657.400260 0.826550 0.260332 
1657.859354 0.282359 0.270226 
1657.921289 0.183782 0.668604 
1657.981576 0.117359 0.624371 
1662.070112 0.658546 0.551101 
1663.750249 0.762565 0.976620 
1663.928131 0.521041 0.321327 
1665.113871 0.798133 0.314287 
1666.499607 0.277407 0.137827 
1668.229887 0.151885 0.857209 
1669.027312 0.757742 0.733887 
1669.502466 0.496616 0.810741 
1669.933542 0.981960 0.036822 
1670.399422 0.032865 0.302919 
1670.902934 0.079689 0.504523 
1671.850088 0.284062 0.069080 
1672.430958 0.488874 0.400763 
1672.777621 0.604827 0.510894 
1674.835143 0.254969 0.101874 
1674.878266 0.913614 0.433408 
1676.608028 0.710576 0.118740 
1676.649649 0.903989 0.456696 
1677.969652 0.019025 0.932797 
1678.519034 0.011519 0.265375 
1678.546460 0.484795 0.800597 
1678.973974 0.970435 0.441317 
1679.747348 0.108078 0.489666 
1679.873042 0.987945 0.715685 
1679.996937 0.825575 0.017207 
1681.429700 0.270511 0.318045 
1682.504301 0.416188 0.271971 
1683.405582 0.659088 0.958435 
1683.849807 0.533363 0.320521 
1684.586530 0.145950 0.750086 
1685.758054 0.277339 0.382674 
1686.224146 0.886456 0.215275 
1688.040849 0.231759 0.541543 
1690.803044 0.044485 0.939003 
1693.586161 0.821881 0.698994 
1694.060148 0.844933 0.839704 
1694.210701 0.966849 0.665234 
1694.726804 0.343571 0.293248 
1696.988326 0.110594 0.235715 
1697.367547 0.276155 0.417485 
1697.996968 0.426128 0.902725 
1698.658642 0.597036 0.700609 
1701.525653 0.434886 0.782631 
1702.200425 0.702423 0.237667 
1702.585378 0.402201 0.896061 
1702.797895 0.008274 0.212298 
1703.065468 0.790357 0.151967 
1703.405186 0.352848 0.874121 
1704.900061 0.042611 0.112233 
1705.279326 0.154215 0.519428 
1706.877365 0.622036 0.408377 
1709.934375 0.917673 0.336055 
1710.339224 0.745259 0.430418 
1710.587248 0.440278 0.378326 
1710.693485 0.555815 0.259141 
1711.301228 0.063861 0.806359 
1711.705847 0.176623 0.528016 
1712.134409 0.560545 0.751315 
1713.987105 0.037929 0.759372 
1720.286799 0.225468 0.958376 
1720.399923 0.017263 0.173344 
1723.082811 0.389557 0.468473 
1723.544391 0.961376 0.754147 
1724.065269 0.891162 0.641080 
1724.282802 0.635067 0.613224 
1726.889143 0.350683 0.176615 
1727.133234 0.389304 0.972187 
1728.179194 0.551281 0.131948 
1728.236633 0.317282 0.850162 
1730.606590 0.437532 0.564536 
1731.460946 0.110981 0.712968 
1735.456238 0.749443 0.113122 
1736.581781 0.007042 0.032831 
1736.980924 0.637285 0.182519 
1737.063394 0.672895 0.004924 
1739.132246 0.502418 0.702120 
1739.422232 0.556019 0.987383 
1739.766527 0.651572 0.796916 
1739.779962 0.691964 0.801880 
1739.829226 0.751073 0.882978 
1740.769146 0.657619 0.418360 
1741.015115 0.724394 0.598495 
1741.063057 0.011699 0.088626 
1741.931558 0.579042 0.366739 
1742.182355 0.126608 0.125750 
1742.986166 0.531327 0.324739 
1743.939069 0.503765 0.238950 
1744.593015 0.778169 0.355056 
1745.189188 0.094217 0.802180 
1746.059335 0.509800 0.556711 
1747.293631 0.102597 0.566918 
1748.613124 0.161830 0.579488 
1751.076515 0.591545 0.151333 
1752.667163 0.423955 0.682490 
1754.379729 0.220640 0.994178 
1755.660191 0.223028 0.852009 
1755.746648 0.784715 0.254659 
1755.808847 0.995666 0.377716 
1756.548558 0.568586 0.123433 
1757.023896 0.569339 0.481227 
1759.351203 0.480569 0.301980 
1760.020117 0.067160 0.761002 
1760.657680 0.392991 0.041298 
1760.811593 0.748116 0.043676 
1760.843139 0.625806 0.290241 
1762.663751 0.681283 0.074203 
1764.541493 0.489582 0.032026 
1765.895315 0.230082 0.099556 
1767.433392 0.420638 0.705929 
1768.586001 0.673083 0.492862 
1775.420689 0.352754 0.981698 
1775.550707 0.321791 0.185952 
1775.693097 0.836670 0.048077 
1775.756903 0.536206 0.522528 
1778.182432 0.838431 0.871908 
1778.565000 0.472934 0.974489 
1785.003950 0.992630 0.656046 
1788.324504 0.543351 0.371704 
1788.378690 0.411114 0.105140 
1793.692946 0.659043 0.927186 
1795.709584 0.010382 0.143395 
1796.443643 0.294490 0.427054 
1796.483695 0.148160 0.174077 
1797.165182 0.385386 0.839039 
1797.223607 0.035535 0.672006 
1799.271363 0.869927 0.737582 
1800.792096 0.146432 0.064287 
1800.974477 0.131195 0.196694 
1802.583733 0.953431 0.892040 
1803.631314 0.123761 0.134062 
1804.208658 0.789306 0.060276 
1805.209599 0.715869 0.377794 
1805.692750 0.265575 0.070430 
1806.111430 0.937559 0.419985 
1809.738542 0.804330 0.148484 
1811.122837 0.058383 0.045585 
1811.128809 0.376035 0.284629 
1813.766471 0.651061 0.750995 
1815.868463 0.595308 0.719946 
1816.218512 0.411022 0.154767 
1816.429981 0.436890 0.876706 
1816.752192 0.277242 0.653133 
1817.707521 0.239490 0.675835 
1818.767788 0.952655 0.759756 
1819.473991 0.639182 0.880206 
1823.184501 0.825206 0.447050 
1823.375547 0.295861 0.481774 
1824.141047 0.019915 0.658559 
1824.488308 0.072059 0.912865 
1825.016141 0.324838 0.978443 
1828.127102 0.425172 0.046943 
1829.543492 0.482390 0.836482 
1830.354693 0.566841 0.230371 
1831.444047 0.046371 0.683260 
1831.723998 0.057921 0.493934 
1831.893209 0.916519 0.492469 
1832.411446 0.746223 0.952842 
1833.065354 0.019624 0.153719 
1835.609549 0.909521 0.831573 
1836.448564 0.779504 0.825710 
1837.672185 0.212360 0.363786 
1839.842127 0.285053 0.900156 
1840.176483 0.311565 0.603127 
1843.114656 0.854353 0.223202 
1844.417162 0.016857 0.415066 
1844.704302 0.241398 0.942927 
1844.992379 0.818131 0.234839 
1846.507992 0.503372 0.484264 
1847.563120 0.805154 0.596192 
1852.208478 0.966238 0.595303 
1852.538689 0.850059 0.072131 
1852.752517 0.729089 0.001399 
1853.153874 0.377859 0.133174 
1853.221816 0.035229 0.392162 
1853.690993 0.325390 0.065323 
1854.469217 0.908957 0.293441 
1855.294945 0.929016 0.863244 
1858.431385 0.931739 0.956666 
1859.981644 0.070704 0.600153 
1863.990976 0.084390 0.379477 
1865.693575 0.276363 0.439674 
1865.753534 0.531524 0.464300 
1866.619095 0.831211 0.745128 
1867.771399 0.660277 0.440580 
1868.541837 0.353494 0.636642 
1870.166673 0.281741 0.338342 
1870.979083 0.878985 0.333404 
1871.317686 0.883364 0.597765 
1875.105027 0.163745 0.007829 
1876.453081 0.403807 0.842587 
1877.699989 0.117389 0.447115 
1877.744582 0.089808 0.584809 
1879.544650 0.306852 0.758590 
1879.884752 0.214089 0.188029 
1879.938666 0.236823 0.409565 
1881.031263 0.284884 0.679664 
1882.037795 0.925379 0.427146 
1883.731356 0.576381 0.226634 
1883.902050 0.102346 0.475619 
1885.142033 0.399680 0.688864 
1886.417483 0.219338 0.991971 
1886.528187 0.679905 0.786712 
1887.250601 0.200901 0.097143 
1887.682239 0.256371 0.424698 
1889.416948 0.939060 0.101481 
1889.534499 0.162001 0.397936 
1890.397110 0.221653 0.091301 
1890.436628 0.977644 0.230100 
1890.584985 0.556006 0.892163 
1890.591115 0.654808 0.455694 
1891.574097 0.192002 0.935123 
1892.024400 0.761942 0.573915 
1892.633634 0.968651 0.386827 
1894.765049 0.112654 0.382154 
1895.476270 0.441271 0.238744 
1897.991215 0.237181 0.347387 
1898.799904 0.495542 0.428780 
1899.594198 0.030943 0.028815 
1899.847095 0.116217 0.085531 
1900.201035 0.910779 0.273879 
1900.375227 0.930728 0.577611 
1900.506279 0.527034 0.020460 
1900.757587 0.681819 0.395419 
1902.341257 0.387088 0.381055 
1904.798621 0.101212 0.164797 
1905.005191 0.856258 0.040413 
1905.702566 0.142273 0.731296 
1908.435689 0.004563 0.550370 
1908.745624 0.283843 0.640206 
1912.581025 0.555074 0.511408 
1913.727088 0.574058 0.582148 
1916.028077 0.028859 0.283536 
1916.989837 0.377624 0.290878 
1919.017615 0.400145 0.748232 
1919.143542 0.922522 0.205140 
1919.152564 0.690941 0.256399 
1920.917211 0.398704 0.953132 
1921.003956 0.586062 0.211707 
1921.333554 0.460234 0.649523 
1921.393996 0.422420 0.181093 
1921.599030 0.416374 0.713239 
1922.108167 0.274867 0.984875 
1922.729689 0.395186 0.432203 
1922.779322 0.746647 0.698584 
1922.858100 0.495511 0.318545 
1923.614105 0.392483 0.591689 
1924.456073 0.428938 0.810486 
1924.779552 0.707698 0.712057 
1925.590531 0.621660 0.536187 
1927.763024 0.637992 0.566239 
1928.791441 0.802957 0.396071 
1928.854600 0.197049 0.043042 
1930.158308 0.336211 0.963347 
1931.566948 0.157397 0.131848 
1933.360079 0.335092 0.973488 
1933.448976 0.486610 0.057221 
1934.123410 0.689824 0.327945 
1934.245895 0.937017 0.191643 
1934.656255 0.351232 0.412415 
1936.257937 0.835813 0.391334 
1938.544645 0.432177 0.783715 
1939.302109 0.023140 0.930999 
1940.395078 0.265787 0.800602 
1940.439909 0.835530 0.225369 
1940.571112 0.831887 0.288938 
1941.121278 0.642512 0.358105 
1941.316153 0.167508 0.299882 
1941.897902 0.100412 0.266934 
1942.233965 0.190379 0.606665 
1943.579983 0.220204 0.531374 
1946.085913 0.765326 0.389277 
1946.308681 0.194699 0.074033 
1948.979706 0.011117 0.059444 
1949.967749 0.956330 0.028371 
1951.128220 0.507692 0.331043 
1954.165380 0.088818 0.414374 
1954.247055 0.580985 0.446615 
1954.614519 0.901464 0.547404 
1955.073950 0.878203 0.272838 
1955.717811 0.508327 0.973027 
1955.754239 0.073863 0.381192 
1958.160791 0.638839 0.399206 
1958.367088 0.247417 0.280081 
1959.325709 0.681148 0.581487 
1959.467679 0.250704 0.748854 
1960.862672 0.352666 0.593734 
1961.817969 0.625453 0.862018 
1962.158003 0.544317 0.566732 
1964.333073 0.695709 0.506434 
1964.373438 0.289897 0.012669 
1965.149805 0.076008 0.144245 
1965.467081 0.318461 0.657981 
1966.236649 0.159515 0.045597 
1967.024413 0.833464 0.571516 
1967.332493 0.137815 0.952419 
1967.772249 0.379902 0.110122 
1971.705221 0.101468 0.665567 
1972.003123 0.691971 0.367118 
1972.516963 0.982718 0.990565 
1973.589063 0.972390 0.386855 
1974.075465 0.713327 0.805432 
1974.885924 0.603889 0.773986 
1975.948963 0.010754 0.728697 
1976.732747 0.667570 0.041821 
1976.794328 0.266760 0.065387 
1978.241446 0.833822 0.826294 
1978.956984 0.346428 0.909545 
1979.452407 0.418138 0.896159 
1979.601575 0.268775 0.653933 
1980.588022 0.289486 0.965483 
1982.351438 0.176442 0.008753 
1982.865959 0.325836 0.749978 
1983.309539 0.651740 0.021216 
1986.009358 0.571099 0.592306 
1986.711340 0.472286 0.148666 
1987.336860 0.136288 0.392670 
1987.566030 0.822986 0.093895 
1988.503941 0.289620 0.375137 
1989.903887 0.195794 0.428272 
1990.316384 0.115496 0.717110 
1990.355185 0.780943 0.534193 
1992.107144 0.352244 0.085159 
1994.776171 0.903201 0.699647 
1995.871976 0.263262 0.917099 
1998.287264 0.584106 0.713825 
2002.423420 0.064302 0.205285 
2002.743683 0.903351 0.972684 
2003.026676 0.315180 0.762633 
2003.581552 0.851619 0.348335 
2004.233053 0.306453 0.722603 
2004.725701 0.376568 0.275159 
2004.796786 0.642658 0.874234 
2006.060397 0.032021 0.186344 
2008.606242 0.722901 0.103009 
2009.800193 0.689192 0.239860 
2011.173841 0.090280 0.573890 
2011.258101 0.288074 0.898775 
2013.318386 0.996090 0.078929 
2013.633891 0.079093 0.062727 
2014.570212 0.713032 0.582250 
2015.328686 0.051759 0.427219 
2015.833286 0.126385 0.786748 
2016.529096 0.191175 0.236111 
2016.949585 0.741336 0.491686 
2018.546340 0.672705 0.564299 
2019.478445 0.826555 0.953270 
2021.660532 0.336293 0.887051 
2021.680975 0.351948 0.096367 
2022.311472 0.004451 0.775552 
2024.215759 0.503235 0.245466 
2024.311247 0.871529 0.313968 
2024.918220 0.564266 0.773068 
2025.028801 0.531717 0.270410 
2025.135952 0.602592 0.608525 
2029.165340 0.556295 0.686292 
2029.603390 0.024046 0.133720 
2030.428804 0.080558 0.036693 
2031.644153 0.360723 0.185243 
2031.892395 0.906894 0.828113 
2033.919400 0.336149 0.527267 
2034.063855 0.037545 0.257355 
2037.695171 0.317137 0.041489 
2037.962433 0.985706 0.881158 
2038.157375 0.823132 0.096902 
2041.195652 0.136813 0.140770 
2042.152746 0.970583 0.534759 
2043.018651 0.205854 0.120399 
2043.441464 0.946993 0.666604 
2043.467202 0.962096 0.813605 
2043.819182 0.236508 0.122116 
2043.938231 0.794046 0.415924 
2045.844402 0.818809 0.100256 
2045.897147 0.159228 0.876590 
2046.326799 0.570706 0.815128 
2046.348207 0.202842 0.311477 
2048.497410 0.723941 0.929615 
