0.000000 0.357555 0.671146 
2.650870 0.457708 0.308145 
3.658892 0.832736 0.220531 
4.202330 0.898700 0.199553 
5.446930 0.113007 0.175294 
7.094105 0.463456 0.656877 
7.451796 0.005720 0.702741 
7.495065 0.050638 0.247411 
7.538153 0.140074 0.913175 
11.068321 0.442694 0.772503 
11.098711 0.884923 0.335794 
11.417435 0.355148 0.691953 
11.481726 0.522994 0.114765 
11.807889 0.885406 0.205695 
11.844807 0.000821 0.039365 
12.350190 0.836482 0.192482 
12.380253 0.518307 0.131329 
14.302825 0.242751 0.384414 
14.916081 0.827910 0.392963 
15.623186 0.075563 0.802772 
17.187492 0.361943 0.577672 
19.723875 0.174252 0.554354 
19.775520 0.219368 0.845187 
20.690071 0.580202 0.529327 
21.817596 0.546454 0.398757 
21.984266 0.812973 0.513729 
21.986694 0.407417 0.375492 
23.209581 0.143277 0.289946 
23.887316 0.671439 0.908533 
28.101257 0.644190 0.155986 
28.505430 0.470561 0.139542 
29.932163 0.040271 0.565431 
30.429793 0.650577 0.732610 
30.559742 0.149847 0.860773 
32.443634 0.219615 0.577178 
37.309733 0.258995 0.989773 
38.417713 0.858686 0.594332 
39.265354 0.785992 0.455557 
41.225594 0.034562 0.254259 
41.587894 0.929154 0.145443 
42.027195 0.830883 0.709899 
43.029195 0.550115 0.152702 
44.222766 0.801224 0.031643 
44.330351 0.094624 0.291219 
45.143447 0.516467 0.260100 
46.413640 0.266175 0.401038 
47.638126 0.037287 0.625198 
47.730444 0.891713 0.194413 
50.593812 0.291560 0.779435 
53.005211 0.893383 0.432953 
55.434490 0.448717 0.881669 
55.592163 0.771192 0.957197 
56.534693 0.432497 0.099139 
57.242334 0.229092 0.631988 
57.665169 0.325756 0.512810 
58.799038 0.400797 0.970173 
58.907431 0.094758 0.124858 
59.044287 0.148321 0.194967 
59.905470 0.010610 0.131718 
60.773182 0.714906 0.257522 
61.183153 0.370577 0.718828 
67.343319 0.317039 0.635884 
67.496596 0.232965 0.837699 
69.393387 0.985642 0.235426 
69.602339 0.262495 0.712168 
70.506238 0.214721 0.380047 
71.883635 0.947835 0.730741 
72.527319 0.681083 0.695192 
73.080451 0.411238 0.827372 
73.385814 0.435886 0.197453 
73.747616 0.855679 0.994102 
74.233720 0.145423 0.150059 
74.812239 0.814003 0.763250 
75.097166 0.394429 0.943081 
75.412012 0.174794 0.694143 
76.495128 0.428800 0.402323 
77.398825 0.709909 0.420058 
77.858589 0.509992 0.692819 
78.615440 0.461387 0.780252 
79.558770 0.277954 0.538500 
79.686581 0.226292 0.810778 
79.814296 0.004173 0.320303 
80.707301 0.426829 0.197498 
82.223108 0.146013 0.054539 
82.228797 0.773639 0.381125 
82.362906 0.407151 0.726472 
84.623578 0.198441 0.266324 
85.551587 0.214180 0.321573 
86.324173 0.649682 0.740841 
87.582831 0.825305 0.538990 
88.260552 0.743956 0.664598 
88.593504 0.562114 0.965446 
89.054029 0.744089 0.566420 
89.182536 0.034781 0.519307 
89.776581 0.506176 0.351777 
91.382207 0.725024 0.130486 
93.936782 0.377166 0.242785 
94.543040 0.345855 0.556942 
97.064871 0.014712 0.412194 
97.343460 0.298006 0.602279 
97.349427 0.218989 0.169722 
103.686689 0.394505 0.778448 
104.448026 0.059692 0.131600 
105.881975 0.857358 0.556146 
107.412184 0.147503 0.541150 
112.824178 0.827219 0.054032 
113.391607 0.976130 0.467808 
114.119272 0.941838 0.173326 
114.255497 0.156785 0.917763 
116.446748 0.585746 0.406101 
117.105913 0.598570 0.173529 
117.723815 0.989666 0.691306 
118.018063 0.681605 0.679873 
119.289483 0.101735 0.272651 
121.872040 0.921153 0.849049 
122.224674 0.342312 0.621470 
122.238248 0.821388 0.265383 
122.745465 0.066163 0.368048 
122.911811 0.611145 0.956526 
123.132511 0.589673 0.754015 
128.649579 0.130203 0.814100 
129.531692 0.057567 0.171143 
129.715035 0.063719 0.048794 
131.809084 0.422843 0.330499 
133.060311 0.998033 0.581061 
133.885411 0.083454 0.030899 
135.811265 0.950504 0.956379 
136.269129 0.114852 0.441500 
136.383400 0.438099 0.932835 
137.954130 0.013371 0.490550 
138.317658 0.772939 0.873913 
139.515299 0.341484 0.619419 
139.838545 0.864215 0.879876 
141.608331 0.263450 0.902867 
141.801273 0.467136 0.652737 
141.951971 0.060214 0.770825 
141.978479 0.809883 0.339628 
142.979504 0.435044 0.755905 
146.103668 0.035333 0.273214 
147.270677 0.169153 0.887713 
147.322801 0.209513 0.205340 
147.467018 0.222595 0.834062 
148.187015 0.999507 0.371621 
148.349645 0.938808 0.469622 
148.615322 0.668867 0.471234 
150.708671 0.911445 0.143518 
151.098029 0.625925 0.184537 
153.425484 0.943927 0.538678 
153.768289 0.854113 0.231944 
155.463756 0.154452 0.665195 
155.647055 0.630323 0.544678 
156.772756 0.564540 0.874733 
157.188063 0.163004 0.234989 
157.215225 0.905744 0.767391 
157.523232 0.873335 0.990444 
157.693846 0.453538 0.983064 
157.869482 0.767390 0.070468 
163.286215 0.556619 0.175284 
164.258495 0.278621 0.311800 
165.288650 0.240927 0.554352 
165.954658 0.124527 0.582197 
166.127099 0.609425 0.661236 
166.602803 0.746390 0.276067 
167.597514 0.123818 0.728416 
168.412178 0.757311 0.441803 
174.218022 0.421149 0.886681 
177.581839 0.362844 0.507599 
177.876135 0.230435 0.600252 
178.340637 0.428390 0.401734 
178.809841 0.013204 0.799669 
178.817323 0.699843 0.716151 
179.106877 0.846328 0.405218 
180.666426 0.355082 0.432457 
181.374855 0.956335 0.816094 
184.176028 0.883423 0.539455 
185.533380 0.915105 0.347482 
192.198626 0.957793 0.555316 
192.552905 0.733083 0.684041 
194.010712 0.521433 0.824983 
195.169250 0.005608 0.701904 
198.056975 0.616519 0.726800 
199.563858 0.463723 0.538055 
200.406132 0.446964 0.645470 
201.934614 0.131564 0.391985 
203.991079 0.685596 0.215310 
204.207172 0.270544 0.274413 
204.819846 0.733902 0.552144 
205.226946 0.647599 0.669999 
206.104422 0.020891 0.645743 
206.707535 0.786991 0.320074 
207.729405 0.630875 0.305133 
209.292034 0.229050 0.359536 
209.295942 0.259572 0.215368 
210.972330 0.914105 0.777724 
216.686712 0.476583 0.111882 
216.796479 0.732628 0.691418 
217.085975 0.951646 0.292211 
217.984661 0.542776 0.385817 
218.532342 0.009245 0.182429 
218.678071 0.094805 0.945986 
218.895598 0.192646 0.561447 
218.997517 0.063081 0.620501 
219.863666 0.075399 0.762157 
221.886492 0.372762 0.603878 
222.239013 0.845312 0.779621 
222.373543 0.175926 0.614455 
223.338487 0.422393 0.422377 
225.360280 0.900498 0.184511 
225.411019 0.395246 0.351029 
225.853715 0.170177 0.986381 
226.547047 0.927385 0.872924 
227.825388 0.349543 0.459921 
228.911657 0.732427 0.577842 
229.052919 0.268891 0.134618 
230.610794 0.858459 0.067530 
230.909974 0.359294 0.025653 
231.218129 0.710615 0.164851 
231.744429 0.502717 0.973947 
231.937544 0.097851 0.045281 
233.259985 0.935101 0.047067 
233.630330 0.435197 0.448671 
237.475537 0.871066 0.843996 
239.510242 0.098634 0.859781 
239.656045 0.597780 0.071175 
239.727893 0.164550 0.118271 
241.599257 0.361404 0.819938 
243.380475 0.476497 0.750820 
243.763520 0.228414 0.123193 
245.981875 0.689437 0.322690 
247.145986 0.261324 0.853519 
248.402524 0.929429 0.402273 
248.708140 0.654072 0.461915 
251.132616 0.128244 0.456707 
251.836282 0.768959 0.136969 
252.191091 0.175911 0.932722 
254.074194 0.237430 0.765420 
258.297941 0.878886 0.446399 
259.629138 0.922882 0.197690 
260.525134 0.186192 0.123399 
264.931065 0.430159 0.900446 
265.828613 0.211046 0.235104 
266.718024 0.735694 0.308421 
267.063814 0.363919 0.448280 
267.098884 0.376287 0.175679 
267.659484 0.841105 0.862655 
269.898246 0.580600 0.095794 
270.020363 0.939028 0.736378 
270.742271 0.653701 0.449495 
272.448822 0.793132 0.908244 
272.526534 0.440559 0.218209 
274.420479 0.848793 0.885722 
274.569185 0.152076 0.453158 
275.308120 0.828546 0.172445 
276.810948 0.270863 0.670401 
277.291873 0.091730 0.203209 
277.733317 0.642079 0.720005 
278.042780 0.138519 0.330915 
279.288724 0.804930 0.909374 
279.594772 0.699075 0.166495 
279.744104 0.912187 0.520472 
281.407859 0.318953 0.593192 
281.837896 0.281424 0.471134 
285.298060 0.312950 0.217010 
286.310065 0.132997 0.670789 
287.459783 0.179838 0.096544 
287.850268 0.284763 0.693929 
288.390587 0.852597 0.913351 
288.463071 0.885024 0.667078 
288.502005 0.423295 0.743529 
288.660736 0.798303 0.471533 
291.865303 0.289178 0.998142 
292.021628 0.018707 0.559591 
292.660048 0.899855 0.723351 
293.050684 0.877195 0.800316 
294.453643 0.718780 0.703764 
294.517340 0.407710 0.002930 
297.325650 0.682950 0.795084 
298.392578 0.556766 0.622297 
299.044214 0.497759 0.169966 
300.397498 0.661963 0.493231 
301.420743 0.810917 0.732091 
303.878574 0.911671 0.242030 
303.917192 0.716779 0.202163 
305.289089 0.931276 0.908879 
306.412318 0.848184 0.028301 
307.125641 0.880538 0.555394 
307.788854 0.998612 0.631284 
311.119539 0.741172 0.203835 
314.334336 0.252231 0.429792 
315.442376 0.453464 0.814602 
316.459091 0.151766 0.371472 
316.989207 0.831043 0.403496 
317.320303 0.853567 0.550637 
317.939744 0.582885 0.667133 
318.455148 0.243007 0.504945 
318.612392 0.616422 0.953910 
319.563522 0.066266 0.839500 
319.788434 0.304103 0.512658 
320.781958 0.999073 0.871250 
322.605614 0.345409 0.297668 
322.630639 0.558918 0.751013 
326.285727 0.868599 0.925996 
327.977471 0.620333 0.455516 
329.742109 0.683642 0.384611 
331.763289 0.946450 0.547355 
334.594126 0.465961 0.383537 
335.133549 0.269535 0.232709 
336.217358 0.935885 0.060625 
340.926099 0.797082 0.366560 
341.989312 0.526133 0.379681 
342.784385 0.060144 0.353430 
344.969769 0.679745 0.430971 
345.199166 0.958665 0.005375 
345.798625 0.696069 0.664487 
346.647819 0.642579 0.087791 
346.880653 0.488702 0.081437 
348.868624 0.822157 0.181264 
356.140371 0.096601 0.693269 
356.664133 0.773358 0.598547 
356.983874 0.317436 0.101715 
357.162200 0.755385 0.825629 
357.864708 0.463521 0.501355 
358.202948 0.466567 0.409987 
359.705136 0.492687 0.925552 
360.003372 0.675673 0.265523 
361.688936 0.529900 0.737959 
362.164469 0.714969 0.810247 
362.398955 0.344111 0.782573 
363.374606 0.629851 0.421980 
363.641037 0.184033 0.503006 
365.745492 0.590538 0.258935 
365.802793 0.413492 0.162399 
365.989579 0.398088 0.545060 
366.579038 0.001113 0.522459 
368.367527 0.659519 0.261036 
368.593930 0.902663 0.334179 
369.674809 0.800200 0.029112 
370.257820 0.785333 0.867801 
371.597231 0.040950 0.498688 
372.598641 0.904235 0.758073 
373.001585 0.069162 0.264340 
373.420461 0.183194 0.687117 
373.887070 0.928853 0.374810 
375.759236 0.726247 0.680559 
375.878906 0.136991 0.737947 
375.956557 0.151291 0.694996 
376.478627 0.431922 0.347472 
376.688817 0.216856 0.865220 
377.445584 0.902426 0.177076 
377.480906 0.294791 0.169332 
377.893270 0.556543 0.259425 
379.947501 0.572363 0.100925 
379.973470 0.285488 0.831648 
380.362508 0.489284 0.728957 
381.174293 0.100934 0.576832 
381.425592 0.931321 0.509196 
381.539972 0.085365 0.960484 
382.013090 0.425518 0.422756 
383.673409 0.024395 0.134411 
383.720282 0.794416 0.570886 
384.104336 0.574647 0.419956 
385.816370 0.967980 0.670566 
389.216240 0.828906 0.051778 
391.184815 0.017329 0.050927 
391.213455 0.499530 0.987080 
391.933601 0.411357 0.751593 
392.329152 0.944439 0.389609 
393.392859 0.724769 0.034277 
399.086363 0.857370 0.386214 
400.055208 0.992089 0.242265 
400.665409 0.202069 0.486219 
401.103582 0.718825 0.403975 
402.303126 0.283300 0.595637 
403.463911 0.133777 0.464580 
403.726708 0.857693 0.957287 
404.166094 0.465893 0.633222 
404.667810 0.210990 0.699331 
405.445769 0.733755 0.156634 
408.027657 0.830974 0.183448 
408.396109 0.666937 0.921039 
409.257703 0.361552 0.250718 
410.718468 0.550206 0.403461 
411.060516 0.131624 0.843769 
411.998016 0.290341 0.253441 
412.078432 0.044389 0.118785 
412.268313 0.108133 0.453765 
414.774997 0.908430 0.628944 
417.140553 0.644955 0.395610 
417.509209 0.660413 0.907275 
419.503437 0.153660 0.102456 
420.289606 0.705227 0.204697 
420.782016 0.221874 0.961827 
423.917033 0.025784 0.966729 
424.727296 0.038093 0.065329 
425.654334 0.388323 0.561228 
426.257104 0.518186 0.140587 
427.099346 0.263512 0.622733 
428.969909 0.742623 0.024964 
436.023302 0.155699 0.229464 
437.224783 0.936634 0.671800 
437.784946 0.339550 0.587667 
438.600866 0.746249 0.715981 
439.402616 0.071419 0.170326 
439.814055 0.907799 0.538992 
440.460671 0.174633 0.875565 
440.537247 0.259100 0.789044 
441.501654 0.910136 0.185456 
441.722162 0.046322 0.661337 
442.422127 0.992119 0.904463 
443.421493 0.924749 0.213474 
443.558330 0.768554 0.826012 
443.709971 0.574662 0.536930 
444.774669 0.318191 0.186236 
450.622661 0.820230 0.086713 
451.869823 0.245560 0.836189 
452.606932 0.394965 0.756941 
453.206473 0.849918 0.392137 
453.742441 0.578679 0.997527 
454.299525 0.624684 0.505467 
454.328509 0.007734 0.203718 
454.763228 0.776791 0.489763 
455.051214 0.724788 0.877626 
455.520653 0.203281 0.644439 
458.497709 0.200902 0.513180 
460.244817 0.285488 0.192326 
460.771342 0.855385 0.661235 
461.264964 0.928375 0.808692 
464.078637 0.822970 0.311431 
466.051452 0.465676 0.709255 
466.103159 0.662773 0.380202 
467.585280 0.842997 0.948299 
470.802425 0.717879 0.987413 
471.813403 0.385886 0.822197 
472.020466 0.741269 0.392310 
472.195909 0.145673 0.615079 
473.717065 0.306449 0.299876 
473.741235 0.604218 0.513438 
476.890216 0.090492 0.239940 
478.013992 0.520404 0.656251 
478.185398 0.942473 0.081571 
478.336927 0.323833 0.831541 
479.289446 0.823602 0.678500 
481.273360 0.113264 0.972807 
481.829945 0.723856 0.272968 
482.366892 0.329912 0.640156 
482.988427 0.318901 0.663031 
484.931698 0.248382 0.468392 
487.415341 0.718544 0.735157 
488.020288 0.077766 0.487290 
490.269244 0.593601 0.542070 
490.336721 0.720457 0.848011 
493.193560 0.266763 0.596714 
493.831100 0.721836 0.964812 
494.052241 0.074554 0.692099 
494.435575 0.097662 0.978015 
494.773569 0.269931 0.692022 
494.832082 0.781893 0.262922 
496.087776 0.925238 0.797696 
496.137168 0.300946 0.889997 
496.670091 0.489119 0.356821 
497.069769 0.161515 0.084995 
497.220355 0.820796 0.030550 
497.671249 0.373643 0.607617 
498.028013 0.970776 0.849535 
498.594123 0.880681 0.822306 
501.329241 0.149059 0.006747 
502.480627 0.493063 0.729497 
503.037454 0.082773 0.617136 
505.034056 0.090996 0.772294 
505.990882 0.972403 0.574407 
506.474011 0.497361 0.467831 
506.923057 0.005002 0.256198 
507.316897 0.686675 0.480850 
507.807963 0.729724 0.557670 
508.674698 0.843769 0.852099 
509.907273 0.756496 0.977528 
510.680029 0.958766 0.561694 
511.483336 0.373926 0.044572 
513.045162 0.083828 0.579159 
513.290844 0.483137 0.020234 
513.508970 0.770261 0.743157 
514.724100 0.942015 0.170646 
514.797974 0.860052 0.551329 
515.075851 0.288342 0.055168 
515.941999 0.076971 0.671895 
518.392377 0.443672 0.539230 
520.075274 0.065722 0.472069 
520.275759 0.311535 0.274751 
520.617184 0.996861 0.624589 
520.698638 0.160118 0.865790 
520.806106 0.346980 0.513227 
521.194272 0.960181 0.457975 
521.805851 0.610150 0.614324 
523.034839 0.130614 0.954348 
523.279529 0.937264 0.048255 
524.401648 0.146192 0.338733 
524.708699 0.279891 0.753163 
525.929354 0.736828 0.440379 
526.844457 0.070323 0.836345 
527.205272 0.705464 0.011485 
528.656809 0.173341 0.282838 
529.324909 0.745113 0.731285 
529.330341 0.552011 0.206213 
534.246935 0.454442 0.432425 
534.481835 0.422593 0.955387 
534.958070 0.036135 0.661397 
535.434469 0.290063 0.022216 
536.552356 0.232094 0.896048 
537.012269 0.529766 0.316306 
538.712136 0.545071 0.767509 
539.229746 0.875104 0.782662 
539.577834 0.332396 0.489236 
546.429146 0.661977 0.690130 
548.462686 0.379861 0.862984 
549.172695 0.257149 0.537748 
549.702726 0.373885 0.274771 
550.302444 0.477421 0.170698 
550.473502 0.553666 0.215529 
551.921208 0.536254 0.985622 
552.722276 0.499457 0.832943 
553.585320 0.867513 0.632254 
553.942700 0.836493 0.321062 
554.269667 0.513758 0.496255 
554.818182 0.697811 0.736086 
556.011381 0.082751 0.069620 
556.450872 0.381697 0.851064 
558.640627 0.767702 0.972981 
558.991525 0.209803 0.025490 
559.616061 0.527233 0.369569 
560.902012 0.528753 0.890896 
561.592794 0.303064 0.277760 
562.955652 0.607926 0.246005 
563.328282 0.826329 0.862330 
563.400884 0.930825 0.368901 
563.521489 0.469597 0.605341 
563.934869 0.121746 0.927429 
567.152121 0.173653 0.545242 
568.218744 0.925886 0.039992 
568.240269 0.368806 0.372891 
570.413312 0.238963 0.313617 
571.240820 0.270823 0.622714 
574.141729 0.519067 0.098429 
576.822860 0.626518 0.676171 
577.131290 0.782146 0.005563 
577.198828 0.004348 0.897655 
578.352785 0.014383 0.748326 
580.843169 0.860386 0.964113 
583.951866 0.308033 0.797467 
586.046680 0.127650 0.112714 
587.060023 0.649595 0.785883 
588.060695 0.405857 0.391093 
588.115641 0.157040 0.319552 
589.457735 0.895733 0.662275 
590.223402 0.023494 0.499533 
591.571469 0.700459 0.564415 
593.562237 0.534225 0.863705 
593.757793 0.014191 0.625241 
595.659142 0.824076 0.552016 
596.797043 0.848697 0.875507 
598.967361 0.593910 0.028690 
600.035655 0.821054 0.649522 
600.729401 0.957139 0.551305 
602.331657 0.499637 0.588581 
603.054099 0.950152 0.603095 
604.266935 0.441118 0.960857 
606.942126 0.985386 0.686829 
608.525198 0.485286 0.334573 
609.194211 0.935926 0.101621 
609.996187 0.387503 0.729074 
610.161518 0.636717 0.764646 
610.673573 0.398303 0.524328 
611.319405 0.652647 0.497836 
611.651183 0.796842 0.791094 
612.755487 0.815456 0.056603 
614.524238 0.521430 0.114109 
615.086727 0.770761 0.735909 
615.235978 0.430078 0.174195 
615.401103 0.310806 0.534730 
617.633839 0.138408 0.702481 
618.423919 0.913105 0.216255 
618.688663 0.131261 0.398120 
618.886950 0.224526 0.867299 
619.798520 0.397606 0.825094 
620.934015 0.802728 0.681835 
621.024656 0.704409 0.303106 
621.942552 0.664501 0.428919 
622.781053 0.380425 0.099599 
623.415966 0.134481 0.031074 
625.592084 0.800390 0.151241 
625.639760 0.044703 0.753136 
626.681989 0.256718 0.190119 
627.623709 0.312007 0.329651 
628.290045 0.511153 0.437323 
630.888585 0.651119 0.412697 
630.976410 0.583503 0.560947 
631.482762 0.317154 0.151658 
631.950624 0.551487 0.699798 
633.233032 0.880714 0.692180 
636.306071 0.687347 0.849333 
638.616669 0.557390 0.135492 
639.724428 0.639249 0.182598 
640.370576 0.115390 0.313185 
641.004060 0.283870 0.876814 
641.012574 0.979282 0.337520 
642.505639 0.207408 0.775369 
642.895464 0.599131 0.301387 
642.998019 0.759497 0.878200 
644.076772 0.182444 0.741222 
645.576981 0.712188 0.026490 
646.758900 0.228692 0.971999 
649.767447 0.756061 0.900324 
650.385289 0.786309 0.561835 
651.684427 0.226248 0.857175 
654.176060 0.817039 0.289692 
654.418714 0.332938 0.417681 
654.597427 0.231361 0.065419 
655.230614 0.182166 0.141047 
655.732775 0.422489 0.151692 
655.890022 0.770594 0.174970 
656.334059 0.772099 0.949480 
656.549986 0.937663 0.852492 
658.568041 0.710535 0.981021 
658.756066 0.889139 0.549207 
659.298763 0.941760 0.007283 
659.921460 0.922305 0.162970 
660.359404 0.234937 0.978744 
660.601988 0.621400 0.480687 
661.575565 0.227231 0.536257 
662.571934 0.096376 0.869965 
664.832216 0.803081 0.704737 
667.358428 0.858194 0.513514 
667.849526 0.273006 0.960364 
668.540490 0.395126 0.311867 
669.162643 0.559021 0.191123 
669.344418 0.277294 0.623938 
669.348015 0.507025 0.571420 
669.690442 0.364411 0.850399 
670.466448 0.156700 0.952545 
670.772666 0.098532 0.604282 
672.247102 0.085591 0.060813 
675.092691 0.354442 0.311641 
676.028430 0.507365 0.183921 
676.326624 0.972998 0.633798 
676.457192 0.243748 0.422089 
676.577708 0.031983 0.096742 
677.863724 0.959295 0.537042 
678.191824 0.630023 0.380792 
678.198473 0.033701 0.367104 
678.252202 0.659504 0.684634 
682.003127 0.570952 0.923084 
682.580876 0.260477 0.704531 
683.165704 0.450721 0.979123 
683.328799 0.032812 0.957125 
684.361379 0.645649 0.519475 
684.496008 0.313166 0.503893 
685.614365 0.048746 0.859685 
686.807985 0.131003 0.407400 
686.835380 0.246075 0.036819 
687.403376 0.578365 0.993950 
687.913906 0.523569 0.057954 
688.697794 0.425720 0.934132 
691.477381 0.126961 0.043125 
692.095555 0.415155 0.735908 
692.191221 0.039884 0.305460 
694.002792 0.690257 0.592927 
694.935122 0.687055 0.330193 
695.000165 0.247493 0.770102 
697.350450 0.765623 0.483175 
698.809742 0.850883 0.260717 
703.607048 0.703723 0.228656 
703.788709 0.304572 0.133148 
704.663051 0.521661 0.971690 
706.900529 0.424910 0.578276 
707.820642 0.452275 0.934377 
708.336818 0.443490 0.222042 
708.588232 0.076615 0.546081 
709.276300 0.241266 0.033366 
710.489856 0.270311 0.719423 
711.165892 0.841556 0.086134 
711.628973 0.530618 0.834487 
713.908436 0.833125 0.479880 
715.435805 0.267916 0.335269 
716.925284 0.460130 0.415663 
717.426376 0.335024 0.821131 
718.942481 0.254285 0.728174 
723.070186 0.509990 0.020312 
723.329659 0.669672 0.214759 
723.902937 0.776850 0.036651 
724.763679 0.684458 0.014039 
725.032994 0.618172 0.248457 
725.723190 0.953855 0.945480 
728.571227 0.940927 0.779808 
728.912376 0.077965 0.158121 
729.475639 0.242615 0.481902 
731.118201 0.997650 0.084520 
731.132397 0.911465 0.460932 
731.602466 0.960054 0.411647 
732.418525 0.326839 0.961446 
733.140806 0.070803 0.125080 
736.274599 0.287541 0.359556 
737.059994 0.696705 0.322769 
737.456173 0.797223 0.701547 
738.883811 0.712985 0.207614 
738.958406 0.643496 0.559293 
739.348148 0.967260 0.482233 
739.953336 0.485324 0.423589 
740.177048 0.857518 0.687980 
742.347280 0.000683 0.632282 
743.613387 0.227758 0.091140 
743.658897 0.697288 0.269340 
744.130540 0.817214 0.838377 
748.050144 0.053967 0.633475 
748.066294 0.719007 0.471217 
748.436804 0.684099 0.522635 
749.789845 0.659978 0.200001 
750.400162 0.694646 0.803530 
750.925045 0.803355 0.262429 
751.026836 0.599263 0.505798 
754.409819 0.590294 0.703011 
756.268063 0.549192 0.939465 
756.730316 0.700067 0.631950 
757.156370 0.450528 0.388298 
757.313908 0.691401 0.457953 
758.629293 0.251574 0.328528 
760.999916 0.649226 0.310789 
761.045649 0.725800 0.829502 
761.215369 0.966942 0.947502 
763.181420 0.163464 0.162488 
766.870894 0.447605 0.422896 
767.403084 0.125746 0.488280 
769.133488 0.113548 0.262191 
771.002654 0.187821 0.290393 
772.995394 0.292816 0.407700 
773.825234 0.865620 0.618267 
774.256945 0.610000 0.648213 
774.600364 0.260259 0.291094 
774.813384 0.842892 0.013557 
775.679804 0.108629 0.956571 
776.002987 0.273167 0.833654 
776.510690 0.200055 0.714727 
776.900242 0.594479 0.614649 
776.933615 0.459510 0.184504 
779.598703 0.360189 0.648051 
781.469675 0.391987 0.049421 
781.696857 0.588185 0.604258 
784.017473 0.545659 0.831168 
784.421837 0.749358 0.707249 
786.044878 0.494701 0.724753 
786.416106 0.210580 0.970557 
787.115335 0.483329 0.389398 
787.624548 0.025223 0.391588 
787.718015 0.776501 0.498744 
788.926216 0.761824 0.137327 
789.259507 0.532430 0.470277 
789.631157 0.109886 0.526575 
789.982312 0.012980 0.653047 
790.485863 0.340048 0.979315 
790.946217 0.944054 0.516496 
794.426759 0.545092 0.947032 
796.062606 0.962277 0.135041 
797.146719 0.257270 0.751557 
797.277157 0.291930 0.938378 
797.400228 0.836602 0.039165 
797.644479 0.036783 0.369986 
798.178608 0.860844 0.468367 
799.375969 0.295194 0.582342 
799.385361 0.825587 0.997626 
800.723422 0.352718 0.061157 
800.933250 0.019781 0.260134 
804.042483 0.465769 0.546841 
804.553549 0.373281 0.267846 
804.647809 0.153617 0.193351 
805.428608 0.827714 0.048001 
807.560917 0.812466 0.990434 
810.301018 0.465959 0.361512 
811.670492 0.918437 0.503804 
812.348023 0.401531 0.560319 
813.068246 0.414250 0.156981 
815.696911 0.490163 0.234508 
815.889506 0.578084 0.641973 
816.026442 0.118052 0.638074 
816.161397 0.498686 0.088412 
816.375078 0.307399 0.825528 
816.944293 0.520292 0.653176 
817.334961 0.024508 0.646026 
817.346909 0.814006 0.267393 
817.710268 0.621103 0.347736 
817.746451 0.337286 0.680505 
817.862305 0.060152 0.229435 
818.949680 0.826062 0.083294 
819.445646 0.229729 0.577580 
820.699142 0.854467 0.960457 
823.045918 0.684033 0.453464 
823.631053 0.486619 0.258724 
823.887165 0.861096 0.997149 
825.488506 0.836677 0.200237 
826.093991 0.782258 0.565252 
829.348556 0.339153 0.859862 
829.883512 0.488814 0.085990 
830.212199 0.592563 0.557247 
831.897248 0.624570 0.318956 
832.121093 0.227527 0.658508 
832.444622 0.312398 0.053349 
832.676561 0.385672 0.876303 
833.577799 0.459415 0.164773 
834.606974 0.184503 0.234222 
835.155226 0.220154 0.734403 
836.235899 0.962097 0.254723 
836.536700 0.246703 0.668810 
836.685664 0.006199 0.124765 
836.924638 0.624307 0.288044 
837.190919 0.509142 0.331670 
838.028013 0.972321 0.556078 
838.519414 0.591691 0.406770 
838.672842 0.591268 0.216558 
839.276835 0.315549 0.454922 
840.182539 0.972246 0.057991 
840.409389 0.011509 0.452496 
840.986654 0.303063 0.224332 
842.553223 0.687342 0.997386 
842.955663 0.508957 0.291845 
844.165388 0.118490 0.390291 
844.608925 0.772214 0.250959 
845.031151 0.064678 0.587042 
846.430502 0.344424 0.705875 
847.349001 0.499450 0.441615 
848.441856 0.230728 0.301051 
849.185460 0.957716 0.164143 
850.233583 0.316513 0.419716 
851.083713 0.799790 0.370992 
851.899324 0.844072 0.713007 
853.340450 0.892628 0.561001 
856.948546 0.685961 0.142937 
859.301048 0.731673 0.399547 
859.997711 0.472582 0.049993 
860.505102 0.714657 0.786352 
860.831741 0.331350 0.765708 
860.842821 0.896437 0.910816 
861.428014 0.446600 0.072441 
861.894424 0.071763 0.272578 
862.320112 0.901289 0.512363 
863.537805 0.604749 0.083092 
863.669371 0.459429 0.175818 
864.185895 0.788582 0.996514 
864.203648 0.999733 0.560581 
864.912617 0.646347 0.223769 
865.668690 0.717231 0.082133 
865.901016 0.108477 0.826993 
866.458577 0.246266 0.829986 
866.675013 0.862421 0.828860 
866.937876 0.424286 0.892319 
867.505548 0.595984 0.421810 
867.528166 0.923990 0.794690 
870.029498 0.934945 0.929829 
871.974235 0.813430 0.604355 
872.692957 0.376789 0.464813 
874.316386 0.831509 0.259096 
875.461609 0.526388 0.972825 
876.133842 0.995895 0.397933 
877.550552 0.838950 0.499708 
878.475557 0.488646 0.093610 
879.438759 0.189578 0.375680 
879.651549 0.958738 0.986072 
880.554687 0.456059 0.383990 
881.350359 0.988957 0.661463 
883.631928 0.135752 0.781033 
885.096534 0.896967 0.631326 
887.310865 0.525938 0.478163 
888.172835 0.681793 0.464650 
890.540981 0.308814 0.254890 
890.819047 0.218899 0.777217 
890.877567 0.709328 0.839498 
890.980690 0.616737 0.894380 
892.753779 0.880113 0.296782 
893.339500 0.268426 0.496403 
895.175166 0.166123 0.725453 
899.024992 0.397543 0.279536 
899.288230 0.959749 0.660078 
899.447966 0.671646 0.413769 
901.216205 0.699349 0.957597 
901.287012 0.427122 0.835553 
902.067138 0.779427 0.433483 
902.184945 0.615052 0.387412 
903.457667 0.241025 0.139023 
907.910755 0.060359 0.480165 
908.127215 0.872665 0.018391 
908.358338 0.517554 0.807685 
909.734821 0.863254 0.874452 
910.487347 0.210578 0.783623 
910.901295 0.284399 0.238405 
911.350159 0.424439 0.786294 
912.398818 0.058188 0.835296 
913.580389 0.059818 0.041374 
914.386854 0.069164 0.611919 
914.697678 0.472934 0.922992 
914.827495 0.247015 0.998964 
914.940181 0.784564 0.778398 
915.078354 0.880295 0.422130 
915.195951 0.519071 0.417237 
915.231210 0.009626 0.959693 
916.076105 0.272708 0.465165 
916.903067 0.683173 0.721318 
918.628765 0.160810 0.610030 
919.282275 0.667073 0.593807 
919.677442 0.246214 0.060607 
921.126152 0.400778 0.765260 
921.734435 0.278021 0.474447 
923.518174 0.620033 0.240057 
925.012530 0.169466 0.498604 
925.119725 0.879335 0.085281 
925.365406 0.869360 0.071793 
926.028642 0.647141 0.683884 
926.347277 0.771445 0.335692 
926.843668 0.682203 0.078665 
926.940463 0.475069 0.169349 
927.059611 0.852316 0.742767 
927.471626 0.555018 0.528448 
928.643909 0.615655 0.995845 
929.640609 0.302163 0.256736 
929.869761 0.613902 0.190653 
930.615878 0.044261 0.306795 
933.479415 0.362182 0.119671 
934.005991 0.555024 0.466429 
935.118063 0.147202 0.686949 
935.262109 0.442018 0.024087 
935.604669 0.092069 0.506767 
937.603524 0.471355 0.471937 
939.939089 0.051028 0.226846 
943.888058 0.111094 0.892023 
944.087137 0.500378 0.628189 
945.107723 0.910109 0.978662 
945.402465 0.928220 0.106049 
945.637827 0.788491 0.933268 
947.151220 0.064286 0.838592 
947.649530 0.825448 0.172228 
948.176650 0.620138 0.431852 
948.419469 0.587415 0.599994 
948.723652 0.381232 0.527132 
950.443484 0.336397 0.907754 
951.683896 0.135425 0.745563 
953.014957 0.071254 0.560536 
953.325388 0.474281 0.828401 
953.848872 0.076318 0.260963 
954.009178 0.748402 0.278603 
954.300979 0.797068 0.222373 
959.355676 0.612086 0.494293 
960.285589 0.662928 0.728265 
960.816198 0.603215 0.015628 
960.882098 0.151286 0.911876 
962.572901 0.843217 0.431569 
966.390710 0.361279 0.532360 
967.733533 0.530099 0.635786 
967.784151 0.030538 0.650141 
971.973788 0.523301 0.146514 
973.476782 0.051115 0.028584 
973.784503 0.586670 0.494475 
976.960741 0.806010 0.276862 
977.575759 0.495587 0.327388 
978.413729 0.054729 0.926783 
978.938547 0.185556 0.223861 
979.924917 0.122259 0.001871 
982.035432 0.086156 0.279040 
983.743930 0.257937 0.482300 
986.187581 0.272874 0.660889 
987.493692 0.871762 0.355950 
987.711246 0.841558 0.407246 
990.233964 0.855874 0.157100 
990.610033 0.718096 0.721004 
991.062310 0.972948 0.974195 
991.388652 0.202610 0.176379 
992.293782 0.331526 0.652889 
993.716496 0.482166 0.552992 
994.936638 0.245225 0.938781 
996.024139 0.369818 0.499495 
997.672678 0.464750 0.285424 
998.190407 0.202802 0.006145 
999.857467 0.894621 0.986648 
1001.806107 0.175459 0.441393 
1002.429832 0.777480 0.272924 
1004.329827 0.571147 0.622752 
1004.613541 0.767444 0.885894 
1004.804537 0.243939 0.207273 
1005.319728 0.718852 0.189944 
1005.470991 0.798566 0.601373 
1005.531472 0.849567 0.167222 
1006.391696 0.335269 0.276056 
1006.761571 0.169560 0.448395 
1008.221063 0.064178 0.003682 
1010.155347 0.874871 0.990718 
1012.185496 0.507403 0.594443 
1015.768531 0.376990 0.557186 
1016.306293 0.840261 0.489528 
1017.618461 0.114766 0.400827 
1020.513023 0.277961 0.784891 
1020.908798 0.098678 0.750617 
1021.696451 0.768695 0.892110 
1022.004001 0.575985 0.021535 
1023.316115 0.767266 0.841147 
1023.553420 0.844619 0.315345 
1024.882428 0.704263 0.302199 
1025.838687 0.319609 0.411034 
1026.129109 0.639685 0.284601 
1029.121625 0.448209 0.583216 
1030.151393 0.595548 0.451082 
1030.847461 0.819046 0.732738 
1032.477628 0.960844 0.872093 
1032.681889 0.978314 0.031444 
1034.222860 0.399400 0.976081 
1036.211705 0.963359 0.713888 
1037.041215 0.294234 0.679876 
1037.506103 0.191240 0.577468 
1037.664995 0.798661 0.202439 
1038.393842 0.240048 0.542737 
1038.627849 0.394166 0.239041 
1039.349250 0.231967 0.693967 
1042.058857 0.532758 0.755676 
1045.214445 0.584076 0.755560 
1045.666609 0.097867 0.053644 
1047.248167 0.878169 0.972039 
1048.388753 0.137913 0.608594 
1049.277199 0.142680 0.740132 
1050.041759 0.385982 0.672829 
1050.902921 0.160361 0.174255 
1053.874059 0.223696 0.210932 
1055.318753 0.242856 0.129525 
1055.619705 0.764889 0.647107 
1056.335335 0.479619 0.187640 
1056.506914 0.326179 0.449176 
1057.842709 0.263861 0.740351 
1057.845139 0.743946 0.589632 
1061.626066 0.656674 0.386041 
1062.667163 0.342799 0.955545 
1062.824726 0.625347 0.446684 
1063.496849 0.948927 0.937640 
1065.757785 0.828035 0.298665 
1066.447473 0.562310 0.266527 
1068.556415 0.811644 0.856366 
1070.106819 0.252173 0.574020 
1070.108944 0.384992 0.638432 
1074.183287 0.319239 0.474454 
1074.771319 0.055453 0.257207 
1075.293151 0.678147 0.728313 
1076.078735 0.826515 0.956151 
1076.313651 0.703346 0.821915 
1076.374434 0.881416 0.494475 
1077.760555 0.051784 0.193041 
1077.949864 0.991566 0.961261 
1078.527910 0.429036 0.328278 
1078.995733 0.768644 0.931768 
1079.852222 0.156346 0.585018 
1080.754683 0.167075 0.972327 
1080.809780 0.109485 0.200158 
1082.674298 0.266099 0.813743 
1086.064265 0.292404 0.832548 
1089.129049 0.405662 0.032404 
1089.526121 0.124690 0.109410 
1090.075300 0.637080 0.824674 
1091.526996 0.217009 0.993000 
1092.561987 0.140971 0.161433 
1093.503666 0.576724 0.090644 
1093.855575 0.550394 0.692155 
1096.923045 0.343660 0.476973 
1097.787612 0.509013 0.281722 
1097.840944 0.335819 0.618189 
1097.899713 0.926197 0.831401 
1098.455464 0.637311 0.800681 
1098.514566 0.118533 0.929512 
1099.421275 0.083052 0.630464 
1099.467846 0.199483 0.953464 
1099.816175 0.410197 0.396998 
1101.296732 0.741672 0.769492 
1101.796319 0.158928 0.976103 
1104.597753 0.734503 0.662973 
1105.939340 0.600932 0.769917 
1106.036374 0.069710 0.047609 
1106.728957 0.745266 0.646613 
1108.299364 0.751470 0.915058 
1110.140797 0.839960 0.161409 
1110.550309 0.578282 0.341093 
1111.505896 0.522487 0.141398 
1111.864497 0.613151 0.903485 
1112.120173 0.712780 0.456196 
1112.210734 0.740978 0.275065 
1112.627555 0.347282 0.002363 
1113.004460 0.645709 0.020402 
1113.888155 0.454014 0.350759 
1114.390187 0.391198 0.836872 
1119.182745 0.750874 0.597229 
1120.660370 0.930456 0.440430 
1122.988141 0.187576 0.887398 
1123.799211 0.930905 0.865207 
1127.716592 0.847907 0.652218 
1127.883280 0.949147 0.118470 
1130.155403 0.744767 0.944512 
1130.463658 0.821120 0.563299 
1132.947530 0.287792 0.195990 
1133.634470 0.214686 0.604885 
1134.144526 0.788071 0.540389 
1134.516127 0.087738 0.139563 
1134.771929 0.063337 0.741808 
1135.001060 0.772058 0.666509 
1135.338496 0.162187 0.662384 
1136.669545 0.011980 0.099698 
1137.658271 0.783566 0.952609 
1137.918101 0.143254 0.606154 
1139.540794 0.561009 0.372482 
1141.525788 0.834791 0.997173 
1144.228737 0.354048 0.163341 
1144.499283 0.231850 0.420610 
1146.067941 0.012224 0.458321 
1146.333586 0.817050 0.215458 
1147.724306 0.610571 0.720646 
1149.001068 0.351658 0.486766 
1149.924682 0.638763 0.794651 
1149.945048 0.170469 0.318782 
1150.649979 0.370086 0.222830 
1150.771511 0.865298 0.404239 
1153.940350 0.214798 0.625931 
1156.587210 0.198011 0.091482 
1159.396526 0.487079 0.141222 
1160.471702 0.279891 0.727566 
1160.701022 0.288928 0.779993 
1161.117763 0.439836 0.904344 
1161.437562 0.396252 0.174055 
1161.723486 0.907996 0.766028 
1162.611094 0.554111 0.354796 
1162.668901 0.049416 0.959689 
1162.714590 0.466920 0.410884 
1163.421513 0.714760 0.709632 
1164.701291 0.235932 0.279292 
1165.065532 0.475872 0.297747 
1165.361657 0.125917 0.195087 
1165.647809 0.360759 0.279601 
1166.449429 0.743839 0.022503 
1166.627273 0.923988 0.796474 
1166.734439 0.185223 0.877645 
1166.840463 0.532315 0.244993 
1166.886784 0.191734 0.285137 
1166.943090 0.361704 0.690838 
1168.770829 0.006023 0.837632 
1171.289599 0.652772 0.578943 
1171.709410 0.044495 0.573416 
1171.779232 0.014816 0.275431 
1175.211278 0.480687 0.820799 
1175.765618 0.131027 0.688201 
1180.408343 0.378016 0.681650 
1180.512187 0.540662 0.713260 
1181.492351 0.617236 0.731355 
1182.461634 0.398545 0.828692 
1182.524068 0.630929 0.287580 
1182.887840 0.067041 0.588035 
1184.433791 0.190824 0.348565 
1185.048627 0.108598 0.421020 
1185.240076 0.014176 0.382834 
1185.410188 0.815043 0.056351 
1187.057179 0.435913 0.453897 
1187.589457 0.001443 0.752336 
1189.797508 0.742804 0.299328 
1190.407493 0.372485 0.417230 
1191.148029 0.393997 0.440113 
1191.177605 0.671582 0.956074 
1192.177453 0.660975 0.876417 
1192.235529 0.684407 0.550786 
1193.383702 0.305337 0.079805 
1194.163267 0.501537 0.194432 
1195.166966 0.704226 0.717041 
1195.316390 0.550760 0.156516 
1196.470957 0.927711 0.259881 
1197.425037 0.995132 0.927214 
1198.878730 0.636945 0.158216 
1200.565247 0.023135 0.822341 
1201.689934 0.197244 0.562783 
1201.970086 0.680498 0.655322 
1202.834345 0.330522 0.701624 
1206.666413 0.113874 0.889485 
1208.100864 0.507016 0.340149 
1208.223414 0.211690 0.657637 
1209.459258 0.436999 0.187511 
1209.685296 0.269922 0.715900 
1211.129981 0.342751 0.692090 
1214.158088 0.989767 0.063603 
1214.225321 0.398610 0.180035 
1215.301378 0.699998 0.445389 
1216.064237 0.236809 0.005154 
1218.495626 0.860112 0.213990 
1219.712676 0.891958 0.589186 
1220.124528 0.671807 0.341862 
1220.264751 0.191798 0.734384 
1220.822615 0.455171 0.173722 
1222.201173 0.263534 0.283738 
1224.244848 0.041209 0.881834 
1224.833095 0.719089 0.617751 
1225.954598 0.472691 0.335944 
1226.723967 0.577110 0.684078 
1226.824108 0.634195 0.011458 
1228.573506 0.285008 0.400710 
1231.081623 0.955659 0.752810 
1231.587230 0.803650 0.784415 
1232.455976 0.372129 0.517421 
1232.648876 0.903015 0.127230 
1232.692328 0.123071 0.281056 
1233.318676 0.472906 0.347553 
1233.764795 0.076902 0.260528 
1238.116796 0.364690 0.799658 
1238.196444 0.002898 0.119014 
1240.245360 0.554414 0.092016 
1240.750937 0.473569 0.140117 
1241.245448 0.407815 0.478747 
1241.605725 0.498998 0.604967 
1242.416195 0.317788 0.804432 
1243.206074 0.206542 0.820549 
1243.792106 0.038392 0.068931 
1244.912859 0.168278 0.771816 
1245.224381 0.546274 0.904440 
1245.317855 0.627274 0.398959 
1245.831958 0.039041 0.864045 
1246.266966 0.603469 0.587746 
1246.525867 0.275242 0.210265 
1247.854572 0.953149 0.667086 
1250.030571 0.521225 0.053080 
1252.287664 0.279500 0.681115 
1253.542979 0.410301 0.804441 
1253.743079 0.936811 0.337171 
1253.839626 0.367448 0.131959 
1254.223489 0.235375 0.825266 
1257.883640 0.150240 0.005726 
1258.700323 0.338531 0.204224 
1258.762028 0.527796 0.337270 
1259.409110 0.200083 0.263521 
1260.420463 0.399463 0.834947 
1262.166707 0.570403 0.888709 
1262.817721 0.832647 0.890253 
1263.644176 0.812575 0.501182 
1264.260137 0.023458 0.265845 
1264.885482 0.692349 0.083799 
1265.792889 0.065812 0.366236 
1267.794844 0.814512 0.044301 
1268.047574 0.869231 0.113886 
1270.007259 0.466869 0.229279 
1270.164291 0.949234 0.695753 
1270.295889 0.739567 0.393194 
1271.492897 0.346101 0.298588 
1271.507621 0.318433 0.135059 
1273.759181 0.253374 0.190343 
1273.899011 0.440209 0.871604 
1273.926650 0.119353 0.978369 
1274.702045 0.923957 0.031048 
1274.797386 0.502720 0.757062 
1274.959537 0.464998 0.467683 
1275.057279 0.955909 0.973164 
1276.734437 0.602522 0.912921 
1277.108388 0.563316 0.564733 
1278.172510 0.390441 0.259466 
1279.046222 0.010922 0.229790 
1280.504771 0.656463 0.882686 
1280.930697 0.234767 0.523192 
1281.325719 0.043627 0.534229 
1281.440100 0.782414 0.117968 
1281.601662 0.879464 0.105894 
1282.540633 0.789602 0.987043 
1283.958191 0.368823 0.914180 
1285.349952 0.299031 0.573232 
1286.525464 0.835682 0.673187 
1286.652125 0.524849 0.703514 
1288.120800 0.331195 0.377313 
1288.142349 0.861574 0.002544 
1288.867467 0.753965 0.416756 
1290.371703 0.660877 0.162754 
1292.110602 0.920469 0.369266 
1292.398267 0.117599 0.908987 
1295.605130 0.389435 0.591514 
1295.643123 0.479385 0.126936 
1297.034187 0.248404 0.614922 
1297.108160 0.834645 0.722549 
1298.039808 0.105709 0.104149 
1298.851917 0.691184 0.278890 
1299.834076 0.624813 0.841447 
1301.191887 0.992749 0.016220 
1304.204047 0.121284 0.801561 
1304.559933 0.154080 0.928960 
1304.662657 0.625628 0.199933 
1305.055209 0.990102 0.810374 
1306.235332 0.157499 0.208252 
1307.299207 0.383098 0.448347 
1307.695049 0.704022 0.649720 
1308.345745 0.026910 0.282237 
1308.620223 0.211174 0.318869 
1309.553689 0.322628 0.351477 
1309.611195 0.130175 0.154705 
1310.225077 0.723708 0.391560 
1312.884598 0.153804 0.013345 
1313.097620 0.697341 0.397032 
1314.151456 0.569260 0.198926 
1314.446082 0.999480 0.253154 
1315.021116 0.617213 0.518186 
1315.896517 0.553563 0.137765 
1316.238974 0.270295 0.041727 
1317.047249 0.774807 0.982472 
1317.197819 0.566813 0.245055 
1319.466206 0.104883 0.451627 
1319.490873 0.459569 0.527945 
1319.761170 0.675594 0.348264 
1319.776592 0.916251 0.816352 
1319.795284 0.088963 0.990752 
1320.187028 0.198723 0.174188 
1322.456421 0.725234 0.513459 
1322.602405 0.407578 0.150838 
1327.548689 0.044639 0.060661 
1328.015915 0.605019 0.167244 
1328.324671 0.622173 0.313505 
1329.530788 0.271705 0.923691 
1331.473872 0.817002 0.701099 
1332.531302 0.480351 0.224386 
1332.621269 0.672188 0.508370 
1336.158213 0.273627 0.139579 
1336.984187 0.512247 0.659282 
1337.137573 0.255264 0.538804 
1337.952760 0.861336 0.820225 
1338.655971 0.528894 0.827953 
1339.437046 0.089916 0.561776 
1342.155114 0.027717 0.772823 
1342.563646 0.956655 0.428858 
1342.746793 0.767192 0.658244 
1343.662623 0.041203 0.645487 
1346.845650 0.507527 0.731308 
1347.079554 0.833965 0.946341 
1348.144614 0.432605 0.820984 
1348.419615 0.557907 0.734568 
1349.101357 0.485269 0.258087 
1349.859592 0.662382 0.005073 
1350.111515 0.976562 0.188553 
1350.194100 0.633628 0.579878 
1352.311596 0.203097 0.044786 
1352.341851 0.406579 0.111306 
1352.512922 0.590542 0.687784 
1352.670006 0.194372 0.388324 
1354.051812 0.121277 0.459750 
1356.038842 0.432311 0.814708 
1356.422536 0.671444 0.143920 
1359.010621 0.225950 0.595591 
1359.078844 0.570688 0.627734 
1359.727570 0.420584 0.973460 
1362.141446 0.761790 0.637497 
1364.149582 0.710115 0.761369 
1364.577419 0.867156 0.426979 
1365.352759 0.773387 0.348125 
1367.541957 0.777197 0.879390 
1369.488559 0.172617 0.623168 
1369.818236 0.172084 0.025680 
1370.210422 0.561892 0.306714 
1370.481985 0.535003 0.530359 
1371.341438 0.929441 0.245466 
1371.534629 0.111703 0.896376 
1372.086817 0.088440 0.046957 
1372.336423 0.232291 0.937642 
1373.372459 0.070033 0.925469 
1374.337543 0.709532 0.328386 
1375.897182 0.822508 0.215768 
1376.156633 0.545385 0.530108 
1376.568038 0.616150 0.563118 
1376.736532 0.745472 0.733270 
1380.022530 0.079401 0.875890 
1380.059000 0.789526 0.158136 
1380.916380 0.369448 0.547837 
1382.135256 0.716818 0.047028 
1384.170244 0.429908 0.507735 
1385.334729 0.032900 0.679736 
1386.838973 0.142824 0.686921 
1388.953924 0.480368 0.659875 
1388.967816 0.169408 0.513390 
1389.799243 0.084945 0.916298 
1391.792336 0.177283 0.129345 
1392.467388 0.052872 0.522375 
1392.705468 0.903270 0.194782 
1394.599921 0.451434 0.672674 
1394.892879 0.154139 0.647989 
1396.619616 0.004964 0.917682 
1397.839900 0.650714 0.401665 
1398.354361 0.690937 0.722179 
1400.253419 0.092570 0.540654 
1400.572844 0.182870 0.524294 
1401.206425 0.925843 0.559974 
1402.200505 0.914513 0.446490 
1402.530138 0.310357 0.794192 
1402.640025 0.193910 0.457294 
1403.959314 0.863334 0.317662 
1404.460124 0.535355 0.049050 
1405.711427 0.749797 0.620421 
1406.284072 0.727642 0.827286 
1407.461254 0.723489 0.052038 
1407.940399 0.172473 0.531329 
1408.158596 0.351473 0.653241 
1408.493000 0.594539 0.973047 
1409.147502 0.888519 0.743722 
1411.533664 0.596346 0.275903 
1411.630897 0.095175 0.171712 
1412.073279 0.011408 0.854702 
1412.688107 0.794767 0.267010 
1414.155884 0.486676 0.633951 
1415.780511 0.928429 0.358967 
1415.810909 0.326179 0.704257 
1416.082615 0.978492 0.265450 
1416.501803 0.759874 0.248858 
1422.942498 0.479076 0.191692 
1423.016788 0.359800 0.438145 
1423.727256 0.340172 0.130107 
1425.469981 0.607704 0.263754 
1428.107884 0.833187 0.783036 
1428.473507 0.089022 0.009182 
1428.810590 0.837234 0.056674 
1428.870382 0.541105 0.019046 
1429.587538 0.495668 0.738037 
1430.733936 0.256363 0.262576 
1430.885431 0.820106 0.270610 
1435.346226 0.328553 0.388734 
1435.776664 0.289761 0.315256 
1438.567195 0.490578 0.406921 
1439.855642 0.154089 0.224911 
1439.986445 0.420756 0.561637 
1440.610584 0.693542 0.042778 
1441.672604 0.249989 0.105791 
1445.774272 0.084364 0.804769 
1446.325426 0.670607 0.983925 
1447.318387 0.363802 0.051095 
1448.448107 0.671177 0.758473 
1448.558750 0.683191 0.788437 
1448.931045 0.764615 0.558854 
1449.043305 0.247869 0.545200 
1449.545063 0.821665 0.716443 
1452.861079 0.470055 0.020235 
1454.701311 0.875378 0.392376 
1455.373576 0.669250 0.500123 
1455.567709 0.970055 0.662205 
1458.968879 0.419734 0.197024 
1460.188938 0.794915 0.108169 
1464.245076 0.361639 0.049240 
1467.433077 0.707968 0.528410 
1467.874714 0.716721 0.502272 
1468.341633 0.354517 0.078680 
1468.733564 0.834065 0.549780 
1471.892660 0.937262 0.473759 
1474.315216 0.836953 0.602545 
1475.466904 0.471411 0.824035 
1476.273077 0.163394 0.432506 
1478.134345 0.625134 0.741566 
1478.361197 0.220554 0.511555 
1478.435378 0.048948 0.115961 
1480.296909 0.062545 0.508169 
1482.148360 0.574773 0.167099 
1482.788947 0.654723 0.800937 
1483.975749 0.152643 0.024014 
1485.202397 0.145466 0.713125 
1487.038104 0.164617 0.548644 
1487.042221 0.102602 0.565342 
1487.758060 0.475075 0.032824 
1488.317375 0.365301 0.267068 
1488.500397 0.406892 0.797755 
1489.348024 0.134330 0.484764 
1489.474492 0.272623 0.388822 
1490.068346 0.426137 0.013189 
1490.111146 0.193775 0.026868 
1491.545074 0.747111 0.641211 
1491.977066 0.709113 0.545427 
1493.981621 0.612207 0.788811 
1494.089242 0.342554 0.459626 
1494.606096 0.847039 0.572275 
1494.719147 0.316614 0.533151 
1496.109115 0.386460 0.860613 
1497.468736 0.428110 0.578802 
1497.580184 0.706969 0.295521 
1497.829842 0.269317 0.101781 
1499.596809 0.836159 0.272623 
1499.688502 0.057527 0.373750 
1501.226181 0.883496 0.937132 
1501.736705 0.746975 0.059142 
1502.937120 0.700761 0.950966 
1503.409906 0.380316 0.824299 
1504.165213 0.264331 0.882218 
1504.265950 0.150852 0.736163 
1504.514762 0.142588 0.094553 
1505.622371 0.168640 0.131022 
1508.457774 0.534452 0.392534 
1509.200844 0.629854 0.852134 
1509.352808 0.289145 0.733937 
1510.330586 0.870217 0.046768 
1510.823651 0.321798 0.125097 
1512.215738 0.974700 0.018717 
1512.743447 0.517198 0.833737 
1513.565011 0.938609 0.833166 
1513.641582 0.878401 0.955592 
1515.032736 0.521502 0.681345 
1515.155431 0.817993 0.756260 
1515.399764 0.891255 0.346760 
1515.693379 0.039860 0.907053 
1516.091133 0.294466 0.727649 
1517.307941 0.012131 0.791343 
1518.390943 0.062081 0.689488 
1520.894630 0.247417 0.108181 
1522.245812 0.815946 0.582576 
1522.606567 0.996110 0.449260 
1522.719359 0.925193 0.472650 
1523.833462 0.690704 0.809518 
1524.242417 0.760357 0.247808 
1526.064324 0.290623 0.194736 
1526.272467 0.220344 0.754504 
1526.466960 0.820479 0.118090 
1526.556471 0.171607 0.874301 
1527.223879 0.980316 0.281672 
1527.232997 0.765361 0.180982 
1527.445281 0.294485 0.467089 
1527.760665 0.747982 0.130267 
1530.072794 0.617250 0.226411 
1530.164609 0.074341 0.246625 
1530.807279 0.463100 0.551616 
1532.360711 0.658882 0.580766 
1534.268630 0.807875 0.134733 
1534.953568 0.749474 0.112990 
1535.000698 0.092021 0.175844 
1535.584233 0.286181 0.555894 
1535.831868 0.226245 0.877035 
1536.808160 0.286041 0.156177 
1537.339695 0.541965 0.900601 
1537.796696 0.836908 0.621472 
1538.083077 0.785224 0.924849 
1538.265570 0.579443 0.087948 
1539.642008 0.478126 0.961654 
1540.887303 0.238906 0.309718 
1542.168216 0.165516 0.585708 
1542.506308 0.636909 0.383768 
1543.142538 0.341562 0.908415 
1544.100732 0.200846 0.753897 
1544.270832 0.959567 0.046791 
1545.225009 0.501890 0.237988 
1545.496870 0.518513 0.417860 
1546.055469 0.956169 0.406812 
1547.547235 0.280580 0.735191 
1548.286995 0.984521 0.768596 
1548.553379 0.805467 0.638097 
1549.056709 0.449638 0.031983 
1549.218854 0.215655 0.918309 
1550.147935 0.415136 0.616400 
1551.421564 0.325287 0.473228 
1551.857290 0.411836 0.494372 
1551.983646 0.304112 0.658746 
1552.031970 0.816437 0.804953 
1553.797532 0.218327 0.763940 
1553.830896 0.931586 0.819556 
1553.969290 0.562815 0.473364 
1554.831422 0.697302 0.788340 
1555.911056 0.456149 0.980906 
1558.072266 0.413151 0.391112 
1559.280620 0.300665 0.655921 
1559.982196 0.020691 0.977578 
1560.164200 0.165041 0.037870 
1560.677257 0.149913 0.905485 
1562.367586 0.562814 0.861005 
1564.885696 0.202635 0.111469 
1566.088937 0.865699 0.059011 
1567.541640 0.748767 0.477275 
1567.708396 0.163527 0.205956 
1568.129456 0.181274 0.447405 
1568.143788 0.656029 0.513838 
1568.251930 0.140126 0.974332 
1568.891979 0.998249 0.644918 
1569.118437 0.181722 0.167082 
1569.198421 0.632553 0.850823 
1570.980557 0.811225 0.531069 
1571.689241 0.389326 0.612169 
1573.475959 0.664669 0.609665 
1575.287871 0.698486 0.532132 
1577.813423 0.221955 0.868554 
1579.460103 0.567906 0.134447 
1582.465145 0.096235 0.857794 
1582.781449 0.659000 0.073507 
1585.091098 0.199461 0.984285 
1586.472563 0.666379 0.152706 
1587.574753 0.922788 0.184848 
1589.541509 0.449327 0.670040 
1590.432437 0.712381 0.339804 
1590.897756 0.346370 0.854000 
1591.614324 0.538740 0.610865 
1595.242000 0.879628 0.164750 
1596.156635 0.392435 0.839665 
1596.232013 0.690420 0.114535 
1598.752724 0.075435 0.842297 
1599.847917 0.434872 0.807326 
1601.747922 0.960174 0.427432 
1601.938875 0.563602 0.971397 
1603.280102 0.183704 0.627639 
1604.452018 0.170290 0.523935 
1605.266286 0.999526 0.477555 
1606.379913 0.112416 0.998486 
1610.004362 0.800563 0.745011 
1610.821626 0.751520 0.388109 
1611.097044 0.158213 0.142742 
1612.211977 0.830458 0.368367 
1612.411076 0.384518 0.700177 
1615.139384 0.085282 0.104860 
1616.370606 0.258258 0.218460 
1617.616510 0.540567 0.108634 
1619.537795 0.275624 0.351059 
1621.056385 0.986456 0.242634 
1621.309254 0.114369 0.245996 
1622.127684 0.319033 0.593993 
1622.571719 0.330115 0.069961 
1625.526122 0.626495 0.760856 
1626.293618 0.589045 0.236007 
1627.232884 0.144381 0.881501 
1627.840593 0.649139 0.508556 
1629.411559 0.742756 0.178296 
1630.702818 0.716311 0.207251 
1630.813008 0.475046 0.461486 
1631.084459 0.839884 0.935844 
1632.354012 0.718750 0.926005 
1632.654773 0.474560 0.377054 
1633.501846 0.035472 0.054668 
1636.248708 0.197739 0.434406 
1636.376128 0.840414 0.272134 
1637.607076 0.813080 0.356901 
1637.736369 0.443600 0.576415 
1637.899277 0.394026 0.737675 
1638.254732 0.378874 0.559704 
1638.798075 0.010697 0.538471 
1640.702609 0.549637 0.359987 
1640.839606 0.798313 0.548318 
1640.855913 0.950837 0.643460 
1642.212967 0.690288 0.276809 
1642.626080 0.999606 0.853810 
1643.047336 0.374492 0.138460 
1643.166906 0.516856 0.158719 
1643.615568 0.447721 0.814250 
1643.795614 0.027426 0.981691 
1644.739224 0.650225 0.845799 
1649.229305 0.707298 0.857580 
1649.789076 0.602157 0.426828 
1650.607908 0.817942 0.784756 
1650.689298 0.243511 0.865499 
1651.220075 0.588426 0.279714 
1651.388425 0.340167 0.595980 
1651.564429 0.679068 0.580341 
1654.772400 0.282450 0.325455 
1657.141514 0.280028 0.937275 
1658.386775 0.404750 0.922147 
1658.626870 0.878155 0.367116 
1660.202778 0.826821 0.131177 
1661.418345 0.901963 0.381845 
1662.143572 0.303863 0.285563 
1662.554429 0.774094 0.061316 
1663.640856 0.783208 0.694241 
1667.132199 0.832920 0.794043 
1667.184622 0.784807 0.283149 
1667.298807 0.734072 0.234233 
1669.417900 0.745051 0.639970 
1670.791584 0.498516 0.461352 
1672.481342 0.693613 0.199768 
1672.718517 0.849803 0.227077 
1673.285181 0.541413 0.643489 
1673.740580 0.356260 0.530393 
1674.332278 0.454376 0.876399 
1674.488513 0.546019 0.429404 
1675.334754 0.109197 0.899044 
1676.329186 0.034327 0.288971 
1676.732269 0.709636 0.941987 
1676.893104 0.850504 0.880637 
1678.391872 0.944645 0.445852 
1679.605185 0.515236 0.574368 
1679.825252 0.843739 0.312783 
1679.830393 0.351605 0.880629 
1680.110214 0.983324 0.200558 
1680.261097 0.812324 0.710601 
1682.566198 0.643076 0.262496 
1683.177836 0.349041 0.192047 
1684.802459 0.255784 0.500567 
1687.379100 0.607803 0.946628 
1687.467680 0.960592 0.971850 
1688.261745 0.023225 0.543903 
1689.702200 0.949779 0.978469 
1690.048745 0.428769 0.177117 
1690.705265 0.745948 0.245422 
1691.457840 0.669522 0.166124 
1691.600417 0.385656 0.878487 
1692.752288 0.296607 0.856130 
1694.104500 0.672618 0.232130 
1694.867387 0.299167 0.170475 
1694.947852 0.627701 0.027827 
1695.175149 0.256017 0.061721 
1695.694112 0.603268 0.262773 
1695.995995 0.982760 0.087923 
1696.848077 0.643539 0.316992 
1697.130087 0.857074 0.475882 
1697.168391 0.087061 0.780549 
1697.942803 0.712181 0.534747 
1700.284218 0.440598 0.091649 
1700.416847 0.719274 0.315990 
1701.383923 0.948537 0.229223 
1701.623883 0.886770 0.684309 
1702.103270 0.550175 0.326789 
1703.876434 0.651177 0.970565 
1708.489843 0.678354 0.398866 
1710.001356 0.676696 0.739809 
1713.652632 0.200704 0.540207 
1714.105829 0.988919 0.286460 
1714.300563 0.090151 0.502279 
1714.527131 0.949839 0.185474 
1716.161857 0.670065 0.525725 
1716.447710 0.526012 0.104603 
1717.859441 0.109613 0.005214 
1718.249751 0.434495 0.335581 
1719.283157 0.937364 0.938138 
1720.827565 0.537455 0.948307 
1720.838095 0.349019 0.099983 
1721.448501 0.652167 0.997876 
1722.581320 0.608497 0.989218 
1723.330343 0.056189 0.042944 
1724.877177 0.241698 0.937191 
1725.404783 0.097958 0.849659 
1725.960862 0.633124 0.907745 
1729.264287 0.930646 0.749650 
1731.197017 0.483257 0.087083 
1732.136401 0.037669 0.182499 
1732.534544 0.830668 0.440720 
1734.724581 0.052264 0.407062 
1735.010112 0.640324 0.243065 
1735.802130 0.672580 0.386219 
1736.227891 0.069339 0.761448 
1737.516804 0.447895 0.835509 
1739.126812 0.869110 0.883543 
1739.566715 0.856383 0.857175 
1739.775400 0.005259 0.175902 
1740.088789 0.350927 0.796656 
1740.404352 0.350496 0.726092 
1740.979712 0.153513 0.274355 
1741.109784 0.331648 0.198198 
1743.175339 0.539982 0.325628 
1744.069776 0.462363 0.828603 
1744.295235 0.388535 0.946031 
1744.309672 0.441827 0.486432 
1745.121121 0.012811 0.726395 
1745.658211 0.641096 0.499265 
1746.414479 0.001135 0.486823 
1747.028711 0.555236 0.115543 
1747.039733 0.474721 0.478628 
1747.192813 0.237118 0.406620 
1748.020628 0.165511 0.904337 
1748.586181 0.556448 0.507252 
1748.747548 0.954146 0.128546 
1749.480221 0.309366 0.733544 
1750.807360 0.284468 0.350555 
1752.201042 0.378233 0.186781 
1755.953637 0.257043 0.632753 
1756.041797 0.000737 0.081754 
1757.151413 0.794387 0.257372 
1757.271665 0.844929 0.318702 
1757.494876 0.880017 0.383767 
1757.708153 0.453230 0.481647 
1758.023813 0.170891 0.442626 
1759.354421 0.223799 0.860120 
1759.600421 0.454748 0.251741 
1759.783315 0.221399 0.417063 
1760.731380 0.581774 0.102342 
1760.927656 0.297212 0.714381 
1761.001633 0.798625 0.914007 
1762.698710 0.674052 0.457385 
1762.965545 0.784303 0.870268 
1763.185060 0.573125 0.593846 
1763.369840 0.873487 0.945776 
1765.594986 0.354410 0.910594 
1765.797854 0.227220 0.309250 
1765.890452 0.608711 0.560434 
1766.324175 0.089804 0.945700 
1767.044982 0.036878 0.717838 
1768.957738 0.291869 0.472398 
1769.011581 0.895831 0.666431 
1769.055387 0.870031 0.047484 
1769.877166 0.421004 0.153800 
1770.284596 0.290063 0.886756 
1771.143805 0.362022 0.230241 
1771.435150 0.972289 0.766573 
1771.562616 0.301305 0.539217 
1772.126745 0.915939 0.057766 
1772.300930 0.150830 0.067909 
1773.557601 0.589386 0.820941 
1775.128042 0.952768 0.358019 
1777.678895 0.002183 0.296551 
1778.057425 0.263943 0.407682 
1778.729421 0.380550 0.588003 
1779.502520 0.387922 0.068785 
1779.636754 0.666895 0.509056 
1780.378695 0.359427 0.315707 
1781.921879 0.231008 0.272696 
1782.023307 0.861594 0.568632 
1782.048020 0.008850 0.379739 
1786.806691 0.404831 0.084862 
1786.890929 0.315517 0.679024 
1787.433129 0.613294 0.763988 
1787.787730 0.047940 0.669286 
1788.634821 0.249266 0.363624 
1788.878303 0.429858 0.655177 
1791.722505 0.228148 0.862948 
1792.056839 0.428356 0.214974 
1792.233162 0.597090 0.348631 
1792.888328 0.787766 0.282843 
1794.309766 0.973082 0.002123 
1794.687862 0.777665 0.156897 
1795.873359 0.419788 0.161206 
1796.342079 0.955886 0.249984 
1796.614464 0.114117 0.876072 
1798.331021 0.517005 0.544454 
1798.729869 0.360136 0.690641 
1799.469587 0.365204 0.917736 
1800.004007 0.160812 0.333389 
1801.428124 0.734113 0.897595 
1803.544534 0.289988 0.862843 
1803.716874 0.445780 0.182957 
1804.377335 0.771160 0.192354 
1804.512363 0.312746 0.616417 
1804.829026 0.220638 0.595923 
1805.059848 0.122805 0.496223 
1806.932526 0.104415 0.690343 
1807.152174 0.887326 0.657585 
1809.392460 0.036112 0.719947 
1809.921568 0.573665 0.730768 
1810.547905 0.125140 0.444067 
1814.475822 0.929917 0.330063 
1814.552296 0.597792 0.587337 
1815.273895 0.102558 0.402496 
1816.363718 0.353555 0.860415 
1816.501048 0.891284 0.416633 
1817.936494 0.280760 0.907925 
1817.951655 0.674409 0.444953 
1818.732528 0.488335 0.270886 
1819.578454 0.247510 0.851861 
1820.396993 0.122503 0.678832 
1820.616450 0.624237 0.537837 
1821.358523 0.455731 0.431132 
1822.415223 0.479850 0.670048 
1826.789390 0.878812 0.468661 
1827.710932 0.907109 0.191853 
1827.825107 0.279001 0.083462 
1829.694678 0.172888 0.550920 
1830.361488 0.094721 0.292383 
1830.983980 0.000700 0.400942 
1831.327558 0.077299 0.726720 
1833.001743 0.967399 0.546192 
1834.057458 0.515191 0.364121 
1834.438148 0.821117 0.384174 
1834.554169 0.751049 0.755899 
1835.199111 0.294537 0.961977 
1837.127401 0.577330 0.633070 
1837.735939 0.689375 0.593253 
1838.399730 0.935120 0.652416 
1839.836574 0.171969 0.565357 
1840.166943 0.012074 0.004009 
1841.476481 0.670703 0.472884 
1842.063560 0.795607 0.461776 
1842.722914 0.679853 0.219603 
1843.147465 0.312024 0.971891 
1843.320039 0.146779 0.861101 
1846.586940 0.730175 0.093344 
1846.778202 0.204228 0.014212 
1847.163823 0.046398 0.614359 
1847.354770 0.398686 0.443456 
1848.278180 0.185710 0.568031 
1848.285494 0.532411 0.329734 
1848.362646 0.086088 0.871288 
1848.704849 0.464412 0.316520 
1849.209113 0.310168 0.770983 
1849.821453 0.445952 0.963073 
1850.470607 0.363368 0.623383 
1851.473808 0.085852 0.396546 
1852.120148 0.688542 0.411604 
1853.399288 0.157227 0.626777 
1855.049689 0.444562 0.303194 
1856.264720 0.781275 0.519029 
1856.625714 0.959701 0.177603 
1857.626785 0.630726 0.515088 
1860.339237 0.283835 0.022968 
1861.505327 0.517153 0.535745 
1862.416512 0.243315 0.207683 
1862.650367 0.312719 0.808159 
1862.693227 0.737082 0.202957 
1862.784130 0.611572 0.051591 
1863.355907 0.109427 0.178152 
1863.830401 0.639041 0.674320 
1864.965474 0.425285 0.631634 
1866.435587 0.119465 0.792351 
1866.693535 0.778018 0.248379 
1868.110898 0.731982 0.890140 
1868.980001 0.765983 0.649644 
1869.128329 0.729491 0.584422 
1870.677752 0.999166 0.721236 
1870.963731 0.354133 0.890534 
1872.124227 0.220841 0.716951 
1873.374570 0.214150 0.287188 
1874.493830 0.768460 0.268549 
1875.455140 0.405971 0.200966 
1876.869082 0.212693 0.231091 
1879.113845 0.409580 0.314574 
1881.620629 0.395875 0.308931 
1883.930254 0.342472 0.484766 
1885.178246 0.236501 0.560000 
1885.579593 0.757440 0.879194 
1886.304908 0.602932 0.112615 
1886.824382 0.984948 0.504695 
1886.955360 0.264168 0.385916 
1888.771517 0.550516 0.118336 
1889.488476 0.185307 0.631429 
1889.698086 0.872648 0.055045 
1890.141198 0.741156 0.125062 
1890.330585 0.389966 0.124641 
1891.921921 0.654525 0.977546 
1893.726658 0.116787 0.811352 
1895.241745 0.063677 0.056998 
1895.568112 0.107898 0.326824 
1896.288425 0.856416 0.113170 
1896.539645 0.095813 0.428857 
1897.398015 0.877806 0.720676 
1897.934709 0.292685 0.398859 
1899.289240 0.816485 0.875001 
1901.387926 0.260659 0.170544 
1903.000015 0.557181 0.632753 
1904.283226 0.990922 0.674865 
1904.406578 0.319911 0.273153 
1906.059441 0.595186 0.759331 
1909.255869 0.585313 0.998705 
1909.801380 0.788809 0.826198 
1910.268939 0.272568 0.975365 
1911.132737 0.879321 0.644773 
1911.294349 0.808062 0.079160 
1911.479617 0.512371 0.191018 
1911.513553 0.824127 0.796846 
1915.233529 0.217446 0.836638 
1915.778794 0.978347 0.735685 
1917.717482 0.636879 0.897636 
1918.669616 0.872094 0.295935 
1919.794885 0.133377 0.589258 
1923.932144 0.217656 0.755037 
1924.067262 0.790294 0.169084 
1924.594942 0.147043 0.628217 
1925.840546 0.806748 0.569211 
1927.760414 0.951139 0.600127 
1927.883764 0.808469 0.242505 
1929.705103 0.822287 0.587514 
1931.032028 0.874684 0.401409 
1931.158351 0.354215 0.453897 
1931.365883 0.948078 0.019065 
1931.367309 0.144332 0.136148 
1931.750129 0.926790 0.530290 
1933.899703 0.457155 0.044138 
1936.711498 0.837683 0.898953 
1939.320126 0.370432 0.546742 
1939.530327 0.118919 0.606830 
1939.575692 0.219609 0.600401 
1942.048613 0.925556 0.659713 
1946.138983 0.054008 0.190088 
1948.093613 0.915180 0.301041 
1948.940206 0.740060 0.213066 
1949.586325 0.501160 0.019838 
1950.708703 0.005030 0.352487 
1952.140752 0.722706 0.024949 
1952.370669 0.715775 0.153602 
1952.766401 0.602190 0.456548 
1952.997507 0.150916 0.495394 
1955.109581 0.632761 0.201026 
1956.921331 0.462330 0.967336 
1957.002747 0.346561 0.988518 
1957.770651 0.469830 0.936196 
1958.973923 0.845047 0.954289 
1960.445359 0.568236 0.027734 
1962.667255 0.868828 0.343232 
1964.095404 0.780045 0.017376 
1964.825813 0.936535 0.749626 
1965.868167 0.497993 0.196322 
1966.109070 0.964366 0.102518 
1969.319931 0.728140 0.877740 
1969.443094 0.339174 0.084831 
1971.953007 0.792741 0.956094 
1972.905331 0.789895 0.532103 
1974.126647 0.158731 0.522728 
1975.196435 0.644606 0.517946 
1975.520245 0.259410 0.689800 
1976.537933 0.776946 0.136061 
1978.077902 0.899871 0.577942 
1978.774040 0.917716 0.483579 
1979.225532 0.882759 0.091188 
1979.263024 0.670222 0.611075 
1981.277224 0.718291 0.942292 
1982.844496 0.334556 0.586451 
1983.020915 0.684776 0.809530 
1983.032527 0.666007 0.704206 
1983.975481 0.285763 0.599961 
1985.076800 0.294723 0.039673 
1985.665990 0.057785 0.857811 
1986.213391 0.434489 0.900892 
1986.827575 0.966117 0.142121 
1986.867662 0.656908 0.446179 
1987.713176 0.079488 0.665682 
1987.944158 0.361585 0.799314 
1988.258697 0.075787 0.545189 
1989.416646 0.052231 0.739258 
1990.295378 0.780196 0.314867 
1991.110994 0.222464 0.832797 
1992.442224 0.782871 0.615193 
1993.869134 0.994811 0.223364 
1994.112881 0.074029 0.831491 
1996.683778 0.175002 0.734760 
1996.823110 0.398729 0.923620 
1999.654911 0.723051 0.987076 
2001.530272 0.325856 0.527648 
2002.696951 0.512942 0.601748 
2002.775540 0.378450 0.774095 
2003.125733 0.395285 0.955262 
2005.309884 0.016871 0.628596 
2006.104606 0.593986 0.436712 
2007.601668 0.396320 0.842740 
2008.349321 0.835821 0.928782 
2008.749287 0.387166 0.390964 
2009.187948 0.842840 0.960202 
2009.359485 0.982214 0.972675 
2009.786571 0.574726 0.210798 
2017.560905 0.112685 0.120406 
2017.627606 0.888354 0.820985 
2017.898936 0.264419 0.210804 
2018.020384 0.214525 0.893431 
2018.442514 0.626582 0.644956 
2019.264193 0.283613 0.270159 
2020.188898 0.319012 0.939797 
2021.430552 0.051969 0.212356 
2023.303747 0.220490 0.401715 
2024.176321 0.025158 0.293526 
2024.442113 0.144619 0.339763 
2026.741927 0.319981 0.368883 
2026.993674 0.522158 0.347773 
2028.565940 0.410392 0.178678 
2028.961322 0.874083 0.339489 
2030.225472 0.549778 0.372798 
2030.745120 0.173702 0.768350 
2031.407589 0.105434 0.791189 
2033.996364 0.113260 0.181429 
2034.240148 0.048992 0.723748 
2034.823419 0.854180 0.017740 
2035.532977 0.956966 0.544129 
2037.250873 0.453660 0.650897 
2041.841188 0.134207 0.200858 
2042.700884 0.014563 0.922113 
2043.689397 0.401209 0.567108 
2043.806994 0.444269 0.095091 
2044.623447 0.539245 0.236837 
2047.003619 0.815581 0.134720 
2048.858379 0.522083 0.500890 
