0.000000 0.429740 0.158003 
0.085639 0.685242 0.243201 
0.147827 0.344274 0.720313 
1.483133 0.991799 0.953003 
1.490383 0.237337 0.621969 
3.251233 0.108141 0.046107 
3.412123 0.536980 0.368551 
4.304267 0.648549 0.192121 
4.605911 0.189159 0.165601 
5.112373 0.941135 0.937990 
5.197734 0.884563 0.563639 
6.393506 0.005969 0.681219 
9.128562 0.349183 0.830629 
10.196587 0.007577 0.605427 
10.726325 0.704460 0.776989 
10.921590 0.662169 0.107092 
13.627233 0.725562 0.570315 
14.975291 0.409071 0.926648 
15.024789 0.134924 0.328601 
15.351845 0.250231 0.257954 
16.288167 0.078698 0.923225 
16.373033 0.857023 0.667186 
17.154275 0.176970 0.506237 
17.178840 0.186255 0.741010 
19.088882 0.050555 0.208396 
19.461603 0.100643 0.849918 
19.766115 0.092736 0.068891 
20.628287 0.258797 0.705482 
22.063115 0.126546 0.402573 
22.230858 0.856252 0.662596 
25.139574 0.898684 0.994986 
27.601042 0.081196 0.622052 
27.606271 0.002489 0.636351 
27.904543 0.174379 0.494542 
28.300005 0.955914 0.904396 
28.332784 0.010853 0.465838 
28.657873 0.326427 0.481964 
29.691983 0.400848 0.001924 
29.728554 0.063233 0.274542 
30.048105 0.012500 0.105772 
30.147166 0.163711 0.998875 
30.268374 0.113265 0.037835 
30.274664 0.804174 0.846718 
30.275370 0.469625 0.168353 
30.941693 0.754973 0.833304 
32.212709 0.038637 0.033493 
32.589894 0.338465 0.211295 
34.945991 0.607387 0.734341 
35.293178 0.695848 0.809526 
35.589081 0.420603 0.136972 
35.640642 0.727053 0.693026 
37.995810 0.605116 0.983630 
40.712463 0.121313 0.123515 
41.392752 0.017641 0.542509 
41.940906 0.431120 0.632378 
41.987315 0.063759 0.598466 
43.262812 0.988862 0.972290 
43.288970 0.319178 0.267370 
43.968189 0.197955 0.292076 
45.939722 0.506767 0.061634 
46.533344 0.917030 0.230018 
47.137309 0.903064 0.608731 
47.444257 0.962399 0.397385 
47.609059 0.293401 0.715809 
48.392654 0.946446 0.094174 
48.921132 0.975418 0.880666 
49.298956 0.467701 0.904931 
50.193740 0.739720 0.378836 
51.897768 0.850349 0.873646 
52.284925 0.611575 0.605382 
53.251132 0.613428 0.132046 
54.324042 0.384426 0.217573 
55.447867 0.404848 0.113382 
56.449473 0.436882 0.282397 
58.431334 0.721991 0.605475 
58.467514 0.509410 0.009870 
59.192255 0.483303 0.699702 
59.911166 0.074367 0.014307 
60.110807 0.363395 0.906844 
60.464878 0.847028 0.242697 
60.560973 0.513444 0.714429 
61.003047 0.381475 0.065499 
61.346194 0.872490 0.486736 
61.650089 0.787325 0.396101 
61.865187 0.067108 0.936827 
62.972135 0.216639 0.682177 
63.549850 0.029740 0.624298 
64.440265 0.144961 0.898172 
65.008606 0.733715 0.201640 
65.468593 0.328810 0.736107 
66.942416 0.621091 0.025375 
67.200962 0.254291 0.059060 
69.536308 0.591275 0.202095 
70.563308 0.990600 0.745081 
71.207803 0.888717 0.040773 
73.215836 0.074900 0.254774 
73.538639 0.405776 0.700930 
73.755090 0.199595 0.732152 
74.612674 0.770420 0.473511 
74.621320 0.903851 0.714156 
75.309553 0.156066 0.859291 
76.463006 0.312421 0.128646 
76.793107 0.235087 0.029213 
76.941208 0.008493 0.169175 
77.032202 0.480361 0.166474 
77.774295 0.559862 0.653784 
78.066372 0.202563 0.729539 
78.105051 0.925473 0.606498 
78.965822 0.147081 0.865432 
81.231422 0.255093 0.438409 
81.618144 0.117076 0.733339 
81.869949 0.861195 0.075911 
82.313798 0.634728 0.520405 
83.073767 0.443547 0.563001 
83.341235 0.981322 0.165161 
83.384515 0.367812 0.982596 
84.200088 0.169588 0.279959 
84.324676 0.738491 0.620713 
85.153061 0.730535 0.739369 
86.278676 0.076101 0.418566 
87.705292 0.143176 0.489298 
89.550178 0.324427 0.489066 
89.953037 0.581544 0.354577 
90.062950 0.231423 0.226199 
94.001806 0.626365 0.085615 
94.401914 0.753070 0.282942 
95.538566 0.207588 0.358447 
96.479691 0.441254 0.093480 
98.420069 0.608891 0.263148 
99.063257 0.294173 0.704833 
99.724919 0.951639 0.851063 
101.326695 0.741486 0.187731 
101.586169 0.831773 0.394715 
102.874872 0.415054 0.677264 
103.417892 0.418601 0.584875 
104.033664 0.089206 0.409447 
104.893142 0.364654 0.534006 
106.726424 0.771180 0.356967 
108.047684 0.692031 0.489605 
108.150920 0.355142 0.435311 
109.301597 0.911503 0.834533 
110.092183 0.594158 0.994010 
110.422408 0.413910 0.774294 
110.588888 0.402457 0.712479 
110.903916 0.697286 0.341418 
111.503364 0.340429 0.932463 
111.721220 0.264174 0.987240 
111.799550 0.857911 0.123750 
112.467112 0.010264 0.221606 
115.152874 0.532180 0.944792 
115.492533 0.449358 0.202382 
115.736148 0.858657 0.151174 
117.402942 0.662575 0.411011 
117.543472 0.277671 0.284863 
120.240277 0.098403 0.772915 
122.161952 0.780834 0.493164 
126.172526 0.692791 0.777861 
127.753189 0.802905 0.099314 
131.454988 0.511815 0.366822 
131.544817 0.154272 0.503822 
132.257121 0.650315 0.864294 
136.214995 0.135401 0.084771 
136.469603 0.399908 0.558114 
138.540717 0.125428 0.645162 
139.174922 0.412938 0.722918 
140.359644 0.763163 0.116900 
146.168084 0.526526 0.262290 
147.558616 0.091424 0.515859 
149.732677 0.676830 0.927163 
151.081854 0.184586 0.415465 
154.863164 0.209062 0.694351 
155.210392 0.244115 0.309162 
159.396599 0.369668 0.733650 
160.629327 0.695205 0.787700 
161.271210 0.341723 0.859708 
162.420544 0.183470 0.496641 
162.608114 0.861332 0.021877 
162.880053 0.453123 0.981545 
164.292186 0.234729 0.142421 
164.795674 0.218028 0.486534 
167.899304 0.736530 0.454402 
171.094014 0.066540 0.895787 
171.717155 0.685600 0.335856 
173.157071 0.799504 0.843140 
173.996436 0.589704 0.634506 
174.527980 0.405492 0.241456 
176.471096 0.173855 0.699621 
176.539944 0.353890 0.871824 
176.582770 0.975015 0.884590 
179.337623 0.067617 0.093155 
179.510046 0.001146 0.871538 
180.415455 0.805927 0.485781 
183.377181 0.029839 0.289048 
183.926545 0.440165 0.578365 
185.140501 0.462084 0.566592 
186.011044 0.976261 0.659524 
187.373768 0.854249 0.419158 
189.114251 0.203237 0.611807 
190.312551 0.937389 0.590578 
191.518643 0.073134 0.848106 
191.690277 0.795431 0.404998 
191.821002 0.651493 0.328414 
193.429937 0.805783 0.185548 
196.087460 0.647232 0.491113 
196.347064 0.547986 0.404156 
196.633513 0.211936 0.306590 
197.170406 0.190744 0.466525 
197.198385 0.010413 0.376992 
197.420675 0.885516 0.323131 
199.299615 0.909370 0.137836 
200.138602 0.200896 0.907382 
202.111456 0.359538 0.147032 
202.363271 0.395308 0.180935 
203.173061 0.637370 0.491182 
203.621249 0.299524 0.399716 
204.154424 0.408485 0.435699 
204.845823 0.624674 0.496070 
204.993488 0.228707 0.540551 
204.996515 0.845837 0.123180 
205.232599 0.651262 0.080703 
207.545630 0.184861 0.715977 
207.674711 0.365335 0.422741 
209.875236 0.264663 0.043624 
210.690804 0.781914 0.718100 
211.888948 0.032297 0.516187 
212.679847 0.928672 0.819020 
213.021476 0.458599 0.846687 
214.245692 0.524328 0.876488 
216.029935 0.908246 0.595121 
220.355808 0.327469 0.681887 
224.561851 0.999926 0.682041 
224.775648 0.450072 0.841833 
225.252702 0.028875 0.978508 
225.388643 0.040641 0.018504 
225.581604 0.423426 0.911597 
225.583901 0.062466 0.335136 
226.202304 0.270275 0.542585 
226.338799 0.479014 0.510798 
227.433933 0.124848 0.456864 
228.526259 0.328952 0.793521 
231.451219 0.166648 0.691316 
231.903200 0.852272 0.406844 
233.357759 0.494475 0.290540 
234.200334 0.825269 0.221196 
234.274921 0.544582 0.632534 
238.041430 0.685461 0.633956 
239.746351 0.459566 0.662429 
244.425084 0.794739 0.262749 
245.348869 0.089873 0.069888 
246.873945 0.055132 0.704579 
248.319160 0.449164 0.819463 
248.832363 0.364731 0.066454 
249.210948 0.536859 0.886680 
249.449104 0.576868 0.949897 
249.727167 0.751541 0.282600 
249.823858 0.042954 0.293363 
250.433774 0.617432 0.510700 
254.857077 0.890119 0.219119 
255.775643 0.119683 0.761708 
255.954051 0.961650 0.665994 
256.284185 0.050474 0.044502 
256.959040 0.993043 0.154319 
260.371228 0.275677 0.293217 
260.666583 0.003316 0.809349 
260.960524 0.048689 0.051216 
261.234375 0.361679 0.409878 
261.843464 0.318765 0.933041 
262.035393 0.906109 0.565645 
263.019290 0.662427 0.878664 
263.327357 0.532880 0.845661 
263.542923 0.277446 0.554968 
263.790560 0.787571 0.102640 
264.983412 0.789058 0.127086 
264.988138 0.199309 0.831782 
265.660189 0.584467 0.672115 
266.395806 0.919994 0.564295 
266.853882 0.513505 0.313240 
267.869326 0.948325 0.942256 
268.612596 0.536612 0.677569 
268.876913 0.443028 0.981476 
269.909921 0.033236 0.819170 
269.979186 0.686580 0.145854 
271.474641 0.140872 0.432155 
272.339388 0.250320 0.110855 
272.645907 0.994162 0.653158 
273.173478 0.122899 0.541011 
273.721183 0.632801 0.158866 
274.833824 0.614423 0.375179 
275.034124 0.490582 0.218908 
276.821264 0.762923 0.729084 
277.105901 0.740905 0.938587 
277.467053 0.165756 0.965892 
279.346341 0.882752 0.277986 
281.897148 0.872441 0.368288 
282.016094 0.353751 0.526712 
282.250382 0.638794 0.402314 
282.443715 0.072518 0.258174 
283.674386 0.562850 0.030007 
283.745388 0.638362 0.091657 
286.435377 0.292583 0.434587 
287.864885 0.155535 0.496088 
289.503643 0.846206 0.574536 
291.664346 0.004078 0.417053 
293.339792 0.395824 0.825526 
303.518399 0.536864 0.533617 
303.918961 0.792028 0.830373 
304.348106 0.099001 0.979512 
305.938964 0.863916 0.702444 
306.017862 0.222978 0.121658 
306.700463 0.554644 0.815572 
308.438196 0.398990 0.664491 
309.278022 0.531736 0.349642 
311.220081 0.029257 0.726038 
314.011173 0.160126 0.350594 
314.041647 0.102301 0.981838 
315.221342 0.869762 0.306677 
315.426066 0.208150 0.149018 
315.481176 0.561941 0.987141 
317.514003 0.821278 0.633326 
317.900009 0.134236 0.026743 
318.464238 0.566132 0.605517 
319.925184 0.294065 0.584402 
322.496025 0.345647 0.932957 
322.675297 0.610358 0.065426 
323.063985 0.222563 0.862660 
323.114486 0.295558 0.220606 
323.806565 0.802375 0.506757 
324.001733 0.565435 0.898442 
324.049308 0.213824 0.531838 
325.880533 0.777669 0.821409 
326.666239 0.701586 0.321300 
326.898721 0.987987 0.450803 
326.959497 0.066022 0.763868 
327.500833 0.183432 0.132102 
327.552589 0.963234 0.052835 
328.988031 0.282790 0.755334 
331.197283 0.962195 0.189998 
332.881324 0.030199 0.285470 
333.343978 0.903588 0.136543 
334.360316 0.974515 0.155495 
334.706124 0.025414 0.307719 
334.883747 0.600433 0.677521 
337.173906 0.731186 0.878976 
338.586429 0.329859 0.192460 
339.652827 0.384038 0.576177 
339.703292 0.324477 0.490614 
339.706493 0.429916 0.016110 
341.423196 0.853529 0.250396 
341.847294 0.237865 0.236325 
343.708855 0.831471 0.813353 
343.720342 0.359324 0.157672 
345.612953 0.753535 0.442313 
346.061868 0.587212 0.069630 
349.315212 0.924391 0.738901 
350.617446 0.769544 0.920020 
352.116494 0.189452 0.602989 
352.851959 0.864573 0.165909 
352.882608 0.825949 0.939359 
354.892314 0.672990 0.957484 
356.212760 0.661173 0.577031 
358.996777 0.049322 0.065718 
359.704528 0.615584 0.748139 
360.140101 0.746050 0.214281 
362.655852 0.059484 0.203802 
362.747972 0.553959 0.549489 
362.924432 0.992026 0.759230 
367.519591 0.243806 0.877687 
372.319531 0.132026 0.223609 
373.533644 0.236037 0.560730 
375.435431 0.107931 0.140541 
377.034148 0.676901 0.252263 
377.072259 0.215878 0.759629 
379.136709 0.710001 0.977738 
382.382189 0.293164 0.861571 
383.402425 0.128218 0.964685 
383.471401 0.859772 0.000219 
383.665186 0.063249 0.180153 
385.621236 0.925418 0.670732 
386.787744 0.647575 0.495553 
387.520595 0.349086 0.070344 
387.891542 0.344853 0.654958 
389.941507 0.241119 0.149928 
390.572832 0.360001 0.666468 
390.784905 0.492282 0.537051 
396.085631 0.883235 0.681980 
397.906973 0.296869 0.874658 
399.549943 0.920458 0.228021 
399.791316 0.722306 0.538675 
400.240290 0.158174 0.430205 
400.350199 0.916018 0.389494 
401.622622 0.830543 0.093663 
405.443444 0.559623 0.166762 
406.938045 0.509669 0.802987 
407.480714 0.007169 0.825554 
407.753637 0.205762 0.527182 
412.252217 0.145782 0.973155 
412.546096 0.735652 0.685777 
412.761196 0.576817 0.385579 
412.791338 0.378029 0.162553 
415.929228 0.223153 0.151284 
416.983393 0.774085 0.740403 
419.348397 0.553117 0.964309 
420.377721 0.697948 0.117661 
420.503261 0.940881 0.112535 
420.603425 0.890999 0.389085 
420.622352 0.425865 0.224831 
421.093559 0.526145 0.561652 
423.101056 0.739051 0.318220 
423.722397 0.507747 0.453442 
425.364186 0.365462 0.908466 
425.716500 0.776651 0.849354 
429.837827 0.216282 0.256236 
429.867654 0.416263 0.822635 
429.886943 0.098757 0.437274 
429.954363 0.562089 0.200700 
433.254538 0.299528 0.910848 
434.417851 0.150070 0.867801 
434.935847 0.819874 0.124698 
435.630137 0.799573 0.393022 
436.256750 0.169068 0.419682 
436.586153 0.677707 0.712842 
437.146451 0.365113 0.669877 
438.020033 0.805645 0.777724 
440.917474 0.292705 0.882113 
441.589811 0.953519 0.357863 
441.950348 0.562171 0.216922 
442.399306 0.526894 0.059733 
442.647692 0.882288 0.861881 
442.658563 0.755911 0.438718 
443.432047 0.118532 0.908524 
444.760095 0.187700 0.378548 
445.049349 0.447101 0.625195 
445.748657 0.198749 0.599775 
451.001605 0.991416 0.229633 
452.213322 0.231935 0.324792 
452.881201 0.928743 0.168889 
453.374361 0.097953 0.588245 
454.381571 0.791888 0.738817 
454.500983 0.930088 0.595667 
454.798216 0.223108 0.712628 
455.141906 0.426744 0.723712 
455.540892 0.227055 0.879923 
456.295295 0.596182 0.589726 
457.670869 0.107587 0.102104 
457.923128 0.463829 0.999292 
459.077204 0.560701 0.635321 
459.171187 0.713398 0.010861 
459.178242 0.327179 0.329652 
459.336362 0.841218 0.640501 
460.801315 0.914529 0.018731 
462.007211 0.087914 0.038263 
462.973138 0.656283 0.817468 
463.598630 0.834470 0.817396 
465.292000 0.350109 0.792997 
465.488823 0.712919 0.616510 
465.559414 0.422972 0.807234 
466.893042 0.358725 0.998316 
467.337519 0.702705 0.297923 
468.073072 0.665220 0.042926 
468.767876 0.114391 0.920070 
473.279192 0.442957 0.862874 
476.114176 0.865414 0.872849 
477.695545 0.203943 0.846809 
478.257783 0.645757 0.936705 
478.830355 0.025272 0.094040 
479.276645 0.735016 0.066076 
480.574848 0.643688 0.815596 
480.857795 0.012588 0.687579 
481.096241 0.171249 0.632034 
481.991840 0.887848 0.812034 
482.321155 0.928698 0.731970 
482.596858 0.520630 0.819435 
483.872383 0.744401 0.089443 
484.686434 0.926064 0.761945 
485.254050 0.873926 0.449079 
485.270074 0.911190 0.552416 
489.058534 0.213716 0.047466 
490.877067 0.518617 0.030293 
490.885065 0.180503 0.316162 
491.678844 0.193770 0.157051 
493.112007 0.762505 0.083264 
494.419969 0.531977 0.738407 
497.893571 0.100789 0.170437 
498.405149 0.444558 0.466442 
500.514568 0.135099 0.549405 
500.667162 0.152604 0.951209 
501.030571 0.712419 0.586327 
501.446432 0.317500 0.913120 
501.929933 0.473530 0.250875 
502.612394 0.275388 0.140839 
503.755814 0.823955 0.632569 
506.768367 0.189062 0.225343 
510.857028 0.049706 0.004563 
511.265030 0.130458 0.951605 
512.469908 0.062537 0.492009 
512.997846 0.433831 0.303844 
514.156443 0.291286 0.738994 
514.884515 0.694818 0.872027 
514.932704 0.016640 0.561757 
515.769639 0.546146 0.958509 
519.260429 0.518554 0.656043 
519.659397 0.513811 0.813543 
521.248257 0.768840 0.709854 
522.722674 0.102042 0.101529 
522.958097 0.283478 0.918966 
523.234129 0.503327 0.406608 
523.772456 0.949732 0.112867 
525.025864 0.255280 0.326152 
526.390535 0.432037 0.189031 
527.830073 0.478442 0.360137 
529.964678 0.815463 0.706706 
530.366071 0.454105 0.204145 
530.370837 0.329395 0.058178 
530.448387 0.565937 0.657320 
533.557568 0.850989 0.879944 
534.080058 0.520174 0.836495 
534.905206 0.593109 0.962106 
536.912794 0.446449 0.621279 
538.500371 0.962368 0.606600 
540.184407 0.278860 0.419997 
540.451928 0.224148 0.472366 
541.650735 0.348776 0.216662 
543.702948 0.465582 0.031278 
545.396736 0.192869 0.276292 
549.910616 0.788794 0.388930 
550.021043 0.903284 0.114639 
550.563698 0.666841 0.818274 
551.506461 0.073390 0.007704 
554.566445 0.459499 0.756998 
555.305149 0.334522 0.785442 
555.442938 0.744933 0.629919 
555.909718 0.039818 0.404199 
557.977147 0.139994 0.800805 
558.571244 0.644178 0.080908 
558.892305 0.776480 0.534482 
559.683429 0.880223 0.239864 
559.920960 0.351428 0.816564 
560.666413 0.165077 0.679195 
561.550453 0.381289 0.956385 
562.606588 0.694681 0.780203 
562.649805 0.701100 0.016069 
562.872706 0.857799 0.164602 
563.512242 0.994190 0.216194 
564.218973 0.191634 0.893179 
564.398519 0.788778 0.157778 
564.930934 0.750125 0.102333 
566.454679 0.333218 0.228176 
566.898851 0.800945 0.550087 
568.057088 0.104400 0.790084 
568.105878 0.659739 0.972022 
568.339082 0.342665 0.464190 
568.555979 0.511079 0.718108 
569.532901 0.849221 0.957816 
570.899312 0.737797 0.207121 
571.234875 0.794550 0.222815 
573.425648 0.896891 0.879807 
573.918655 0.283024 0.174578 
575.430352 0.488830 0.248248 
577.983838 0.496579 0.503213 
578.080530 0.485048 0.859154 
578.332435 0.811849 0.889760 
579.149003 0.108261 0.576354 
579.853484 0.491742 0.199752 
580.232630 0.250663 0.837601 
580.584709 0.448757 0.270116 
580.941085 0.276882 0.844749 
585.616076 0.125857 0.379567 
586.580937 0.273733 0.856783 
594.549653 0.556399 0.062354 
595.094017 0.342896 0.652301 
595.313897 0.197262 0.152637 
595.425114 0.717728 0.655536 
597.265116 0.848542 0.920986 
597.642524 0.657288 0.761491 
597.835205 0.980481 0.498812 
598.182213 0.221393 0.638863 
598.397083 0.721835 0.574211 
601.107860 0.029646 0.210524 
602.025336 0.414471 0.955841 
602.361957 0.576171 0.733457 
602.367878 0.771263 0.863212 
602.405057 0.539887 0.773212 
603.123312 0.257806 0.437829 
605.981610 0.092871 0.364790 
609.653389 0.451496 0.267787 
610.946902 0.416597 0.900205 
611.594048 0.409994 0.955457 
612.476323 0.720806 0.428912 
612.547114 0.368235 0.982115 
614.627556 0.963302 0.973587 
617.040094 0.153733 0.639498 
618.398642 0.177878 0.305880 
619.266309 0.827176 0.446570 
619.853660 0.390623 0.480810 
620.253690 0.020864 0.804613 
621.059146 0.396660 0.253508 
624.647309 0.809835 0.326584 
625.602571 0.161212 0.862829 
625.930993 0.654193 0.603216 
626.723486 0.014326 0.778465 
627.923671 0.575471 0.166599 
631.249694 0.896887 0.516954 
632.430169 0.612721 0.029612 
633.214849 0.637669 0.760623 
635.839552 0.738496 0.075479 
635.976939 0.001460 0.568073 
636.248875 0.331221 0.612194 
636.321073 0.604640 0.922506 
637.475556 0.125326 0.833944 
637.868384 0.987830 0.304425 
638.623503 0.810932 0.352627 
639.819721 0.995991 0.284030 
639.928943 0.368569 0.451848 
641.689349 0.958432 0.035704 
642.162428 0.320843 0.943335 
642.572679 0.151805 0.864679 
642.660345 0.613330 0.173664 
643.195246 0.611878 0.624294 
643.580294 0.365508 0.843247 
643.755139 0.054375 0.493837 
646.494303 0.642450 0.223304 
647.718946 0.780595 0.952962 
648.752054 0.204887 0.937814 
650.236776 0.727613 0.864144 
652.157893 0.103702 0.709701 
652.830557 0.889750 0.147118 
653.807796 0.422278 0.877109 
654.780498 0.338335 0.458106 
654.993156 0.015049 0.789618 
655.111016 0.734318 0.518204 
655.156939 0.870306 0.554551 
655.230517 0.440455 0.144335 
655.235256 0.985574 0.383963 
655.567060 0.258415 0.613988 
656.819646 0.596191 0.485950 
657.183097 0.604844 0.464207 
657.627135 0.391967 0.367423 
660.243283 0.033693 0.619367 
661.192234 0.891800 0.875017 
663.338383 0.152879 0.029183 
664.130087 0.301708 0.569959 
664.289531 0.418793 0.100903 
665.184261 0.508416 0.363845 
665.221561 0.566201 0.099529 
665.311828 0.908173 0.722206 
666.015210 0.211347 0.969284 
667.301036 0.974979 0.941678 
667.443825 0.032497 0.115528 
668.656450 0.319803 0.540347 
669.161470 0.896106 0.893233 
671.466057 0.952195 0.720865 
671.987741 0.011363 0.439627 
672.853828 0.637329 0.426830 
673.223902 0.202562 0.177560 
675.948417 0.068964 0.614895 
676.035142 0.761227 0.858606 
676.225108 0.041310 0.874871 
677.503056 0.463964 0.002519 
677.890924 0.063702 0.888670 
680.721244 0.446155 0.643519 
681.866325 0.045056 0.323874 
683.722216 0.238415 0.528227 
683.996654 0.581810 0.326516 
685.231967 0.660300 0.505293 
687.582064 0.885468 0.265302 
687.863921 0.753525 0.543578 
689.304093 0.975641 0.926304 
689.469856 0.118713 0.017796 
690.130115 0.772069 0.638229 
690.660350 0.840056 0.561248 
692.907552 0.297072 0.845942 
693.323133 0.425683 0.331617 
696.416685 0.987637 0.303665 
698.201632 0.734214 0.968889 
699.654594 0.650188 0.247586 
699.859007 0.456839 0.697511 
700.399037 0.996385 0.634463 
700.436503 0.862299 0.674543 
700.810081 0.537307 0.460781 
701.148254 0.250463 0.568743 
703.679643 0.478676 0.454356 
704.272773 0.868745 0.620552 
708.662649 0.756775 0.100165 
709.897829 0.306826 0.517949 
710.941978 0.344161 0.475701 
711.594992 0.657979 0.772108 
712.345197 0.974595 0.296231 
712.591124 0.126090 0.523327 
714.159823 0.950674 0.009761 
716.761313 0.747675 0.902115 
718.178200 0.151391 0.566061 
719.617586 0.631688 0.171973 
719.880313 0.598091 0.550191 
720.305105 0.824778 0.055871 
720.703016 0.849057 0.112847 
721.470212 0.861050 0.545575 
721.788670 0.935232 0.791192 
721.936412 0.030544 0.227749 
722.111817 0.058782 0.180217 
722.606800 0.344914 0.376139 
722.968416 0.102287 0.388363 
723.707036 0.055173 0.389624 
724.508279 0.959476 0.874104 
724.917744 0.753469 0.501171 
725.373346 0.763555 0.005795 
726.211495 0.949960 0.833595 
727.048524 0.487035 0.379960 
727.187153 0.654265 0.415604 
727.283742 0.793372 0.826075 
728.611769 0.110037 0.084986 
728.820810 0.845933 0.788002 
729.464979 0.656609 0.578256 
730.976647 0.851095 0.611073 
732.122597 0.993156 0.747834 
732.501072 0.547749 0.967838 
734.831395 0.121393 0.573155 
735.628903 0.501118 0.402871 
736.444146 0.800712 0.715491 
736.487265 0.798884 0.199055 
736.894590 0.895964 0.619520 
737.817201 0.583795 0.911234 
740.069110 0.324858 0.009720 
740.099854 0.604260 0.966664 
740.133210 0.372853 0.173825 
743.713187 0.605354 0.380293 
744.100353 0.422084 0.706051 
744.180712 0.288436 0.803408 
744.975072 0.955203 0.129995 
746.121065 0.541700 0.065034 
746.351568 0.873381 0.318808 
746.669962 0.018069 0.746427 
747.031756 0.598678 0.659239 
747.729715 0.029893 0.221442 
752.871601 0.833923 0.990980 
754.276990 0.136131 0.424949 
755.332129 0.863669 0.284825 
755.563935 0.359155 0.199880 
755.766877 0.751271 0.036967 
756.915189 0.600032 0.668832 
759.887556 0.474801 0.770666 
760.445336 0.497608 0.180769 
760.761341 0.026962 0.396125 
760.795657 0.792417 0.006355 
761.542371 0.892852 0.080700 
765.488508 0.413718 0.277543 
765.969287 0.073049 0.349293 
767.519330 0.360772 0.717206 
768.740321 0.716176 0.660901 
769.945156 0.115507 0.228399 
771.230601 0.245171 0.251897 
771.738122 0.428129 0.990483 
772.706916 0.797893 0.340404 
773.704346 0.646282 0.856051 
774.323698 0.624083 0.622454 
775.375080 0.521090 0.813780 
775.742314 0.506566 0.512571 
779.152431 0.970776 0.504141 
780.848830 0.063086 0.751505 
781.539434 0.885546 0.288355 
781.551460 0.673384 0.293214 
783.993940 0.154657 0.757352 
784.535722 0.525637 0.013418 
786.618436 0.735356 0.151768 
786.982052 0.577791 0.092909 
788.370141 0.062924 0.299345 
788.601803 0.055748 0.850321 
789.207667 0.646248 0.181976 
790.383511 0.389854 0.825146 
793.569776 0.762128 0.858044 
796.815853 0.106064 0.838133 
797.945739 0.518292 0.154732 
798.090006 0.127177 0.215721 
798.512610 0.085333 0.183882 
799.349163 0.258525 0.185588 
802.125290 0.232880 0.694130 
802.411121 0.324986 0.686090 
803.898462 0.943889 0.135801 
806.410382 0.997202 0.040127 
806.449639 0.723251 0.596722 
809.671529 0.775146 0.139744 
809.793814 0.858924 0.108399 
811.130035 0.162991 0.638833 
811.433855 0.843279 0.247201 
814.026814 0.991596 0.202372 
816.861642 0.061253 0.355305 
816.987879 0.548098 0.509277 
818.004494 0.728425 0.102734 
818.543867 0.231461 0.261151 
820.152784 0.021923 0.164643 
821.091876 0.779159 0.780527 
821.415278 0.078818 0.689958 
825.045459 0.498283 0.746854 
825.599029 0.974000 0.451319 
825.732909 0.604758 0.745093 
825.991736 0.490047 0.382993 
827.575244 0.034412 0.530162 
828.443655 0.614790 0.531158 
828.746036 0.062717 0.966143 
829.373546 0.441844 0.947438 
832.159429 0.110584 0.084674 
832.260080 0.895618 0.771865 
833.569950 0.916815 0.445525 
835.059360 0.923578 0.765141 
836.049215 0.343105 0.687814 
837.425275 0.078029 0.450118 
838.257788 0.043035 0.632154 
838.372403 0.620726 0.201996 
839.386112 0.072147 0.284759 
839.677979 0.793023 0.711740 
840.641955 0.183740 0.829718 
840.658010 0.615151 0.694167 
840.811060 0.119886 0.749056 
841.812099 0.606071 0.536755 
842.654029 0.178191 0.219027 
842.977553 0.281130 0.884403 
844.140843 0.481326 0.438639 
844.167923 0.070848 0.933515 
848.181780 0.613153 0.226418 
848.521732 0.484409 0.304581 
849.570507 0.147839 0.055361 
851.039625 0.241956 0.623990 
851.749172 0.570702 0.114890 
852.151783 0.859262 0.177427 
852.291775 0.148741 0.167792 
853.364927 0.718229 0.212857 
855.080570 0.714730 0.433566 
856.194562 0.399713 0.374937 
860.384317 0.787153 0.449652 
862.573320 0.448164 0.238988 
863.071671 0.366543 0.483725 
863.618271 0.506876 0.555007 
864.118556 0.114074 0.630827 
864.912978 0.114758 0.558477 
865.441466 0.026056 0.633305 
865.975584 0.544776 0.880773 
869.366260 0.259352 0.524479 
869.970662 0.468319 0.923425 
871.235552 0.085684 0.521123 
871.764719 0.496438 0.805179 
873.213213 0.226374 0.355478 
873.726925 0.066578 0.060924 
874.503384 0.830073 0.708392 
875.503416 0.852646 0.901876 
877.246406 0.706885 0.219037 
877.256422 0.212878 0.709005 
880.082347 0.848224 0.325534 
880.767404 0.470216 0.731054 
881.082749 0.188850 0.662345 
881.370129 0.924076 0.669671 
882.363370 0.375525 0.465842 
882.440367 0.117144 0.559924 
884.453702 0.920143 0.369189 
885.335251 0.243077 0.710711 
886.259489 0.541225 0.287548 
889.781351 0.863762 0.039574 
890.391580 0.813178 0.650413 
890.892926 0.824032 0.285135 
891.817608 0.533309 0.323839 
892.918356 0.462654 0.528225 
892.993942 0.193989 0.883651 
893.280758 0.885736 0.979493 
893.783865 0.561478 0.781855 
894.507918 0.995155 0.555615 
895.377014 0.186550 0.651515 
897.833549 0.074042 0.115746 
900.422116 0.251691 0.603774 
901.354046 0.310715 0.724669 
901.608884 0.950748 0.908710 
901.651776 0.653670 0.996178 
902.774183 0.204816 0.813180 
904.027258 0.492303 0.643517 
905.405421 0.006547 0.477275 
906.306765 0.598354 0.463938 
906.477050 0.722518 0.164417 
907.071224 0.486517 0.176274 
908.043770 0.988250 0.050732 
911.426275 0.875490 0.707765 
911.734739 0.162033 0.100274 
913.340711 0.800563 0.256299 
913.665963 0.299986 0.216441 
914.339981 0.391906 0.135364 
916.545385 0.810022 0.936721 
920.630421 0.663157 0.517745 
920.972909 0.221766 0.954926 
922.407433 0.190511 0.992062 
923.345083 0.318808 0.188466 
924.260139 0.493821 0.187011 
924.718342 0.125479 0.315872 
925.926754 0.694696 0.677413 
925.966538 0.472426 0.081052 
926.618157 0.770210 0.949792 
926.624278 0.254231 0.034555 
928.067518 0.054735 0.824547 
931.384548 0.146224 0.296442 
931.676491 0.006704 0.104744 
932.627464 0.138205 0.296216 
932.731034 0.631650 0.802109 
932.929002 0.743974 0.309035 
933.260089 0.491208 0.533542 
933.440380 0.349495 0.827458 
933.678163 0.499087 0.752380 
934.283438 0.704880 0.512465 
934.596959 0.712593 0.567631 
936.804180 0.503793 0.343553 
939.275513 0.823529 0.653955 
939.600501 0.289221 0.064924 
939.752460 0.899132 0.970491 
939.785651 0.758932 0.138649 
940.427940 0.260704 0.569576 
941.557619 0.276180 0.351478 
943.054983 0.221348 0.008131 
944.212682 0.063910 0.226885 
944.714440 0.022092 0.315566 
945.720733 0.667449 0.544698 
946.325437 0.688425 0.465796 
948.840497 0.927066 0.519790 
948.991812 0.368104 0.488829 
949.751995 0.995066 0.350897 
950.039693 0.339181 0.999649 
950.853906 0.660609 0.583845 
951.088761 0.341034 0.554252 
952.991161 0.415610 0.356077 
954.733576 0.987429 0.655591 
955.860550 0.074895 0.455172 
956.867521 0.022215 0.240739 
956.880458 0.272635 0.597404 
957.148616 0.486296 0.342102 
957.873663 0.793632 0.504178 
957.892000 0.419238 0.783307 
958.196809 0.955754 0.683145 
958.686718 0.672024 0.291300 
959.398770 0.583709 0.946794 
960.340540 0.758966 0.410750 
960.984307 0.805194 0.425700 
962.683186 0.119250 0.544861 
963.358496 0.659497 0.453786 
963.723446 0.738611 0.779333 
964.040435 0.196454 0.823996 
964.428008 0.447244 0.105197 
965.954863 0.453219 0.859754 
966.094412 0.826545 0.594451 
968.393038 0.189970 0.904435 
969.838240 0.006124 0.880537 
969.872066 0.656194 0.763983 
971.600789 0.163954 0.934717 
971.959786 0.281066 0.268369 
972.357165 0.274659 0.006654 
972.705186 0.487170 0.855915 
973.622961 0.217260 0.250749 
973.643619 0.196584 0.075671 
975.239000 0.203594 0.520514 
979.772053 0.365256 0.281183 
983.833572 0.441059 0.112492 
983.859150 0.632172 0.319101 
984.039431 0.361096 0.584380 
984.858739 0.190755 0.021398 
985.200079 0.297302 0.096627 
985.503484 0.765267 0.011282 
986.111880 0.447083 0.034139 
986.493031 0.331786 0.357275 
988.485148 0.353546 0.044072 
989.455920 0.098448 0.654432 
989.534660 0.309479 0.270860 
989.581302 0.805779 0.899060 
989.699535 0.392301 0.300602 
991.618932 0.300760 0.167084 
992.714748 0.903154 0.343543 
993.571449 0.465677 0.224873 
994.590015 0.273313 0.982115 
994.936490 0.899095 0.227170 
996.778220 0.866646 0.578827 
997.263825 0.186543 0.489673 
999.735612 0.143488 0.523806 
999.965785 0.535924 0.886114 
1000.831542 0.104076 0.700367 
1002.646798 0.956306 0.130381 
1002.885531 0.063940 0.301135 
1003.410815 0.426521 0.469441 
1004.786492 0.639936 0.605100 
1005.293986 0.688232 0.111209 
1006.709514 0.837975 0.214537 
1007.609959 0.055981 0.422196 
1009.658733 0.686819 0.717372 
1010.443386 0.938886 0.458232 
1010.844044 0.792946 0.914521 
1011.908113 0.277780 0.734035 
1013.863246 0.783280 0.089728 
1014.409422 0.180970 0.241035 
1016.185904 0.005516 0.509006 
1018.162409 0.771759 0.944034 
1019.283789 0.919621 0.241775 
1019.447898 0.845928 0.728082 
1020.832759 0.108565 0.049692 
1021.804762 0.054061 0.035075 
1023.354996 0.277953 0.338254 
1023.461293 0.282137 0.799504 
1023.685667 0.028823 0.394711 
1023.867922 0.825110 0.855260 
1024.169449 0.539582 0.750903 
1025.407406 0.016403 0.756518 
1028.043570 0.132273 0.185753 
1028.310850 0.984476 0.408687 
1029.577369 0.055180 0.027702 
1030.163710 0.264567 0.337240 
1031.320868 0.707267 0.747554 
1031.451949 0.863872 0.187362 
1032.771439 0.393190 0.200405 
1032.955871 0.839235 0.682102 
1034.707384 0.965354 0.024130 
1036.398907 0.896448 0.460782 
1036.649501 0.575767 0.194813 
1040.469874 0.365053 0.038853 
1043.507850 0.835084 0.800864 
1043.615202 0.749980 0.461146 
1043.865196 0.663465 0.971290 
1046.363649 0.250291 0.573078 
1046.564700 0.099664 0.573251 
1047.143239 0.895711 0.798009 
1048.135598 0.818995 0.381201 
1048.802715 0.616303 0.768754 
1049.013411 0.926207 0.935537 
1049.097915 0.790318 0.147595 
1049.506045 0.487405 0.334425 
1054.268727 0.317834 0.976370 
1055.955115 0.205885 0.562943 
1056.555990 0.442912 0.682678 
1059.092822 0.888693 0.158046 
1059.255432 0.371488 0.795920 
1060.119432 0.451989 0.291677 
1060.360234 0.554606 0.780957 
1061.256014 0.423423 0.615672 
1061.354882 0.543709 0.674007 
1062.373105 0.405239 0.870887 
1063.794912 0.441473 0.764158 
1064.005188 0.263887 0.618581 
1064.098020 0.273959 0.985534 
1064.494927 0.155973 0.240866 
1066.217375 0.482798 0.424946 
1067.044358 0.420853 0.186617 
1067.547359 0.671956 0.700802 
1067.604089 0.890124 0.010859 
1067.714718 0.651806 0.058313 
1067.779906 0.801098 0.170706 
1067.820228 0.663864 0.151277 
1068.892165 0.778149 0.586159 
1071.473113 0.807980 0.842164 
1071.657127 0.763125 0.245279 
1075.950250 0.932276 0.593418 
1078.185438 0.922992 0.956755 
1078.533477 0.088014 0.107432 
1079.241998 0.027970 0.980662 
1079.671912 0.285378 0.491905 
1082.364383 0.131192 0.316368 
1082.513162 0.068012 0.766627 
1083.257783 0.572414 0.875103 
1085.121848 0.455266 0.517440 
1085.509433 0.914276 0.021599 
1085.698726 0.208847 0.643509 
1086.243136 0.553945 0.486342 
1086.258421 0.119549 0.894552 
1086.726216 0.172798 0.963949 
1086.881355 0.710919 0.319160 
1087.171288 0.757491 0.726620 
1087.846383 0.240015 0.158393 
1088.090041 0.988486 0.718484 
1088.707569 0.741147 0.595468 
1091.300658 0.063175 0.708345 
1091.966839 0.906671 0.937747 
1092.567223 0.957346 0.792624 
1093.362962 0.294653 0.290652 
1093.515158 0.583458 0.159269 
1093.746771 0.550608 0.792131 
1094.332923 0.738078 0.466854 
1095.027915 0.070427 0.241650 
1095.033271 0.123694 0.142552 
1095.621093 0.778708 0.222426 
1096.818345 0.524774 0.743612 
1096.855654 0.902115 0.115726 
1097.358255 0.932121 0.365344 
1099.194122 0.630160 0.260260 
1100.112294 0.688612 0.191061 
1100.929264 0.933936 0.995495 
1101.328255 0.199067 0.429976 
1103.383009 0.817111 0.979128 
1103.579949 0.586851 0.629789 
1105.219657 0.707364 0.923764 
1107.058849 0.932145 0.425444 
1109.702918 0.389836 0.152760 
1110.634307 0.875741 0.460425 
1110.726723 0.011644 0.195590 
1112.100041 0.536421 0.112741 
1112.351958 0.022927 0.590826 
1112.854769 0.021903 0.852290 
1113.348987 0.748693 0.265342 
1113.911143 0.135789 0.944199 
1115.554460 0.247861 0.556713 
1116.063144 0.245754 0.357087 
1118.095863 0.620851 0.885141 
1118.732746 0.449385 0.330498 
1121.340617 0.693497 0.632870 
1123.905392 0.746470 0.103817 
1124.804890 0.738454 0.028566 
1125.481983 0.817192 0.893540 
1126.735099 0.256383 0.600689 
1127.095123 0.422032 0.250510 
1127.116105 0.000687 0.755087 
1127.526555 0.259023 0.023738 
1129.075396 0.677447 0.768339 
1129.324774 0.478880 0.294531 
1130.649798 0.772067 0.914478 
1131.424654 0.382069 0.291931 
1131.589908 0.183403 0.053096 
1131.759822 0.262412 0.178977 
1132.307043 0.813651 0.687089 
1132.398639 0.358863 0.751192 
1133.411565 0.316924 0.567482 
1133.682565 0.462826 0.164181 
1133.981671 0.287742 0.996272 
1133.997024 0.285416 0.432493 
1135.126254 0.943195 0.245301 
1135.320108 0.556152 0.180407 
1135.539867 0.410913 0.023328 
1135.600513 0.238710 0.287169 
1136.175396 0.840509 0.875833 
1136.352679 0.377333 0.254848 
1136.450214 0.885421 0.262505 
1136.992952 0.581589 0.605920 
1137.706043 0.513554 0.296382 
1140.056001 0.425027 0.174411 
1140.127037 0.655481 0.676550 
1141.398345 0.043065 0.433824 
1141.454274 0.112717 0.736323 
1141.976969 0.721662 0.459608 
1145.104568 0.042837 0.741353 
1148.258270 0.739878 0.802901 
1148.428149 0.800657 0.165948 
1149.220546 0.568521 0.956402 
1149.740907 0.144783 0.722652 
1150.396525 0.744075 0.928892 
1150.661408 0.246899 0.469399 
1152.083828 0.611243 0.563181 
1152.494248 0.211085 0.353352 
1152.847946 0.841856 0.824921 
1153.414730 0.622910 0.562596 
1153.434575 0.169922 0.436245 
1154.194529 0.558678 0.787090 
1154.826494 0.152235 0.492870 
1154.946935 0.952021 0.613488 
1156.745641 0.252782 0.626831 
1157.206553 0.940154 0.302931 
1157.827710 0.986665 0.060547 
1160.514109 0.961573 0.622646 
1160.617738 0.659421 0.134703 
1163.177190 0.332627 0.838334 
1163.894745 0.107214 0.304569 
1164.340217 0.495159 0.267310 
1164.565611 0.600879 0.320943 
1165.078535 0.757630 0.154914 
1165.568821 0.015563 0.758463 
1166.615256 0.115458 0.934486 
1166.800948 0.462665 0.588562 
1167.322641 0.435850 0.670340 
1167.756753 0.209033 0.772380 
1167.774928 0.620506 0.131707 
1168.175565 0.627722 0.358356 
1170.134801 0.815482 0.518646 
1170.199563 0.682261 0.205131 
1170.297074 0.680816 0.874489 
1171.187773 0.441168 0.107748 
1172.728482 0.717052 0.193202 
1172.915840 0.411252 0.088578 
1173.705960 0.974318 0.453333 
1175.297978 0.951344 0.147518 
1175.938346 0.109160 0.474717 
1176.684767 0.377731 0.665497 
1181.931292 0.997136 0.489310 
1183.182297 0.544218 0.573644 
1183.681375 0.095796 0.991154 
1183.881466 0.239630 0.198969 
1184.124084 0.564598 0.571748 
1184.259939 0.044072 0.902089 
1184.602996 0.931520 0.648874 
1185.144778 0.042842 0.811670 
1185.237667 0.403869 0.610442 
1186.055817 0.077009 0.052308 
1186.947844 0.074258 0.569557 
1187.025229 0.209677 0.185172 
1188.369345 0.468625 0.903224 
1188.718051 0.748907 0.062204 
1189.691772 0.521734 0.559474 
1191.628014 0.139832 0.756111 
1192.878371 0.609219 0.400962 
1193.393764 0.297688 0.538793 
1193.986520 0.907109 0.996216 
1194.330334 0.470891 0.639786 
1195.406476 0.834850 0.542318 
1197.064577 0.166072 0.705868 
1197.920102 0.698097 0.538110 
1199.236432 0.456570 0.584412 
1199.244819 0.703491 0.466475 
1199.327884 0.309441 0.631817 
1199.839324 0.696051 0.002466 
1199.982550 0.583417 0.819686 
1200.648193 0.159766 0.418009 
1200.650477 0.179766 0.195595 
1201.293744 0.747120 0.444677 
1202.638272 0.790184 0.473782 
1203.947261 0.991553 0.215452 
1205.073179 0.268001 0.051063 
1206.795875 0.540996 0.968274 
1207.014281 0.007652 0.990462 
1207.281394 0.720596 0.421218 
1207.873487 0.408624 0.644588 
1209.390505 0.412432 0.943455 
1215.405913 0.384026 0.792326 
1217.016315 0.515912 0.386837 
1218.149145 0.210047 0.495019 
1220.619415 0.893358 0.329335 
1223.790674 0.761256 0.203303 
1225.616431 0.704169 0.479929 
1226.034758 0.466640 0.431620 
1226.269099 0.281447 0.629897 
1226.269673 0.160046 0.103695 
1227.487483 0.462948 0.815156 
1229.006928 0.860011 0.073840 
1229.570478 0.197012 0.033580 
1231.281155 0.677998 0.342931 
1231.366581 0.054883 0.894188 
1232.261624 0.822313 0.324489 
1233.187682 0.021952 0.839467 
1233.728351 0.409236 0.714485 
1236.185480 0.450389 0.342092 
1238.465301 0.382386 0.610022 
1240.540731 0.727869 0.708546 
1241.782035 0.400722 0.562258 
1242.899269 0.109714 0.958180 
1244.509577 0.614649 0.164598 
1247.600999 0.241996 0.163325 
1248.584107 0.031346 0.604805 
1248.984490 0.800297 0.649542 
1250.027571 0.121720 0.290577 
1250.294202 0.946558 0.077310 
1250.334860 0.893026 0.312678 
1250.463778 0.102649 0.648482 
1250.812083 0.796998 0.367073 
1251.333201 0.340046 0.372655 
1251.544377 0.508531 0.401649 
1253.558490 0.770844 0.220480 
1253.894541 0.254332 0.240083 
1254.852804 0.012731 0.118747 
1254.969995 0.753677 0.253638 
1256.166955 0.080191 0.904981 
1258.523939 0.693815 0.499869 
1261.809634 0.149103 0.761555 
1262.551127 0.547149 0.677484 
1262.755038 0.541307 0.524421 
1263.065616 0.824187 0.642908 
1263.814487 0.881312 0.635110 
1264.032696 0.385706 0.144816 
1264.857698 0.469625 0.150343 
1267.884257 0.338192 0.776312 
1268.640049 0.529454 0.225689 
1269.592690 0.500762 0.752518 
1271.073421 0.276763 0.929443 
1271.449985 0.744224 0.125450 
1271.540828 0.118244 0.812390 
1271.542195 0.142069 0.771207 
1276.602458 0.488331 0.300494 
1277.202121 0.098464 0.417530 
1277.350581 0.076828 0.435074 
1279.095195 0.454461 0.223769 
1279.276578 0.397168 0.892207 
1281.658357 0.797336 0.290436 
1282.700391 0.905996 0.971277 
1283.561335 0.773749 0.725481 
1284.821339 0.036574 0.427165 
1285.316236 0.742924 0.212159 
1287.578840 0.455415 0.435783 
1290.556701 0.068647 0.617118 
1291.002045 0.295347 0.776620 
1291.965194 0.906573 0.596912 
1293.308142 0.389364 0.688215 
1293.694833 0.678092 0.388159 
1295.225349 0.707070 0.205239 
1296.688205 0.656857 0.515220 
1297.072109 0.332986 0.905799 
1298.208038 0.455957 0.346922 
1298.731545 0.639869 0.989326 
1298.750513 0.114526 0.649582 
1300.781211 0.628229 0.925318 
1301.443928 0.741591 0.191796 
1301.816293 0.621277 0.921258 
1301.942422 0.540492 0.039980 
1302.948699 0.033062 0.015541 
1303.658684 0.305895 0.096702 
1304.287411 0.424289 0.658328 
1305.026422 0.721530 0.344684 
1305.064934 0.731646 0.729081 
1305.484315 0.089108 0.913311 
1307.917774 0.761190 0.900934 
1308.966776 0.461667 0.063564 
1309.036560 0.216866 0.193934 
1309.318634 0.640544 0.860846 
1310.359824 0.791606 0.543131 
1310.616279 0.351262 0.770021 
1311.954661 0.652241 0.140638 
1314.715050 0.006258 0.241669 
1315.166618 0.522255 0.525167 
1315.601697 0.637655 0.623696 
1316.567725 0.073614 0.233499 
1316.649173 0.821348 0.446977 
1316.761524 0.986059 0.604483 
1317.311518 0.816973 0.448495 
1317.969076 0.837074 0.875202 
1319.875151 0.768143 0.912841 
1320.057089 0.906938 0.959106 
1322.688652 0.287183 0.829492 
1324.076483 0.132189 0.007684 
1324.489953 0.472747 0.440409 
1325.038085 0.934612 0.617912 
1327.104466 0.985310 0.951682 
1328.304000 0.721834 0.030854 
1329.028323 0.042460 0.541952 
1330.242033 0.030936 0.835981 
1330.266794 0.519956 0.503743 
1330.840349 0.912341 0.357590 
1331.459020 0.139673 0.284396 
1331.904188 0.836298 0.399058 
1334.829919 0.236945 0.979458 
1334.872684 0.627326 0.315210 
1335.873023 0.303694 0.852966 
1336.012980 0.443827 0.296839 
1336.821103 0.800038 0.343816 
1337.642060 0.696901 0.741498 
1340.675793 0.780019 0.619461 
1340.745049 0.316532 0.518976 
1343.020610 0.635615 0.890000 
1344.602822 0.092847 0.535515 
1347.820149 0.414753 0.425957 
1348.184223 0.935131 0.029700 
1349.819896 0.911443 0.980057 
1350.448731 0.947261 0.434031 
1350.563080 0.749602 0.444734 
1352.566475 0.645646 0.340116 
1352.877646 0.310784 0.411618 
1353.036243 0.315814 0.266180 
1353.511746 0.611209 0.963513 
1356.240164 0.788365 0.459903 
1356.417282 0.477315 0.872203 
1358.146622 0.048691 0.275614 
1359.534033 0.393355 0.544003 
1360.640481 0.693901 0.138974 
1361.804172 0.523904 0.625974 
1362.850305 0.313309 0.186272 
1365.629199 0.048004 0.637716 
1366.395621 0.610161 0.525056 
1368.450002 0.968179 0.170119 
1370.271467 0.581648 0.392514 
1370.693647 0.874334 0.265123 
1372.439352 0.343010 0.670958 
1373.639595 0.572021 0.644505 
1375.599332 0.366620 0.839975 
1376.786905 0.868259 0.736850 
1377.485263 0.524588 0.462046 
1378.209072 0.635596 0.782735 
1378.525532 0.797725 0.905863 
1378.685663 0.462383 0.782436 
1378.994244 0.195528 0.655750 
1382.467319 0.401553 0.542223 
1382.975411 0.300178 0.829676 
1383.458060 0.896495 0.153574 
1384.753433 0.097872 0.397073 
1385.523675 0.402399 0.394649 
1385.534946 0.856172 0.923043 
1386.339518 0.952359 0.350612 
1386.475131 0.373803 0.689270 
1386.645117 0.902263 0.563064 
1386.802819 0.696941 0.039483 
1386.907444 0.526581 0.584888 
1387.451681 0.248676 0.647728 
1388.899955 0.831360 0.996328 
1390.479981 0.270204 0.050840 
1394.799661 0.042747 0.752997 
1394.956282 0.462762 0.433760 
1395.274482 0.412049 0.068249 
1395.533188 0.044219 0.414490 
1395.778020 0.824723 0.949683 
1395.835165 0.679660 0.836281 
1397.714044 0.167159 0.579310 
1398.992427 0.771106 0.430190 
1399.553213 0.181948 0.305847 
1402.598220 0.357397 0.206309 
1402.677935 0.841236 0.546617 
1402.979212 0.707192 0.117824 
1404.349568 0.562174 0.654099 
1404.721296 0.976618 0.573807 
1405.543720 0.221272 0.091400 
1405.904191 0.453069 0.158968 
1407.654841 0.418172 0.231828 
1408.325632 0.486973 0.475710 
1409.311311 0.801688 0.078203 
1409.942654 0.837374 0.649862 
1411.042521 0.522629 0.668214 
1413.387693 0.834610 0.793685 
1413.621931 0.304321 0.887674 
1416.002401 0.666695 0.377694 
1417.013460 0.818752 0.579192 
1417.255736 0.051812 0.010733 
1420.094265 0.927126 0.041418 
1424.707657 0.311075 0.856227 
1425.356299 0.147748 0.577744 
1425.824283 0.618824 0.393700 
1428.185579 0.503099 0.594095 
1429.299977 0.427089 0.333188 
1429.473261 0.684933 0.942294 
1433.071683 0.392498 0.756511 
1433.221629 0.787253 0.400105 
1433.469072 0.909347 0.598476 
1436.454569 0.134615 0.676714 
1436.939003 0.084947 0.238214 
1437.186120 0.160759 0.531681 
1438.350067 0.307566 0.934110 
1439.519428 0.219833 0.342706 
1441.720499 0.503007 0.162942 
1442.720455 0.229817 0.346095 
1446.619567 0.739128 0.203407 
1448.067059 0.528298 0.530766 
1448.241959 0.911419 0.527024 
1449.284933 0.594500 0.651665 
1449.897320 0.977594 0.366527 
1452.750815 0.314634 0.084534 
1455.363701 0.698057 0.947680 
1455.614575 0.141414 0.649626 
1455.744638 0.772143 0.791291 
1456.159071 0.182805 0.359602 
1456.889781 0.573089 0.206590 
1457.669325 0.722930 0.809423 
1457.956210 0.589030 0.376656 
1458.820000 0.741860 0.482116 
1460.332002 0.286023 0.017444 
1460.366279 0.401307 0.233515 
1460.449419 0.008371 0.271953 
1461.458918 0.014266 0.356024 
1462.095964 0.335285 0.243733 
1463.503594 0.416032 0.641375 
1464.495541 0.405483 0.844607 
1465.316267 0.031422 0.060956 
1465.793410 0.719865 0.194859 
1466.038990 0.981746 0.177397 
1466.372119 0.375216 0.513909 
1466.375561 0.532170 0.090487 
1466.551633 0.079572 0.897272 
1467.644916 0.590088 0.067568 
1469.113257 0.350480 0.668821 
1470.245184 0.244268 0.913582 
1471.109526 0.852824 0.536005 
1471.574015 0.309774 0.271622 
1471.922207 0.826597 0.935829 
1471.998162 0.158023 0.847883 
1472.082215 0.491867 0.934333 
1472.574749 0.576622 0.648998 
1474.287506 0.469320 0.660698 
1474.582125 0.091032 0.562225 
1478.539299 0.233817 0.738213 
1478.625108 0.967404 0.990867 
1483.261051 0.698525 0.877704 
1484.039758 0.912391 0.692617 
1484.643769 0.129715 0.364235 
1484.644400 0.448636 0.780341 
1484.858281 0.836473 0.353714 
1484.964622 0.905958 0.443415 
1485.201297 0.018857 0.048725 
1485.446948 0.432257 0.558513 
1487.138829 0.183752 0.969315 
1487.689011 0.444729 0.967824 
1488.731675 0.539796 0.467682 
1490.489219 0.544470 0.760970 
1490.638423 0.986666 0.301244 
1491.129065 0.860572 0.008473 
1491.599434 0.904789 0.441059 
1492.919534 0.056520 0.043022 
1498.736043 0.766206 0.580182 
1499.547714 0.498118 0.801395 
1500.115661 0.926419 0.934943 
1500.574621 0.419027 0.564072 
1502.747432 0.662226 0.137180 
1502.858260 0.951573 0.086809 
1503.221313 0.685657 0.903546 
1503.438526 0.372624 0.076378 
1506.169972 0.628579 0.512708 
1507.699325 0.962859 0.398844 
1507.927406 0.999103 0.927506 
1508.555550 0.332555 0.469001 
1508.925736 0.971440 0.260446 
1512.212697 0.213986 0.485184 
1512.513801 0.123231 0.597039 
1513.632554 0.358211 0.457412 
1513.825625 0.015329 0.720036 
1515.007799 0.856996 0.032001 
1515.804272 0.320529 0.192541 
1517.212916 0.051799 0.304040 
1522.138768 0.327112 0.793082 
1522.420583 0.023922 0.988293 
1524.022092 0.247216 0.715003 
1524.667290 0.266980 0.624240 
1524.668914 0.155568 0.255880 
1524.847734 0.889994 0.138376 
1526.797102 0.038873 0.797858 
1527.876854 0.878425 0.908718 
1528.354925 0.712795 0.762815 
1529.043039 0.340109 0.288644 
1529.379928 0.034034 0.416680 
1530.974482 0.068538 0.489664 
1532.222449 0.705301 0.918064 
1533.106267 0.247996 0.676879 
1533.129801 0.950312 0.768959 
1533.236420 0.775023 0.304146 
1534.088423 0.823100 0.809570 
1535.143411 0.778975 0.814256 
1535.984758 0.602653 0.277852 
1536.593076 0.609434 0.290473 
1538.207788 0.462535 0.332722 
1538.299918 0.190367 0.478716 
1539.656496 0.673251 0.706218 
1539.905701 0.044923 0.703790 
1540.981672 0.677122 0.796777 
1541.311222 0.712573 0.655151 
1543.195767 0.981701 0.153559 
1545.559501 0.382755 0.766983 
1545.856987 0.650817 0.248442 
1547.759635 0.674199 0.725432 
1548.548711 0.480711 0.438656 
1551.533291 0.493719 0.695058 
1552.794178 0.653836 0.277024 
1552.974048 0.143613 0.969796 
1553.778055 0.091487 0.451354 
1554.127128 0.260976 0.643459 
1554.457157 0.429139 0.318212 
1554.986094 0.569390 0.271676 
1556.605920 0.790246 0.968820 
1558.060281 0.789161 0.040762 
1559.562411 0.376031 0.168764 
1562.124395 0.938016 0.155230 
1563.551262 0.769644 0.748626 
1563.632340 0.645143 0.896190 
1563.800768 0.064014 0.958494 
1565.227075 0.381083 0.377313 
1565.919269 0.498658 0.053244 
1567.047359 0.625002 0.185679 
1569.399155 0.172601 0.500569 
1570.544198 0.086754 0.405752 
1571.093160 0.854783 0.374221 
1572.348933 0.078858 0.336103 
1573.138565 0.324329 0.933994 
1574.030750 0.822226 0.907899 
1575.217047 0.475213 0.066556 
1575.228995 0.366757 0.559713 
1575.421272 0.392537 0.598141 
1575.463993 0.091756 0.084531 
1575.716752 0.039486 0.066342 
1577.029202 0.092104 0.656533 
1577.592420 0.003605 0.089851 
1578.172427 0.668223 0.132523 
1578.596558 0.287283 0.905524 
1579.131690 0.925169 0.161217 
1579.684243 0.515086 0.188344 
1583.102173 0.118684 0.047596 
1585.003473 0.988472 0.045682 
1586.144428 0.191568 0.626075 
1588.270825 0.954622 0.608849 
1589.139114 0.732012 0.314387 
1589.563804 0.101949 0.200895 
1589.752111 0.005154 0.108833 
1590.000454 0.513744 0.603719 
1590.513792 0.372555 0.087132 
1590.905568 0.275621 0.710547 
1591.113640 0.690770 0.452636 
1593.159367 0.595312 0.719382 
1594.271580 0.359103 0.917258 
1595.987604 0.326210 0.544029 
1596.534639 0.606971 0.029121 
1597.009451 0.735188 0.746529 
1598.289702 0.234058 0.146549 
1598.341828 0.702604 0.343676 
1599.932804 0.541940 0.266491 
1602.155310 0.297644 0.904062 
1602.834860 0.365714 0.013546 
1603.288872 0.274480 0.961421 
1604.485136 0.995518 0.418515 
1606.277877 0.565513 0.542415 
1609.301685 0.008319 0.677644 
1611.032770 0.899597 0.322787 
1612.143424 0.044207 0.747185 
1614.216079 0.823573 0.728711 
1614.235123 0.645408 0.084861 
1614.896074 0.398026 0.761967 
1615.597466 0.864149 0.521330 
1615.672865 0.859062 0.450268 
1618.193420 0.258676 0.882005 
1618.714495 0.380283 0.508291 
1619.124182 0.702088 0.523482 
1619.383771 0.082095 0.323397 
1621.119228 0.695439 0.380504 
1622.428071 0.170313 0.106544 
1622.849042 0.276835 0.029603 
1623.136644 0.489342 0.546577 
1623.436990 0.439958 0.482099 
1624.005205 0.700734 0.742148 
1625.885806 0.200619 0.550498 
1627.001161 0.842085 0.167720 
1628.488706 0.978530 0.746403 
1628.670382 0.599364 0.433927 
1628.698249 0.391283 0.885913 
1628.838773 0.692241 0.441041 
1629.488456 0.402887 0.543754 
1630.528197 0.955640 0.730833 
1631.342861 0.771067 0.332576 
1632.468698 0.331583 0.040248 
1634.658359 0.984732 0.035078 
1635.075449 0.888161 0.838382 
1637.053713 0.357416 0.379800 
1639.248486 0.051387 0.107769 
1641.522578 0.144623 0.543120 
1641.690900 0.874906 0.948557 
1642.849957 0.582252 0.501888 
1643.267216 0.430539 0.650730 
1645.233158 0.199502 0.844679 
1645.570825 0.824262 0.368621 
1645.967047 0.624357 0.824374 
1648.238078 0.734386 0.768403 
1648.383086 0.394551 0.539191 
1650.695474 0.363304 0.563027 
1650.946980 0.089161 0.476685 
1651.536158 0.523307 0.854146 
1651.867305 0.476919 0.171843 
1652.371709 0.857478 0.596267 
1654.078610 0.830333 0.274599 
1654.934422 0.787702 0.031410 
1655.836538 0.387960 0.300995 
1655.926124 0.154090 0.453327 
1656.227626 0.087965 0.262699 
1656.514064 0.339605 0.204578 
1658.006179 0.576988 0.168291 
1658.760388 0.348383 0.378618 
1661.013446 0.630853 0.284845 
1662.355258 0.230218 0.617810 
1662.648356 0.852167 0.399757 
1664.188968 0.245986 0.326459 
1665.018078 0.603910 0.462562 
1667.414803 0.405816 0.183061 
1668.154198 0.672259 0.836202 
1668.636080 0.814954 0.732867 
1668.777008 0.786256 0.721772 
1671.233337 0.160190 0.272176 
1671.296500 0.766408 0.832548 
1673.598692 0.685532 0.648144 
1674.364838 0.032881 0.651469 
1674.428830 0.640397 0.732397 
1674.823751 0.467974 0.444810 
1675.630091 0.054739 0.001680 
1675.631903 0.727541 0.879450 
1676.255099 0.800892 0.044249 
1676.464382 0.179165 0.825340 
1677.560306 0.965076 0.067765 
1677.587615 0.177318 0.693963 
1678.564539 0.527597 0.002531 
1679.363414 0.858662 0.589652 
1680.513909 0.369081 0.105448 
1680.534905 0.565842 0.311916 
1680.862968 0.178221 0.264905 
1683.179016 0.064521 0.922735 
1683.860226 0.468436 0.534606 
1685.752733 0.671718 0.357630 
1686.508874 0.337267 0.567713 
1686.600419 0.543361 0.415477 
1687.331294 0.203149 0.882711 
1688.256664 0.619715 0.759335 
1692.934206 0.831791 0.385002 
1694.062872 0.543334 0.757472 
1696.443674 0.527441 0.200999 
1697.185116 0.699377 0.076175 
1697.193300 0.219404 0.556659 
1698.056659 0.422730 0.361824 
1699.276571 0.342758 0.812889 
1699.397380 0.754103 0.740357 
1700.129128 0.726686 0.386149 
1701.453673 0.964513 0.284976 
1701.721968 0.253569 0.787847 
1702.798911 0.587458 0.900644 
1706.069342 0.896128 0.874575 
1706.117298 0.016676 0.558172 
1706.364257 0.365971 0.285028 
1707.410788 0.735255 0.089896 
1708.589190 0.329979 0.500743 
1709.443831 0.772723 0.382205 
1709.449544 0.515121 0.745203 
1713.146846 0.927518 0.348275 
1713.548760 0.665020 0.312272 
1714.786914 0.683853 0.517598 
1715.075869 0.671235 0.956839 
1716.599772 0.933201 0.979036 
1717.975188 0.531821 0.146138 
1718.728401 0.786300 0.180352 
1719.396704 0.959314 0.560912 
1721.282535 0.821608 0.929323 
1721.424582 0.741897 0.608204 
1723.542409 0.490765 0.080189 
1723.711598 0.665794 0.424747 
1724.577216 0.495772 0.563970 
1725.114127 0.272585 0.015787 
1725.799325 0.399287 0.679291 
1727.063368 0.913812 0.897365 
1728.974533 0.842778 0.364424 
1729.318336 0.653199 0.535194 
1732.825944 0.281329 0.272510 
1733.275269 0.735704 0.434775 
1733.299374 0.082743 0.099989 
1741.906758 0.319763 0.165970 
1742.446921 0.997753 0.856103 
1743.029110 0.040428 0.431942 
1743.078923 0.506014 0.811353 
1743.085096 0.489457 0.722595 
1743.132626 0.815697 0.311596 
1743.190910 0.119581 0.322061 
1744.472040 0.520568 0.679856 
1745.149934 0.371188 0.025102 
1746.462073 0.796728 0.978588 
1746.464210 0.475367 0.781720 
1746.632538 0.407018 0.789303 
1746.996548 0.650978 0.718120 
1747.130477 0.173624 0.801355 
1748.200405 0.122786 0.580529 
1748.308829 0.284102 0.691062 
1748.522779 0.115212 0.802449 
1749.659312 0.659847 0.857344 
1750.677897 0.738185 0.950587 
1752.713772 0.846101 0.755049 
1754.896708 0.002783 0.201684 
1755.310302 0.172991 0.116560 
1755.770739 0.870071 0.252839 
1758.823224 0.294116 0.083927 
1760.048067 0.166615 0.874784 
1762.925542 0.300417 0.347073 
1763.969850 0.001414 0.969755 
1765.245154 0.870112 0.937134 
1765.641223 0.355398 0.783269 
1765.747608 0.927783 0.284605 
1766.635031 0.785130 0.567127 
1766.913821 0.232959 0.140510 
1766.917104 0.486120 0.907359 
1769.031593 0.046265 0.846994 
1770.595755 0.858764 0.352157 
1771.878106 0.069396 0.054878 
1772.067847 0.468733 0.649716 
1772.071982 0.190726 0.746150 
1773.989925 0.734442 0.953182 
1776.195510 0.232543 0.770286 
1776.505875 0.087488 0.116410 
1776.625632 0.968389 0.673022 
1778.120194 0.457645 0.598983 
1778.869108 0.093121 0.546416 
1780.699490 0.350863 0.147479 
1781.532010 0.483469 0.074832 
1781.712758 0.027682 0.309317 
1781.784599 0.090676 0.954438 
1788.123147 0.192777 0.814126 
1788.798298 0.979183 0.606338 
1788.935515 0.293379 0.792874 
1789.426673 0.002019 0.116389 
1790.275389 0.611817 0.582005 
1792.799784 0.807342 0.031271 
1793.202447 0.400651 0.163939 
1794.180976 0.928171 0.775118 
1794.323309 0.868725 0.802406 
1794.830259 0.765803 0.261275 
1795.890803 0.637657 0.495271 
1797.357865 0.717014 0.823768 
1798.659885 0.102439 0.057264 
1798.698209 0.777455 0.434411 
1802.560569 0.235436 0.811475 
1803.181136 0.685882 0.285216 
1803.259104 0.416196 0.690594 
1805.333317 0.840957 0.438863 
1805.384482 0.197521 0.398344 
1808.196931 0.904479 0.934222 
1809.517790 0.132796 0.012670 
1809.662061 0.182172 0.281275 
1812.757964 0.877233 0.602787 
1814.247199 0.355006 0.687535 
1814.625460 0.629905 0.580175 
1814.766949 0.591207 0.859661 
1815.992190 0.237832 0.599588 
1816.170295 0.629142 0.291753 
1819.167975 0.989624 0.112885 
1819.697108 0.947529 0.966496 
1821.199679 0.132141 0.292230 
1822.702279 0.091024 0.708936 
1823.660907 0.720590 0.802583 
1823.968833 0.765428 0.132596 
1824.954463 0.761987 0.902259 
1825.470861 0.540427 0.728223 
1825.814897 0.199770 0.912103 
1826.930783 0.129721 0.458845 
1827.162135 0.456319 0.987559 
1828.532391 0.386736 0.400215 
1828.970223 0.986217 0.872237 
1830.611410 0.468343 0.507613 
1831.161977 0.566819 0.209073 
1833.192313 0.708489 0.187868 
1834.679383 0.786105 0.950081 
1835.153108 0.451215 0.506625 
1836.379798 0.123338 0.348092 
1840.113109 0.400244 0.736613 
1840.290397 0.045772 0.233586 
1840.777145 0.317070 0.744940 
1840.877514 0.012087 0.499118 
1841.130594 0.869490 0.313116 
1844.090495 0.974457 0.031504 
1844.267536 0.202222 0.113020 
1845.161859 0.654325 0.628153 
1845.339056 0.688132 0.108150 
1845.476278 0.115103 0.108869 
1845.784796 0.314957 0.489277 
1846.759505 0.942826 0.442265 
1847.675179 0.684705 0.026169 
1849.086465 0.460019 0.811942 
1849.773301 0.838294 0.737383 
1852.773553 0.415885 0.277614 
1854.048839 0.454518 0.760420 
1854.096193 0.502746 0.939368 
1855.546754 0.921681 0.118373 
1855.757799 0.767309 0.129521 
1855.807902 0.924055 0.390522 
1856.060795 0.868203 0.207292 
1858.696833 0.980943 0.156454 
1858.903076 0.284227 0.145980 
1860.714429 0.221899 0.313535 
1862.068202 0.860032 0.186986 
1862.126826 0.792747 0.892373 
1862.806183 0.054400 0.487391 
1865.238719 0.373735 0.939636 
1865.910282 0.289333 0.603689 
1865.930247 0.934522 0.547702 
1867.044397 0.618255 0.754800 
1867.977743 0.793822 0.195830 
1868.860932 0.589040 0.122621 
1870.083730 0.969870 0.890006 
1870.528700 0.788216 0.005086 
1871.846441 0.031257 0.132968 
1872.705165 0.808088 0.938896 
1874.844248 0.981182 0.156337 
1877.169436 0.193137 0.241651 
1877.573273 0.051905 0.930275 
1879.222400 0.752492 0.615260 
1879.534524 0.306754 0.925503 
1880.046479 0.319428 0.833583 
1881.065522 0.108242 0.650729 
1882.375449 0.596646 0.594936 
1883.879001 0.135084 0.397169 
1884.143489 0.539733 0.692448 
1885.595419 0.175195 0.021762 
1888.257565 0.534071 0.701403 
1889.328783 0.212207 0.020603 
1890.264654 0.023509 0.508485 
1891.303885 0.231551 0.702625 
1891.885153 0.117854 0.355329 
1893.138781 0.463918 0.250741 
1893.324784 0.063414 0.014043 
1893.494029 0.591387 0.903517 
1893.522597 0.101817 0.249992 
1893.669037 0.297194 0.892284 
1893.918959 0.745522 0.990108 
1894.304444 0.898314 0.691582 
1897.020438 0.039392 0.112290 
1897.226337 0.694189 0.025208 
1898.025085 0.896540 0.986821 
1899.024993 0.701420 0.615697 
1901.328703 0.743563 0.169518 
1901.631883 0.092348 0.052207 
1904.424490 0.080181 0.115874 
1904.652027 0.247949 0.012055 
1905.599943 0.718759 0.994077 
1906.084217 0.892169 0.872216 
1906.142845 0.619023 0.891575 
1906.741452 0.776215 0.546978 
1907.627052 0.573272 0.664955 
1908.797100 0.643572 0.445694 
1909.469746 0.765740 0.659508 
1910.148113 0.758725 0.371511 
1910.539735 0.283384 0.210174 
1911.069463 0.103127 0.185846 
1911.537753 0.671825 0.256223 
1911.870354 0.044903 0.761941 
1913.368728 0.474852 0.262046 
1913.514918 0.942684 0.962610 
1913.627850 0.636306 0.832993 
1914.526079 0.973808 0.504509 
1914.860354 0.390225 0.257859 
1915.034745 0.977729 0.837874 
1915.698563 0.174208 0.833560 
1918.995340 0.588489 0.240778 
1919.833391 0.562152 0.236921 
1920.509041 0.066662 0.267728 
1920.861103 0.183821 0.496387 
1921.326585 0.342859 0.298771 
1926.427214 0.472639 0.218397 
1926.634872 0.925509 0.935675 
1926.804905 0.741687 0.652417 
1927.020044 0.731717 0.229117 
1927.556663 0.666648 0.853336 
1928.119790 0.040852 0.912137 
1930.862322 0.360760 0.917473 
1931.892784 0.508665 0.257295 
1932.903505 0.005007 0.621271 
1933.131378 0.462022 0.979849 
1934.288584 0.322532 0.100749 
1934.360997 0.223051 0.386982 
1935.015873 0.200944 0.066499 
1936.795049 0.939402 0.250724 
1939.754970 0.942226 0.348142 
1939.806813 0.443750 0.712579 
1941.459321 0.997695 0.575318 
1941.982605 0.034461 0.547768 
1942.849493 0.616397 0.015904 
1943.798373 0.290320 0.080616 
1944.164165 0.167971 0.081717 
1944.417902 0.128940 0.041559 
1944.952770 0.925839 0.518529 
1946.697374 0.459755 0.100349 
1947.489439 0.103942 0.569073 
1947.733902 0.754286 0.959203 
1948.487485 0.460270 0.832757 
1948.606675 0.105256 0.958047 
1948.770171 0.185624 0.204111 
1951.809111 0.402972 0.790206 
1953.385855 0.015848 0.558655 
1953.496844 0.831809 0.782319 
1957.610384 0.205176 0.205821 
1958.636961 0.751319 0.188023 
1958.781223 0.556800 0.458230 
1958.946188 0.369668 0.236653 
1958.949310 0.951477 0.730893 
1959.885938 0.220225 0.742048 
1961.200912 0.093636 0.991441 
1961.980297 0.626892 0.532284 
1961.987351 0.303198 0.873015 
1962.890565 0.798717 0.706889 
1963.093875 0.865444 0.597485 
1966.494916 0.713136 0.894723 
1966.523303 0.110151 0.139358 
1968.244350 0.588915 0.222435 
1968.508067 0.460709 0.291628 
1969.450074 0.230520 0.142226 
1970.187053 0.500747 0.916597 
1970.193259 0.311050 0.844328 
1971.471244 0.914119 0.790425 
1971.529787 0.571663 0.009916 
1973.805393 0.737589 0.504079 
1974.076108 0.470060 0.941406 
1974.564351 0.779178 0.155735 
1974.986530 0.568328 0.825314 
1976.320858 0.703989 0.338316 
1976.681497 0.520119 0.286920 
1977.382178 0.824028 0.970031 
1977.482981 0.119058 0.796083 
1979.390783 0.984047 0.927093 
1979.936218 0.732604 0.259611 
1980.009101 0.283212 0.452358 
1980.095422 0.016141 0.210914 
1981.243038 0.628289 0.132301 
1982.150978 0.192826 0.212614 
1982.519589 0.720970 0.872541 
1984.600059 0.469247 0.754237 
1984.773730 0.262276 0.601047 
1984.834226 0.167576 0.617790 
1985.287263 0.645472 0.848427 
1985.302804 0.790526 0.958179 
1985.674844 0.762452 0.401077 
1986.384863 0.315097 0.122433 
1986.832808 0.143215 0.194998 
1987.161804 0.254117 0.333316 
1987.211757 0.102802 0.173981 
1987.277340 0.271942 0.802159 
1988.614829 0.768489 0.712827 
1988.919776 0.693397 0.619964 
1990.244724 0.031067 0.577806 
1990.740825 0.678031 0.275622 
1990.857129 0.614481 0.143371 
1991.585919 0.133510 0.464053 
1993.073509 0.246896 0.868166 
1993.426798 0.585054 0.449719 
1995.331897 0.101993 0.221976 
1996.245045 0.528136 0.645966 
1996.266146 0.339775 0.915739 
2000.080172 0.037146 0.383222 
2000.362386 0.594311 0.487064 
2000.658875 0.249554 0.507780 
2001.042377 0.548472 0.613491 
2001.642737 0.060867 0.612240 
2002.167320 0.385506 0.348471 
2004.183104 0.550150 0.564416 
2005.770644 0.000474 0.292860 
2010.426273 0.421045 0.288546 
2011.860328 0.118019 0.574058 
2012.264690 0.573398 0.511585 
2012.278586 0.717302 0.705552 
2012.517847 0.721260 0.242348 
2012.615640 0.398500 0.700543 
2015.191642 0.111472 0.876377 
2015.327772 0.352546 0.742226 
2016.307608 0.165662 0.295365 
2016.663866 0.738707 0.469346 
2017.788434 0.776195 0.228841 
2018.288335 0.459202 0.090327 
2019.235838 0.828652 0.480411 
2020.017077 0.768828 0.114989 
2020.944574 0.302811 0.929545 
2021.409598 0.566612 0.203363 
2021.605918 0.652489 0.690353 
2022.973362 0.902173 0.040594 
2024.442378 0.908864 0.808080 
2024.505543 0.383130 0.364672 
2024.692624 0.369426 0.621229 
2025.651172 0.492352 0.870638 
2027.064886 0.906102 0.945321 
2029.905564 0.133606 0.424441 
2031.065566 0.408322 0.118413 
2031.283642 0.036557 0.184416 
2031.365560 0.341978 0.249324 
2032.333465 0.674029 0.583098 
2032.684825 0.958821 0.445949 
2033.841075 0.026118 0.376042 
2034.081919 0.658332 0.364894 
2034.702515 0.638733 0.472341 
2035.053192 0.558343 0.056494 
2035.562546 0.302640 0.522040 
2036.103792 0.667432 0.775215 
2036.299300 0.114567 0.699211 
2036.393237 0.900584 0.893959 
2037.445706 0.236360 0.038650 
2037.495221 0.148331 0.078914 
2038.491397 0.546238 0.431651 
2038.722730 0.596250 0.406994 
2038.958283 0.955929 0.585515 
2040.077926 0.585002 0.175469 
2040.241472 0.611168 0.256589 
2040.313045 0.247193 0.500583 
2043.238775 0.568000 0.817278 
2045.863996 0.080158 0.383758 
2047.070300 0.770747 0.057668 
