0.000000 0.000411 0.700864 
1.142171 0.219976 0.614818 
1.780139 0.045889 0.330515 
4.803491 0.393174 0.159738 
5.106843 0.703948 0.750251 
5.782671 0.199511 0.006423 
6.069082 0.696387 0.050848 
6.846200 0.537256 0.905775 
7.177766 0.197753 0.448807 
9.686307 0.634379 0.487749 
11.650779 0.108774 0.410822 
12.228477 0.671733 0.838523 
12.478405 0.808913 0.025292 
12.999737 0.969076 0.267896 
13.047560 0.208686 0.951544 
13.384537 0.137464 0.420289 
13.972887 0.470035 0.326295 
19.542447 0.506493 0.467765 
22.224477 0.426808 0.359491 
22.387107 0.611820 0.367760 
26.003104 0.269739 0.416066 
26.590502 0.070930 0.979891 
30.914719 0.043981 0.374329 
31.583953 0.987405 0.753992 
31.988237 0.558446 0.633716 
32.299310 0.954897 0.270213 
32.684410 0.523638 0.700733 
33.321142 0.221291 0.600882 
33.377163 0.236017 0.835108 
35.079601 0.961616 0.863736 
35.327415 0.020578 0.348127 
36.018630 0.035298 0.333109 
37.000639 0.203107 0.485316 
41.495314 0.214544 0.786842 
42.084519 0.174873 0.929419 
43.104526 0.391546 0.269924 
43.544338 0.238502 0.497715 
46.258078 0.872700 0.237951 
46.309480 0.075264 0.148790 
47.813765 0.175000 0.540775 
49.800504 0.471785 0.264704 
50.031558 0.954013 0.861252 
50.241482 0.727391 0.604857 
50.875530 0.880797 0.568683 
51.846642 0.157750 0.121087 
52.136079 0.754820 0.475194 
53.004746 0.829422 0.451430 
53.699362 0.149103 0.565945 
54.505410 0.201952 0.261598 
55.990310 0.718772 0.910139 
56.296880 0.460803 0.596959 
57.848036 0.381536 0.038685 
59.073749 0.576656 0.573523 
61.059337 0.761274 0.080569 
61.187757 0.773010 0.178328 
62.066765 0.287863 0.145057 
62.121020 0.170998 0.219363 
63.543674 0.634723 0.241589 
63.882750 0.983227 0.519698 
65.443656 0.003092 0.986949 
65.543621 0.642178 0.258372 
65.557145 0.498437 0.177546 
66.815085 0.018658 0.224003 
68.048396 0.141159 0.558226 
68.487481 0.051275 0.730588 
69.353920 0.788095 0.946869 
70.089737 0.301300 0.524609 
70.224913 0.070347 0.644470 
70.417074 0.922660 0.131465 
71.164856 0.823624 0.316624 
74.228016 0.690392 0.821837 
74.882131 0.633931 0.501164 
75.505864 0.159133 0.591799 
75.536644 0.633750 0.905749 
76.462493 0.757052 0.140488 
76.654541 0.048919 0.424851 
78.085311 0.393429 0.015438 
78.368501 0.258041 0.452673 
78.890128 0.845841 0.599845 
78.937689 0.486376 0.613170 
80.001414 0.634323 0.084906 
82.888277 0.428265 0.138929 
83.279113 0.443628 0.710896 
83.309409 0.665040 0.452603 
84.252515 0.352526 0.774821 
86.710619 0.101753 0.116916 
88.372356 0.509125 0.970042 
89.611401 0.117258 0.156529 
90.528475 0.109202 0.861343 
91.981718 0.312012 0.226896 
92.024940 0.839067 0.943529 
94.751700 0.462094 0.072222 
94.870364 0.835904 0.167891 
95.123474 0.577678 0.972796 
95.730455 0.474692 0.546665 
96.504455 0.072734 0.063241 
98.217338 0.448398 0.263210 
98.953487 0.129793 0.386930 
100.478452 0.047635 0.098644 
100.560860 0.993430 0.352568 
102.984543 0.298720 0.029951 
103.878328 0.435234 0.930648 
103.895493 0.771743 0.293391 
105.049197 0.908953 0.055248 
105.486451 0.373856 0.702707 
106.897192 0.867616 0.060078 
108.007115 0.025950 0.603569 
108.303918 0.496679 0.001623 
108.548908 0.118333 0.024242 
109.184375 0.626430 0.935921 
111.209920 0.425980 0.645900 
111.317028 0.898079 0.781257 
111.824127 0.441629 0.646247 
113.087654 0.730792 0.444704 
115.472079 0.627262 0.153471 
115.845122 0.787056 0.172095 
116.430470 0.147528 0.623772 
117.323337 0.110089 0.417085 
117.486359 0.877341 0.986200 
118.420188 0.686831 0.503978 
121.482875 0.132366 0.445046 
121.752821 0.276199 0.541521 
121.758994 0.461305 0.944798 
122.505376 0.202917 0.261730 
123.640778 0.222916 0.520407 
124.011593 0.431043 0.443155 
124.030451 0.999246 0.661024 
124.429994 0.436057 0.137367 
125.992098 0.913751 0.504410 
126.007133 0.266971 0.744615 
129.559029 0.709472 0.617800 
129.893480 0.191181 0.866135 
130.683958 0.452841 0.264195 
131.651988 0.141508 0.703175 
135.493650 0.932425 0.916726 
135.942042 0.140662 0.448055 
136.891241 0.449595 0.037153 
137.235858 0.075740 0.813857 
139.401009 0.090134 0.138257 
142.112971 0.133248 0.194176 
144.013241 0.155819 0.142230 
145.998200 0.628002 0.976936 
146.210739 0.013178 0.672949 
146.625946 0.598609 0.261421 
147.063717 0.206811 0.090297 
147.898038 0.792532 0.037203 
148.264108 0.221576 0.762025 
148.375113 0.816711 0.618407 
148.588297 0.128874 0.216912 
149.468118 0.849449 0.008519 
150.278762 0.686254 0.726487 
151.117443 0.032492 0.453020 
154.232686 0.918733 0.705134 
154.640528 0.669318 0.769748 
156.195393 0.530941 0.472377 
157.024581 0.125258 0.678301 
157.229484 0.638435 0.151577 
157.794624 0.611360 0.227246 
161.028067 0.538423 0.560295 
164.052544 0.987290 0.604525 
164.690339 0.949018 0.411060 
166.114778 0.973482 0.490328 
167.518454 0.654416 0.736097 
168.048811 0.702179 0.429847 
168.648823 0.853907 0.454738 
170.098597 0.759743 0.682017 
170.732930 0.276635 0.299836 
171.934594 0.994052 0.493400 
172.058256 0.205897 0.493848 
172.992197 0.927546 0.937884 
173.810402 0.981079 0.408648 
173.971702 0.623288 0.281282 
174.531305 0.337101 0.228393 
174.690292 0.589081 0.590959 
175.653606 0.673559 0.941321 
176.594086 0.494604 0.156652 
177.725727 0.898185 0.392521 
178.017563 0.702635 0.577562 
180.154720 0.452469 0.506597 
181.028949 0.312528 0.788943 
181.154432 0.436154 0.286802 
181.700920 0.201679 0.071060 
182.240177 0.980939 0.688590 
183.651362 0.716215 0.356339 
188.144382 0.670627 0.879663 
188.928092 0.949084 0.723832 
189.102163 0.621332 0.087243 
189.365163 0.350036 0.635068 
190.112622 0.724550 0.665610 
190.282084 0.183774 0.332302 
191.491500 0.889352 0.345594 
192.385274 0.935190 0.309274 
193.534188 0.516412 0.749020 
194.716176 0.629401 0.809885 
195.201219 0.912632 0.406086 
197.143510 0.779271 0.050435 
200.734428 0.584063 0.377250 
201.145844 0.643924 0.447416 
201.562352 0.387774 0.647067 
201.836565 0.050959 0.703828 
202.097280 0.220976 0.385277 
202.241266 0.252408 0.710225 
202.352263 0.498102 0.182786 
203.691681 0.947278 0.589499 
205.820645 0.539318 0.948376 
206.117957 0.260457 0.000672 
206.706871 0.619551 0.933084 
208.775886 0.172679 0.958169 
211.322120 0.569715 0.416739 
212.635514 0.165143 0.407734 
213.151359 0.920469 0.217114 
214.955396 0.463539 0.979207 
217.335255 0.364638 0.497363 
218.989079 0.261047 0.880444 
219.012274 0.730196 0.233776 
220.438065 0.889321 0.064779 
221.218788 0.459409 0.592065 
221.358432 0.786868 0.628739 
222.113467 0.748446 0.579379 
222.363051 0.989113 0.097938 
222.383498 0.037951 0.432936 
222.877609 0.394018 0.137971 
224.902564 0.216731 0.169071 
225.573773 0.396516 0.364359 
227.949612 0.464447 0.235255 
228.738302 0.046489 0.936679 
229.998820 0.821353 0.291809 
230.156155 0.712306 0.979693 
230.889703 0.002215 0.611714 
231.343581 0.315969 0.403122 
233.111921 0.231926 0.541170 
235.921657 0.070428 0.274905 
236.006841 0.690202 0.472733 
236.648933 0.733414 0.309109 
239.113818 0.707550 0.382114 
243.281130 0.583169 0.069009 
243.802062 0.317331 0.722921 
244.091254 0.473538 0.753339 
244.971194 0.273217 0.946233 
245.253943 0.218455 0.387199 
248.893059 0.704325 0.265515 
249.993767 0.262018 0.306843 
250.067768 0.424378 0.443817 
250.862956 0.578059 0.707064 
255.764318 0.017112 0.736073 
256.407122 0.718569 0.787503 
257.907638 0.190643 0.395869 
258.817085 0.636129 0.502179 
258.931702 0.886459 0.794054 
262.037174 0.234664 0.875539 
262.152130 0.053908 0.360440 
262.318321 0.585360 0.244760 
262.681442 0.469639 0.374456 
263.399484 0.684997 0.613006 
265.361176 0.996782 0.704731 
266.028477 0.777216 0.968155 
267.635810 0.941852 0.496202 
270.457164 0.929927 0.297815 
271.740000 0.118741 0.224134 
272.267231 0.631553 0.187485 
274.447953 0.073742 0.216018 
274.877645 0.298178 0.049804 
276.215193 0.263691 0.188501 
276.602064 0.258444 0.254137 
277.137028 0.182524 0.896239 
278.854577 0.016649 0.168072 
280.194772 0.856211 0.170873 
280.795090 0.097694 0.456687 
282.474916 0.408904 0.019549 
283.355382 0.240491 0.613801 
285.720113 0.288240 0.402458 
286.071538 0.808837 0.481665 
288.701996 0.142259 0.495058 
288.946783 0.117721 0.547039 
289.712480 0.976636 0.727418 
293.188117 0.398085 0.627940 
293.447227 0.952233 0.101134 
296.424955 0.630479 0.977818 
296.821447 0.753633 0.030121 
297.770448 0.568651 0.077589 
298.236430 0.785852 0.195998 
299.326749 0.366642 0.414807 
300.252531 0.777872 0.509264 
301.130429 0.077940 0.603749 
303.635727 0.412784 0.009815 
305.547826 0.662774 0.282999 
306.015334 0.876990 0.365374 
306.699512 0.393277 0.915171 
310.417296 0.868706 0.107065 
312.085311 0.719030 0.651441 
315.213983 0.266468 0.517151 
315.674964 0.393720 0.270347 
318.972972 0.605702 0.745340 
319.434607 0.984760 0.136651 
320.143360 0.809693 0.143598 
320.621388 0.874271 0.570106 
322.000044 0.144726 0.077369 
322.531342 0.606235 0.031098 
325.676159 0.079585 0.047286 
325.852152 0.248875 0.468879 
326.527749 0.712607 0.459980 
326.636681 0.769646 0.414634 
328.050493 0.931190 0.737504 
329.968669 0.776086 0.422431 
331.965581 0.735141 0.963393 
335.113540 0.802810 0.110105 
338.336660 0.149046 0.060723 
339.403686 0.968101 0.596846 
339.420573 0.756831 0.766074 
341.151565 0.810860 0.377787 
344.486226 0.712222 0.043219 
346.920022 0.832808 0.376235 
347.173462 0.651543 0.942628 
348.540758 0.973750 0.516509 
348.648931 0.653526 0.014692 
350.388237 0.770045 0.321879 
350.630157 0.417238 0.249666 
350.672652 0.132474 0.807010 
355.561697 0.536070 0.727744 
359.263513 0.533708 0.676456 
359.283072 0.427108 0.663860 
360.091824 0.939681 0.445857 
360.095759 0.357192 0.079324 
361.087758 0.759411 0.202085 
361.766477 0.769440 0.927986 
362.207421 0.942551 0.513802 
363.944555 0.495597 0.805863 
364.061939 0.328666 0.539880 
365.924647 0.658996 0.815860 
370.267440 0.151791 0.685755 
370.451125 0.105994 0.294361 
373.941341 0.080456 0.024057 
375.119770 0.583198 0.674339 
376.555952 0.555504 0.392224 
376.929245 0.332222 0.270979 
377.035777 0.909662 0.380843 
379.111868 0.343130 0.629763 
381.335481 0.843583 0.611076 
381.685668 0.713268 0.486615 
381.934647 0.753384 0.851186 
382.340829 0.543388 0.836522 
382.483082 0.534925 0.655856 
383.775513 0.182152 0.636565 
383.849782 0.588522 0.848519 
385.254416 0.277929 0.002247 
385.269705 0.203425 0.730775 
387.405908 0.443737 0.462675 
387.998431 0.254659 0.722015 
389.399895 0.271295 0.196737 
389.837395 0.453263 0.787689 
391.062338 0.792808 0.101104 
391.603464 0.856432 0.635731 
392.297125 0.299819 0.209583 
393.246262 0.170025 0.245114 
394.413571 0.849249 0.205863 
394.643010 0.050227 0.008243 
395.276864 0.150806 0.126564 
395.792611 0.116554 0.471164 
396.046512 0.399577 0.270437 
399.193759 0.604308 0.205717 
399.332577 0.391081 0.539261 
400.225073 0.987392 0.372534 
400.555374 0.499604 0.776346 
401.467871 0.643603 0.296406 
403.726389 0.684796 0.338314 
404.465173 0.631811 0.576845 
404.678203 0.525213 0.296970 
405.107940 0.083799 0.015646 
405.478613 0.857789 0.415690 
406.939661 0.859696 0.397246 
409.975714 0.931862 0.278825 
410.585352 0.285993 0.159908 
411.458270 0.323096 0.358510 
412.710706 0.266774 0.120352 
417.020140 0.722180 0.587301 
417.276794 0.490395 0.064823 
420.043314 0.391769 0.576881 
423.708723 0.903600 0.958957 
423.755223 0.901980 0.409400 
424.396722 0.809697 0.765706 
425.213387 0.372645 0.181937 
426.452917 0.071022 0.359756 
429.119457 0.981839 0.384841 
430.025981 0.103703 0.067547 
430.820143 0.173123 0.986550 
430.863895 0.091842 0.916334 
433.184997 0.223375 0.500324 
434.533088 0.854676 0.199191 
436.078814 0.397641 0.164125 
436.804300 0.360104 0.010264 
438.580074 0.299358 0.156979 
438.737870 0.896191 0.649806 
439.050947 0.650637 0.260263 
441.878308 0.190233 0.700884 
442.550012 0.914791 0.395254 
442.894360 0.538172 0.837772 
442.896460 0.275285 0.372439 
443.428733 0.438571 0.475230 
444.125445 0.944172 0.479735 
444.438116 0.954393 0.866534 
445.952698 0.857420 0.084621 
447.588534 0.374241 0.070330 
447.623358 0.105967 0.047431 
449.215849 0.695109 0.617133 
450.650743 0.754683 0.646418 
452.702128 0.129400 0.856070 
456.379463 0.975453 0.688123 
458.920943 0.178371 0.645702 
459.259286 0.196671 0.126127 
460.879473 0.956305 0.791789 
461.456889 0.776808 0.452018 
461.887597 0.390595 0.648427 
462.080427 0.552465 0.284478 
462.855427 0.242788 0.410642 
464.114974 0.259931 0.544711 
465.041264 0.175102 0.960415 
465.668719 0.737568 0.985570 
465.940466 0.797546 0.453613 
466.273913 0.654837 0.561968 
466.520114 0.748229 0.188636 
467.338651 0.972676 0.218424 
468.749134 0.133775 0.902639 
469.770664 0.481277 0.586381 
471.006774 0.598564 0.906092 
471.183923 0.271789 0.682542 
471.948486 0.246180 0.012310 
473.319799 0.686526 0.031970 
473.571545 0.183311 0.611127 
475.068954 0.198402 0.706396 
475.408974 0.587957 0.470797 
475.438180 0.301212 0.017674 
475.723865 0.580815 0.950366 
477.819223 0.896469 0.603012 
479.128341 0.490541 0.039614 
479.504197 0.069991 0.021060 
480.223004 0.539497 0.407197 
480.276167 0.689437 0.009277 
480.729953 0.329284 0.667482 
480.992932 0.364626 0.080461 
483.765603 0.286568 0.474363 
483.959441 0.035020 0.067164 
484.907445 0.933649 0.287497 
485.083780 0.122105 0.424057 
485.885088 0.842116 0.584683 
486.644676 0.918614 0.470843 
486.705682 0.785784 0.077481 
486.734740 0.627870 0.854910 
486.860424 0.864030 0.202655 
488.072629 0.498413 0.299922 
488.798757 0.177233 0.070769 
491.491206 0.470027 0.830088 
491.770715 0.845257 0.496075 
492.796336 0.709232 0.072072 
493.320059 0.691062 0.347006 
494.126425 0.751413 0.666449 
495.548440 0.722607 0.375375 
495.760797 0.096478 0.910545 
497.488995 0.467850 0.065146 
497.746971 0.003802 0.192546 
497.888457 0.931305 0.532202 
499.918258 0.072970 0.487496 
500.040272 0.053659 0.055462 
500.507321 0.569149 0.233720 
502.634574 0.188168 0.490903 
502.918634 0.470962 0.442580 
506.085578 0.432151 0.350707 
506.244351 0.897268 0.435958 
507.874748 0.828380 0.458457 
508.737602 0.569311 0.332439 
509.081820 0.150149 0.626720 
511.124646 0.072903 0.294521 
512.990860 0.068990 0.335977 
513.272397 0.651680 0.383228 
513.872510 0.300228 0.454703 
514.410827 0.720108 0.725951 
514.882876 0.963144 0.757238 
514.912332 0.213477 0.449892 
515.538587 0.969876 0.714411 
517.212794 0.676963 0.058939 
517.627511 0.503373 0.243331 
518.147191 0.627192 0.079234 
520.487029 0.384655 0.064210 
521.117592 0.349046 0.757701 
521.956216 0.648707 0.460388 
522.913877 0.490120 0.126616 
525.314470 0.302650 0.032183 
525.466578 0.802178 0.288795 
525.937621 0.752690 0.290663 
525.966906 0.145636 0.305923 
526.018716 0.163740 0.818170 
526.774695 0.572488 0.999051 
527.154530 0.861588 0.633991 
527.652660 0.757742 0.685951 
528.056990 0.672411 0.843070 
528.900171 0.778423 0.887032 
530.748191 0.440041 0.503624 
531.969193 0.157064 0.471423 
533.275508 0.445662 0.542533 
533.347831 0.781789 0.756740 
533.692598 0.570594 0.170329 
534.551611 0.960479 0.047296 
535.450394 0.195597 0.571259 
537.562001 0.888275 0.669146 
537.699762 0.252542 0.319781 
537.750415 0.551941 0.024813 
541.176184 0.057449 0.846823 
541.444562 0.982509 0.431014 
541.610534 0.889521 0.657512 
546.084090 0.601411 0.372429 
546.132077 0.052401 0.714393 
547.346681 0.981567 0.815598 
547.633117 0.977331 0.703869 
548.825528 0.260954 0.566861 
549.154017 0.225743 0.282892 
549.613185 0.255476 0.496774 
552.060090 0.118903 0.145183 
552.906264 0.505765 0.382139 
553.239062 0.415899 0.924005 
553.826370 0.228939 0.858915 
554.234458 0.766839 0.154901 
555.846192 0.210834 0.564845 
557.133448 0.371988 0.493693 
557.414218 0.701176 0.651781 
557.844726 0.336634 0.858234 
558.847538 0.659280 0.219244 
559.989057 0.472891 0.433292 
562.202454 0.315643 0.179096 
562.646435 0.350996 0.075911 
563.253460 0.288370 0.668768 
565.112559 0.950505 0.239634 
565.424472 0.949381 0.167681 
569.414978 0.490196 0.112520 
569.426510 0.241883 0.915755 
570.846887 0.523582 0.822320 
570.877147 0.024866 0.643162 
571.222283 0.457811 0.149621 
573.675316 0.583634 0.473142 
574.239853 0.262502 0.959523 
575.102626 0.547129 0.152015 
575.967906 0.197208 0.067754 
577.104900 0.159185 0.381507 
578.545651 0.450035 0.830132 
579.464905 0.518951 0.038357 
579.834221 0.515831 0.638069 
581.082350 0.559339 0.037290 
582.368607 0.297856 0.283447 
582.576555 0.046344 0.284849 
582.741147 0.285598 0.750054 
583.486509 0.334617 0.709083 
583.873435 0.842644 0.461365 
585.445367 0.364623 0.768602 
586.629272 0.312442 0.579521 
586.650657 0.870726 0.566370 
589.497283 0.748276 0.702200 
590.180533 0.398735 0.732914 
593.298236 0.413651 0.681480 
594.720348 0.060974 0.769413 
595.005498 0.958292 0.248701 
596.444816 0.915382 0.251796 
597.006505 0.226330 0.936328 
597.866904 0.820466 0.818101 
598.536795 0.590204 0.627966 
598.901512 0.681535 0.830964 
600.299290 0.976128 0.753336 
606.712883 0.374102 0.584445 
607.403597 0.058725 0.373686 
609.317837 0.170922 0.814246 
611.021870 0.434207 0.605946 
611.708058 0.904464 0.111266 
611.914565 0.866037 0.145653 
611.930046 0.736813 0.582812 
614.158493 0.725967 0.254191 
615.326274 0.281926 0.713829 
617.184357 0.962426 0.365998 
618.848605 0.773177 0.915280 
620.842532 0.077948 0.954169 
621.876315 0.903792 0.925955 
622.736449 0.558105 0.911325 
623.827166 0.514869 0.659166 
623.984101 0.358931 0.576853 
624.420559 0.556998 0.486500 
624.868318 0.499175 0.237164 
625.789755 0.322672 0.564222 
626.339291 0.823716 0.731912 
627.130452 0.633053 0.287814 
630.427714 0.063539 0.551385 
630.633274 0.426303 0.338128 
630.754012 0.371902 0.945641 
632.416908 0.856675 0.728299 
632.897233 0.843917 0.454790 
633.722896 0.261756 0.403765 
635.628336 0.665610 0.721551 
638.387575 0.983551 0.015855 
639.177980 0.195915 0.359671 
642.284768 0.237670 0.044818 
643.871830 0.536835 0.273156 
646.187861 0.769323 0.115602 
646.946222 0.138706 0.487453 
648.543342 0.870778 0.052718 
649.787272 0.029307 0.311289 
651.845682 0.510047 0.398889 
652.173238 0.070150 0.412038 
653.238793 0.332557 0.931027 
654.142459 0.428590 0.416738 
655.107147 0.165192 0.196273 
655.216912 0.467938 0.869801 
655.926538 0.789622 0.439777 
657.160642 0.511040 0.592627 
657.420771 0.976465 0.570858 
658.921894 0.752895 0.940859 
659.934890 0.497019 0.324297 
660.438278 0.338360 0.887272 
660.919409 0.573668 0.439660 
661.608056 0.780241 0.654490 
663.888041 0.908796 0.650562 
664.920878 0.670980 0.629746 
665.694457 0.886532 0.617579 
667.656386 0.530642 0.374907 
670.039528 0.549266 0.346843 
671.967937 0.590118 0.553527 
672.517965 0.471934 0.278847 
674.081521 0.994786 0.937890 
674.584051 0.680843 0.026656 
676.028274 0.335274 0.693542 
678.144959 0.804878 0.220225 
679.035476 0.600478 0.833437 
681.146067 0.894698 0.440796 
682.306388 0.640496 0.112915 
682.871342 0.277275 0.953894 
683.310127 0.604049 0.823251 
683.686490 0.528335 0.118567 
686.028275 0.717859 0.959477 
686.678112 0.147481 0.878536 
687.662682 0.563342 0.368266 
687.920934 0.542479 0.038125 
688.821480 0.776051 0.577630 
689.077369 0.890276 0.812206 
690.081091 0.628039 0.491341 
690.218604 0.565503 0.301655 
691.331385 0.653094 0.572472 
694.270290 0.602091 0.881045 
694.360365 0.518289 0.014023 
695.172922 0.754921 0.939455 
696.215718 0.147795 0.987276 
696.938213 0.393313 0.660643 
698.900776 0.750358 0.714046 
700.404530 0.584027 0.111067 
701.090773 0.325175 0.730129 
701.935649 0.307344 0.920621 
701.992278 0.684890 0.495152 
702.586802 0.463978 0.513714 
703.116469 0.130942 0.419254 
705.390073 0.730589 0.065997 
705.603327 0.750460 0.903496 
706.386386 0.385843 0.357890 
706.478264 0.925149 0.212441 
709.035500 0.924032 0.783908 
709.131320 0.352031 0.558537 
711.847716 0.068049 0.492280 
712.241954 0.156751 0.722749 
712.864795 0.911220 0.941372 
716.073609 0.079845 0.171351 
716.848548 0.935390 0.837704 
719.097771 0.355281 0.684451 
719.751187 0.285727 0.909820 
721.746763 0.608626 0.124145 
722.220984 0.873471 0.666311 
723.316692 0.038959 0.453444 
723.325646 0.498564 0.704204 
723.587475 0.491834 0.235505 
723.599883 0.557628 0.994395 
723.931244 0.820515 0.781187 
724.142071 0.672099 0.690643 
724.489857 0.313308 0.063017 
726.477066 0.356965 0.074627 
728.968736 0.879181 0.047062 
729.435576 0.291529 0.727488 
729.997233 0.446668 0.292661 
730.214056 0.450455 0.368181 
730.257650 0.124581 0.162985 
730.290009 0.919175 0.350581 
730.580701 0.006624 0.841845 
731.286225 0.118772 0.417733 
732.633068 0.033370 0.010652 
733.126481 0.406829 0.811631 
734.392331 0.145543 0.958466 
735.738197 0.314140 0.437594 
735.997982 0.433268 0.286192 
738.558353 0.460301 0.267864 
739.132947 0.853624 0.530719 
739.591717 0.026131 0.413966 
739.593605 0.713576 0.252852 
739.789612 0.983711 0.421532 
740.662580 0.421519 0.658936 
740.746725 0.051881 0.068344 
740.920903 0.701372 0.062926 
741.090617 0.230643 0.828140 
744.992536 0.396354 0.248264 
749.745544 0.334741 0.802147 
749.747395 0.395584 0.638847 
751.938260 0.080789 0.315391 
753.281551 0.203166 0.821854 
753.806100 0.080431 0.450505 
754.137050 0.156275 0.772511 
755.352556 0.453261 0.679818 
757.009882 0.168295 0.605471 
758.939157 0.840077 0.924853 
760.006922 0.018056 0.772497 
761.288354 0.156677 0.686696 
764.509789 0.228585 0.572529 
764.931362 0.452522 0.491544 
764.974848 0.011397 0.534601 
765.731958 0.656337 0.531674 
766.215060 0.610251 0.346252 
766.746979 0.715072 0.650985 
766.794765 0.743938 0.480827 
767.345533 0.718123 0.045551 
768.011151 0.207274 0.189270 
768.277782 0.150811 0.430354 
768.389962 0.162554 0.377725 
768.505549 0.701405 0.939503 
768.925090 0.214466 0.629937 
770.747167 0.597553 0.345183 
770.991639 0.831848 0.412187 
771.666135 0.533358 0.298308 
772.255917 0.300398 0.964263 
772.265846 0.399271 0.056472 
772.987718 0.850607 0.246963 
774.091657 0.893239 0.272512 
776.918475 0.044983 0.956307 
777.135728 0.981717 0.803815 
777.175803 0.940432 0.996194 
777.982310 0.278677 0.220275 
778.387721 0.424783 0.738785 
780.754313 0.617638 0.526080 
781.102750 0.998996 0.544846 
782.175720 0.296869 0.912058 
782.420061 0.037025 0.190511 
782.811041 0.404283 0.102456 
783.019817 0.523770 0.848919 
784.213005 0.853910 0.050153 
786.246752 0.191188 0.018244 
788.037652 0.130231 0.193368 
788.274416 0.791228 0.597342 
789.158416 0.456942 0.670505 
789.270906 0.049166 0.360069 
789.610671 0.481734 0.177812 
789.725955 0.110144 0.891811 
791.060087 0.103971 0.763068 
792.644965 0.307692 0.502965 
792.666058 0.364582 0.702540 
793.224518 0.413461 0.351594 
794.133185 0.220606 0.319502 
794.148886 0.514729 0.544347 
795.513838 0.475605 0.545590 
796.262936 0.410352 0.136144 
796.398380 0.437113 0.084156 
797.831245 0.087003 0.501637 
800.026683 0.678404 0.939883 
800.322902 0.651248 0.607564 
801.102158 0.588684 0.950656 
801.683781 0.935040 0.221566 
801.796309 0.804022 0.214132 
801.894972 0.031328 0.862595 
802.050851 0.196370 0.052808 
804.378908 0.806534 0.587003 
805.463413 0.394921 0.128359 
806.366636 0.579644 0.218065 
807.487274 0.078800 0.083355 
809.687826 0.774169 0.838280 
810.255278 0.684641 0.073095 
811.236849 0.494602 0.505058 
812.647528 0.963473 0.701353 
812.804272 0.467040 0.547227 
812.908770 0.804589 0.479711 
813.197255 0.968577 0.067463 
813.628832 0.891068 0.212575 
816.895958 0.074619 0.236079 
817.054979 0.224613 0.764087 
817.375281 0.392910 0.678119 
820.040852 0.146800 0.112729 
821.188596 0.903078 0.649049 
821.324233 0.919545 0.695923 
824.226600 0.756572 0.490024 
824.789280 0.702882 0.797347 
826.283088 0.765734 0.333622 
827.403083 0.030436 0.543468 
827.423522 0.122584 0.102004 
829.219936 0.653069 0.066170 
829.307783 0.284410 0.027723 
830.888804 0.095389 0.508912 
833.230993 0.158208 0.938573 
834.393223 0.509182 0.245101 
835.708212 0.118824 0.486842 
835.934211 0.551861 0.600230 
838.121900 0.602663 0.423287 
839.096938 0.816520 0.397830 
839.966988 0.620657 0.142130 
840.149462 0.948528 0.404869 
842.377701 0.414122 0.429292 
843.708837 0.985965 0.223647 
845.250186 0.769772 0.895972 
846.494827 0.210161 0.895670 
846.981941 0.259611 0.805549 
847.547799 0.740485 0.054742 
847.898132 0.937263 0.512922 
848.289776 0.739416 0.533247 
850.489849 0.727460 0.437798 
850.669387 0.189163 0.722766 
851.238725 0.095364 0.363928 
851.851168 0.638829 0.827717 
852.749042 0.760215 0.929991 
852.950816 0.074185 0.991483 
854.819747 0.822971 0.979798 
855.209270 0.045714 0.816539 
856.013198 0.303615 0.933243 
856.256140 0.251017 0.051604 
856.339558 0.614682 0.778587 
858.353229 0.344307 0.652932 
858.833173 0.718522 0.035356 
859.765060 0.234113 0.387174 
859.896585 0.110666 0.565907 
860.055507 0.653684 0.626078 
861.578077 0.828184 0.130390 
862.180701 0.441302 0.652072 
862.635389 0.575758 0.359207 
864.006493 0.593470 0.192788 
864.094940 0.969845 0.371895 
865.959680 0.555176 0.331745 
866.683747 0.528100 0.896090 
868.571742 0.752173 0.494294 
868.931853 0.300448 0.899447 
870.278003 0.169889 0.619579 
871.302777 0.466581 0.908857 
872.410634 0.219946 0.412433 
873.253203 0.442412 0.405062 
875.438239 0.257484 0.481820 
877.539485 0.168016 0.447948 
878.518752 0.248901 0.767756 
878.600463 0.850937 0.366410 
878.756789 0.862078 0.740834 
879.940786 0.597896 0.041647 
879.981395 0.555505 0.742362 
883.108935 0.033118 0.698304 
883.745451 0.327306 0.183746 
884.407666 0.047299 0.972048 
889.868754 0.437342 0.299191 
891.258680 0.421558 0.132534 
892.402186 0.146542 0.525251 
893.141129 0.365358 0.692159 
895.575467 0.765491 0.388763 
896.627155 0.267867 0.895048 
897.197286 0.622074 0.382872 
898.552837 0.872220 0.912870 
898.753979 0.760064 0.666561 
899.043403 0.262325 0.794109 
899.285380 0.609410 0.306910 
899.316890 0.044590 0.435929 
900.005463 0.987899 0.454179 
900.887701 0.165632 0.377792 
902.216893 0.676461 0.815499 
906.837122 0.192786 0.371433 
907.884749 0.018089 0.568382 
909.286278 0.864640 0.174051 
911.512622 0.543894 0.117084 
912.215349 0.551408 0.141212 
912.344878 0.983450 0.197257 
914.898253 0.581899 0.971329 
915.786401 0.994992 0.392375 
916.006806 0.788549 0.753066 
917.646942 0.616251 0.252090 
917.889884 0.577120 0.232231 
918.764400 0.824372 0.065416 
919.087713 0.976645 0.086377 
919.479154 0.578768 0.653566 
921.635277 0.855826 0.254844 
923.100973 0.461921 0.358947 
923.285048 0.213150 0.970944 
923.653007 0.752740 0.379331 
924.529635 0.990445 0.277833 
928.531837 0.766487 0.418729 
929.165669 0.672967 0.061056 
929.792980 0.456402 0.713706 
930.865483 0.312816 0.971229 
931.824661 0.562297 0.711408 
932.076938 0.962385 0.993313 
932.427228 0.871645 0.310408 
932.496093 0.978667 0.391987 
934.777017 0.217317 0.007056 
935.330161 0.236803 0.647473 
937.508605 0.574022 0.365328 
937.573567 0.620138 0.184845 
938.549056 0.116453 0.488093 
940.235998 0.838544 0.824524 
941.312100 0.963779 0.041394 
941.983367 0.809332 0.611140 
943.994279 0.199173 0.006516 
944.513643 0.021961 0.350816 
945.088388 0.622784 0.165558 
945.942547 0.144467 0.260033 
946.603454 0.303025 0.955350 
947.673483 0.542832 0.900821 
947.781923 0.965003 0.729465 
949.069890 0.681611 0.696074 
952.016131 0.919827 0.909289 
953.434365 0.426454 0.370127 
956.852300 0.127998 0.791277 
957.141533 0.956321 0.180161 
957.702357 0.363700 0.970191 
957.813554 0.538072 0.703296 
958.864255 0.173932 0.349494 
960.211924 0.853055 0.613159 
960.637349 0.308428 0.160198 
961.850233 0.948930 0.287314 
962.744803 0.656485 0.255152 
965.013742 0.313281 0.753252 
965.552334 0.714294 0.549384 
967.201612 0.778499 0.215868 
968.872867 0.128680 0.377268 
969.919313 0.584102 0.638638 
970.053766 0.301552 0.058438 
971.441711 0.866587 0.385467 
972.705187 0.904807 0.661528 
973.285357 0.487486 0.569485 
973.910316 0.491070 0.703851 
974.048810 0.267540 0.268677 
974.382848 0.992841 0.037935 
975.643736 0.989082 0.929336 
975.954587 0.161793 0.806921 
976.243428 0.757142 0.394165 
976.846628 0.556497 0.550285 
977.154281 0.557833 0.127296 
978.043137 0.147614 0.932797 
978.497142 0.922354 0.518691 
978.999617 0.794757 0.277369 
979.657108 0.601730 0.647626 
981.296608 0.790586 0.129858 
986.146012 0.187889 0.904807 
987.244187 0.072193 0.478728 
987.763059 0.988289 0.817770 
988.948383 0.185651 0.926869 
988.969884 0.803047 0.830033 
989.496497 0.246202 0.740061 
989.556932 0.133057 0.382333 
992.606861 0.868778 0.302010 
993.715909 0.303479 0.317643 
994.268753 0.837595 0.858643 
994.448040 0.579432 0.641554 
995.140450 0.067435 0.838931 
996.164405 0.712917 0.496347 
996.283490 0.532044 0.510562 
997.137492 0.067828 0.902717 
999.303498 0.905867 0.401203 
1001.508661 0.229222 0.659649 
1002.451310 0.208450 0.693364 
1002.957795 0.049015 0.310300 
1004.487907 0.537101 0.152812 
1005.451526 0.858377 0.938833 
1008.122199 0.114259 0.263033 
1008.296780 0.260281 0.183871 
1010.320809 0.447015 0.937094 
1011.311464 0.566498 0.851709 
1011.998178 0.613477 0.738076 
1012.779364 0.250071 0.836335 
1013.307610 0.726937 0.385060 
1016.728976 0.094117 0.731645 
1016.850887 0.726443 0.066264 
1017.034628 0.742972 0.928299 
1019.660930 0.878636 0.480238 
1023.236805 0.843692 0.696200 
1023.344852 0.705319 0.817877 
1024.901256 0.648932 0.734003 
1026.727539 0.780677 0.826245 
1027.165021 0.914518 0.438386 
1027.624899 0.448403 0.727229 
1027.993574 0.164020 0.772033 
1028.258169 0.805636 0.938322 
1028.443730 0.353471 0.929898 
1028.788541 0.716414 0.224436 
1030.120253 0.094757 0.827365 
1031.464511 0.926805 0.462499 
1032.213647 0.678455 0.897660 
1032.886738 0.936633 0.562925 
1033.392948 0.868083 0.632419 
1033.773528 0.568995 0.076636 
1034.543201 0.986883 0.840036 
1034.661010 0.509869 0.973584 
1038.050021 0.835668 0.695658 
1038.881630 0.023778 0.065725 
1040.628954 0.600171 0.403529 
1041.169086 0.248799 0.260093 
1041.465564 0.590448 0.430759 
1041.950517 0.892522 0.655993 
1042.844186 0.581132 0.755713 
1043.162842 0.819367 0.666681 
1044.480130 0.878350 0.255958 
1045.023700 0.219025 0.248143 
1045.593356 0.803440 0.534623 
1047.656130 0.208694 0.014857 
1049.343027 0.967329 0.456184 
1049.602465 0.085210 0.688395 
1049.650015 0.253075 0.343947 
1050.351792 0.052254 0.444299 
1051.074793 0.648906 0.260537 
1051.407476 0.493293 0.517305 
1051.716496 0.310129 0.515157 
1052.265599 0.665120 0.208062 
1052.708558 0.203245 0.817481 
1053.082093 0.893635 0.194394 
1055.312356 0.050286 0.453613 
1057.477672 0.471398 0.481678 
1058.271022 0.556579 0.164540 
1059.119590 0.417935 0.903990 
1062.549714 0.329758 0.895063 
1062.763197 0.422306 0.322001 
1063.528700 0.505637 0.133702 
1064.456570 0.975987 0.730870 
1064.839888 0.128829 0.489722 
1066.003279 0.294375 0.598341 
1069.222438 0.534382 0.774927 
1070.441761 0.833198 0.399744 
1070.500171 0.105253 0.557808 
1071.446438 0.414044 0.036276 
1072.371728 0.886888 0.668056 
1073.643534 0.323607 0.505189 
1074.276158 0.091397 0.550815 
1076.642774 0.259687 0.214322 
1077.503033 0.281914 0.258328 
1077.790837 0.347268 0.348848 
1078.010506 0.154846 0.671312 
1078.849442 0.720311 0.926369 
1079.709425 0.333915 0.586227 
1079.727333 0.150820 0.812593 
1082.364685 0.364233 0.278486 
1084.556542 0.149539 0.178499 
1084.774390 0.849497 0.744408 
1086.796932 0.254766 0.580761 
1087.030714 0.541545 0.230440 
1087.144849 0.688552 0.001645 
1087.952654 0.201832 0.287428 
1089.054803 0.074984 0.705613 
1089.990210 0.669216 0.497651 
1090.257213 0.094636 0.453120 
1091.594284 0.823359 0.353307 
1094.416516 0.056666 0.301912 
1094.651336 0.838816 0.328631 
1094.737140 0.821382 0.409477 
1094.921379 0.338913 0.327416 
1095.000163 0.241955 0.186472 
1096.702309 0.252619 0.070831 
1098.117782 0.738921 0.025924 
1098.728966 0.680933 0.296824 
1098.786296 0.976262 0.338798 
1102.403918 0.384147 0.173626 
1102.609823 0.988773 0.236133 
1103.273284 0.111143 0.860487 
1104.513679 0.954965 0.765152 
1106.887849 0.474750 0.719383 
1106.925746 0.231109 0.486017 
1107.048724 0.034267 0.984135 
1107.342867 0.737270 0.826270 
1108.562859 0.252795 0.628809 
1108.570347 0.952236 0.475256 
1109.966310 0.483400 0.765897 
1110.649127 0.198216 0.123052 
1110.796638 0.824413 0.170555 
1111.924474 0.336240 0.826909 
1113.524723 0.006240 0.110905 
1113.589226 0.003657 0.094685 
1114.775873 0.167422 0.258191 
1116.155395 0.656395 0.052193 
1119.749281 0.007296 0.456773 
1119.971706 0.023287 0.309851 
1120.363101 0.815857 0.715878 
1121.361726 0.509154 0.699634 
1121.812102 0.170422 0.656191 
1122.709270 0.793599 0.870299 
1123.373970 0.509559 0.249298 
1123.569440 0.896904 0.333984 
1129.427591 0.012617 0.898226 
1130.247145 0.821937 0.835281 
1130.839166 0.517766 0.107847 
1132.997932 0.775373 0.130446 
1133.888645 0.107480 0.920280 
1133.950800 0.557308 0.629245 
1134.104294 0.971342 0.496434 
1135.047015 0.550535 0.204862 
1135.332624 0.190911 0.948001 
1136.704944 0.550346 0.111231 
1137.207530 0.013432 0.707633 
1137.272018 0.295853 0.853719 
1138.078611 0.502733 0.920826 
1139.388277 0.679344 0.850955 
1141.163709 0.092677 0.270896 
1143.494760 0.955327 0.057493 
1144.708933 0.122988 0.621955 
1145.932685 0.825471 0.493400 
1146.334650 0.814455 0.316386 
1146.829750 0.686073 0.657592 
1147.154574 0.133158 0.427620 
1148.623822 0.916361 0.338814 
1148.888120 0.438001 0.009223 
1149.029935 0.242779 0.615065 
1149.057387 0.737526 0.613112 
1149.261324 0.662822 0.696873 
1150.697962 0.469628 0.040087 
1150.871048 0.853440 0.149460 
1151.939349 0.944091 0.743829 
1152.034583 0.087566 0.476113 
1152.037315 0.493432 0.162960 
1152.276017 0.581707 0.142942 
1152.479585 0.437077 0.806865 
1154.096980 0.146905 0.112270 
1154.340122 0.598213 0.704998 
1154.803373 0.804480 0.204309 
1155.740222 0.314359 0.754295 
1156.135636 0.792116 0.928593 
1156.197893 0.121216 0.402277 
1156.601073 0.885546 0.359170 
1156.938789 0.980607 0.030015 
1160.919006 0.020959 0.760584 
1161.180119 0.896324 0.216807 
1161.377346 0.422233 0.365443 
1161.736611 0.650769 0.389660 
1162.255991 0.335846 0.664278 
1162.547629 0.074823 0.775971 
1163.127926 0.582298 0.781260 
1163.936916 0.660444 0.208158 
1164.511189 0.347256 0.572232 
1164.898571 0.579648 0.534700 
1165.138548 0.899449 0.512312 
1165.318208 0.432726 0.357869 
1166.149759 0.979398 0.767182 
1166.757167 0.296515 0.787296 
1166.831572 0.899370 0.920805 
1167.278624 0.610180 0.636180 
1168.349682 0.827197 0.625844 
1170.773978 0.734609 0.954222 
1172.003530 0.388752 0.037588 
1173.371436 0.487241 0.164949 
1178.028324 0.758892 0.570473 
1178.200632 0.003057 0.348317 
1178.792930 0.305671 0.010128 
1180.584930 0.626410 0.550539 
1181.152973 0.823132 0.365779 
1181.185828 0.999166 0.467057 
1182.121308 0.998349 0.860026 
1182.217825 0.972632 0.658355 
1185.900278 0.033874 0.371420 
1186.529045 0.181457 0.311018 
1187.211063 0.797384 0.993670 
1187.352069 0.047678 0.287115 
1188.910959 0.429391 0.803171 
1189.630059 0.179013 0.553351 
1190.008610 0.808397 0.848688 
1190.275538 0.823319 0.444713 
1190.759140 0.838098 0.995308 
1190.937939 0.728334 0.706736 
1191.669343 0.436860 0.220368 
1192.163088 0.533984 0.048083 
1192.408082 0.548899 0.723088 
1192.467472 0.336555 0.834714 
1192.623141 0.922031 0.926665 
1193.111305 0.095736 0.603861 
1193.913980 0.608553 0.218550 
1195.278001 0.598348 0.535213 
1195.452820 0.358274 0.613960 
1198.344148 0.008161 0.396456 
1199.747996 0.710348 0.639347 
1199.938073 0.493701 0.703523 
1200.393045 0.955384 0.417103 
1202.143845 0.279887 0.662886 
1202.483610 0.062505 0.054103 
1204.653096 0.707220 0.924215 
1205.158251 0.310596 0.998517 
1206.717534 0.093812 0.419334 
1207.389892 0.533752 0.926740 
1207.632624 0.231057 0.554547 
1208.076226 0.328953 0.137846 
1209.446388 0.592716 0.983023 
1210.207758 0.392472 0.831268 
1210.282243 0.688354 0.023292 
1210.297597 0.120175 0.038007 
1211.670100 0.883323 0.926718 
1212.592303 0.135005 0.214962 
1214.017081 0.074731 0.743641 
1216.357269 0.391632 0.763775 
1216.946388 0.297996 0.623139 
1220.239359 0.405772 0.437149 
1220.443219 0.237373 0.814355 
1220.793702 0.170224 0.377567 
1226.457295 0.819441 0.345423 
1226.864229 0.841327 0.370231 
1227.036847 0.430631 0.300487 
1227.962662 0.059103 0.759037 
1230.371000 0.101702 0.085275 
1231.806044 0.771914 0.362323 
1235.859233 0.299573 0.487282 
1237.609676 0.846415 0.164388 
1238.360497 0.367910 0.929946 
1239.491011 0.837444 0.275558 
1240.571129 0.643199 0.044749 
1240.735749 0.226993 0.101029 
1243.176533 0.796733 0.891058 
1244.407067 0.290432 0.643266 
1244.628703 0.642604 0.166141 
1247.867102 0.921439 0.028757 
1249.310352 0.891303 0.209244 
1249.524058 0.009319 0.457513 
1250.221510 0.450315 0.483862 
1250.450721 0.126664 0.563930 
1250.620067 0.071183 0.605810 
1250.721659 0.641793 0.991765 
1251.067768 0.421004 0.189914 
1251.565403 0.955466 0.267965 
1251.895360 0.918873 0.130862 
1253.195762 0.383565 0.824773 
1253.214580 0.873554 0.729550 
1254.093293 0.819428 0.980077 
1254.209179 0.076632 0.678876 
1255.718018 0.862441 0.713963 
1256.058275 0.464515 0.837914 
1257.246359 0.215287 0.458689 
1258.350758 0.305394 0.067937 
1258.356548 0.496164 0.699288 
1261.514073 0.442815 0.526289 
1262.154059 0.364989 0.617208 
1262.197478 0.544377 0.711292 
1262.372278 0.694783 0.824013 
1262.965349 0.765906 0.899503 
1263.238672 0.919466 0.121593 
1266.771779 0.531260 0.152636 
1267.006539 0.784995 0.779292 
1268.074307 0.911343 0.545200 
1268.129773 0.420813 0.326269 
1269.459785 0.388712 0.562328 
1269.728516 0.874027 0.247411 
1269.818563 0.203573 0.409044 
1270.405063 0.326235 0.909254 
1270.960958 0.810354 0.524147 
1273.258431 0.077937 0.328497 
1273.483010 0.523144 0.769927 
1274.292457 0.488772 0.846590 
1274.387720 0.334306 0.392451 
1276.070209 0.716352 0.763468 
1277.624673 0.000470 0.034836 
1279.038413 0.378947 0.591601 
1280.183308 0.664069 0.876003 
1280.538666 0.711139 0.701161 
1282.473779 0.048456 0.705351 
1284.449996 0.910366 0.980166 
1285.313302 0.584284 0.348143 
1285.643165 0.987312 0.397181 
1287.060583 0.350905 0.988767 
1287.644142 0.559369 0.248657 
1287.681515 0.560526 0.969813 
1287.722254 0.269886 0.131113 
1288.262060 0.112065 0.741542 
1288.460635 0.649126 0.341690 
1289.695677 0.595968 0.956572 
1290.650916 0.698759 0.638083 
1290.958782 0.606244 0.696599 
1294.599423 0.997781 0.222339 
1294.692941 0.657729 0.217331 
1294.896057 0.458598 0.041406 
1295.018184 0.670592 0.015212 
1297.744397 0.545947 0.480694 
1298.258987 0.729101 0.490782 
1298.323241 0.760396 0.726874 
1299.318689 0.820694 0.736905 
1299.408403 0.315631 0.668523 
1302.808557 0.752871 0.013537 
1303.097975 0.659417 0.519089 
1303.116878 0.198381 0.016765 
1303.360812 0.908798 0.500373 
1304.858321 0.110525 0.769516 
1306.829493 0.257883 0.073647 
1307.666094 0.968886 0.075689 
1308.424872 0.481573 0.850273 
1309.408738 0.000511 0.505815 
1309.888489 0.249471 0.927654 
1310.554785 0.881937 0.983896 
1311.830807 0.536281 0.045802 
1312.821794 0.567854 0.792166 
1313.201243 0.759102 0.518922 
1313.689250 0.460245 0.683458 
1314.671131 0.001888 0.794083 
1315.140452 0.420382 0.797944 
1316.109180 0.668182 0.970477 
1316.207565 0.376396 0.648799 
1316.392834 0.683549 0.805999 
1316.778296 0.664326 0.560336 
1317.584892 0.304454 0.879789 
1317.773649 0.122769 0.384686 
1317.786463 0.088850 0.825812 
1318.149680 0.529589 0.180154 
1318.856861 0.980871 0.821719 
1318.924999 0.715219 0.550674 
1320.004145 0.047381 0.972509 
1320.850223 0.777344 0.812778 
1321.105348 0.705563 0.434038 
1324.676597 0.396151 0.476094 
1326.138630 0.783494 0.325093 
1326.559076 0.099664 0.702440 
1327.437575 0.379957 0.645864 
1328.701279 0.898480 0.291609 
1331.392601 0.084662 0.975850 
1332.077595 0.745895 0.664290 
1332.733328 0.747243 0.186374 
1333.128591 0.239540 0.934902 
1333.241049 0.368811 0.859600 
1333.394823 0.074510 0.795722 
1334.156952 0.204860 0.608733 
1334.279348 0.370633 0.626656 
1335.264180 0.247371 0.955468 
1335.621492 0.231388 0.388169 
1336.552181 0.719138 0.815905 
1336.842098 0.126865 0.862436 
1337.428500 0.859745 0.657678 
1339.815108 0.332509 0.686762 
1340.316317 0.586514 0.951884 
1340.572742 0.240299 0.017464 
1340.583850 0.611503 0.588864 
1341.431684 0.155174 0.551909 
1342.756531 0.225966 0.228308 
1344.870812 0.269925 0.113848 
1344.968852 0.316694 0.639743 
1346.322246 0.950605 0.759768 
1346.906962 0.370598 0.344009 
1350.094247 0.648459 0.404763 
1351.856369 0.483427 0.030773 
1352.113021 0.213829 0.396297 
1352.461828 0.096193 0.303509 
1355.240725 0.120870 0.406592 
1356.005630 0.811769 0.944887 
1356.145872 0.164343 0.709729 
1356.521363 0.957990 0.335348 
1357.186301 0.827795 0.262490 
1357.988131 0.363955 0.000681 
1359.108741 0.633939 0.518890 
1359.384362 0.943986 0.955269 
1359.494318 0.287944 0.571370 
1361.768632 0.173448 0.959188 
1363.282917 0.497352 0.889879 
1363.821396 0.963243 0.835905 
1366.451365 0.757909 0.289705 
1367.611222 0.258076 0.930363 
1367.624626 0.397539 0.581617 
1373.039916 0.870984 0.368747 
1373.985435 0.301238 0.877351 
1375.266549 0.389825 0.238536 
1380.041473 0.273402 0.642756 
1380.333226 0.509255 0.303857 
1380.735935 0.681568 0.643742 
1381.175700 0.729843 0.900176 
1381.795545 0.546420 0.355906 
1383.355606 0.296260 0.247941 
1383.878429 0.077717 0.343126 
1384.747175 0.102398 0.680528 
1386.151840 0.172998 0.567360 
1386.830831 0.541221 0.247039 
1387.090603 0.971730 0.741309 
1389.516267 0.092895 0.341260 
1389.851184 0.326637 0.496716 
1390.451674 0.823874 0.098058 
1396.751816 0.565398 0.741574 
1397.125685 0.060095 0.060415 
1397.347160 0.527431 0.722612 
1397.916881 0.716125 0.324947 
1399.714438 0.925410 0.649505 
1400.674367 0.516328 0.825286 
1401.093995 0.420056 0.104908 
1402.721362 0.126463 0.902095 
1402.980302 0.350459 0.784311 
1403.215460 0.964987 0.839990 
1405.151553 0.836786 0.743144 
1407.665184 0.293449 0.246778 
1408.476323 0.307578 0.743008 
1408.693886 0.909357 0.312812 
1409.024421 0.355387 0.325038 
1409.404648 0.550903 0.336735 
1409.529653 0.476130 0.787940 
1410.747993 0.589389 0.453405 
1411.953078 0.523136 0.738204 
1413.020440 0.078870 0.155108 
1413.242081 0.171510 0.362374 
1413.908335 0.603577 0.547825 
1414.294123 0.571321 0.767222 
1414.899739 0.873722 0.143683 
1415.805115 0.229175 0.490568 
1416.230642 0.293714 0.909728 
1416.235938 0.551840 0.324416 
1416.508212 0.412836 0.280237 
1417.628849 0.227180 0.962819 
1417.665232 0.002404 0.331242 
1419.783754 0.048778 0.714261 
1419.900519 0.196756 0.348496 
1421.160115 0.465079 0.582117 
1422.809305 0.186027 0.894921 
1423.855425 0.639918 0.073951 
1424.819325 0.305464 0.177847 
1425.780225 0.341414 0.889123 
1426.794854 0.859566 0.017523 
1428.810812 0.404462 0.164838 
1433.193679 0.208591 0.691215 
1434.085154 0.782049 0.410003 
1434.614048 0.851931 0.783690 
1435.560680 0.067211 0.086231 
1435.672170 0.594266 0.994136 
1435.785182 0.377826 0.303115 
1436.419735 0.220645 0.685471 
1437.421332 0.584626 0.794426 
1437.673427 0.468969 0.799671 
1438.750071 0.665359 0.646770 
1439.720530 0.821523 0.316223 
1444.780810 0.769617 0.673679 
1444.799552 0.710567 0.316879 
1445.748675 0.153776 0.783314 
1448.839540 0.122862 0.904160 
1450.232173 0.958664 0.705659 
1450.317771 0.917613 0.045621 
1450.547597 0.290163 0.632507 
1451.343479 0.181825 0.458335 
1451.910712 0.340761 0.360456 
1455.241067 0.538102 0.215707 
1455.325474 0.644094 0.020239 
1456.328074 0.578606 0.222474 
1457.043967 0.231477 0.918292 
1457.624663 0.277591 0.528993 
1458.003756 0.765590 0.329500 
1458.952870 0.812693 0.477860 
1459.289367 0.678105 0.006529 
1459.299745 0.424895 0.984075 
1460.946301 0.527513 0.856534 
1461.356767 0.107319 0.461818 
1461.895655 0.622390 0.825490 
1462.526817 0.391773 0.856629 
1462.647553 0.405490 0.121618 
1462.710495 0.224861 0.244060 
1463.189071 0.656461 0.710618 
1463.768602 0.500833 0.612769 
1464.272186 0.653059 0.140829 
1464.459279 0.289932 0.848537 
1465.083212 0.797972 0.903506 
1465.191305 0.048219 0.073953 
1465.500901 0.825055 0.468232 
1465.982027 0.289954 0.555816 
1466.877989 0.925150 0.893689 
1467.910575 0.743883 0.857527 
1468.582911 0.384212 0.617334 
1468.587265 0.891472 0.566906 
1468.667514 0.001047 0.848812 
1469.031107 0.570119 0.763558 
1469.204333 0.965331 0.092351 
1470.010287 0.124508 0.956139 
1470.826375 0.094350 0.196294 
1471.506512 0.269953 0.995451 
1471.673295 0.996013 0.733100 
1472.622615 0.954043 0.524074 
1473.192320 0.467724 0.084561 
1473.742126 0.130503 0.954113 
1474.231678 0.332468 0.310888 
1474.415624 0.209116 0.079764 
1475.874023 0.772288 0.822642 
1476.490231 0.488606 0.587532 
1476.637096 0.958464 0.753997 
1476.750705 0.210400 0.942715 
1479.094228 0.684389 0.515259 
1479.110326 0.732703 0.460748 
1479.162005 0.896520 0.253410 
1479.638955 0.316902 0.621509 
1479.919351 0.496456 0.875467 
1481.793037 0.379259 0.976894 
1482.309745 0.909312 0.506718 
1482.413938 0.457783 0.411728 
1483.585315 0.624815 0.026771 
1484.009034 0.092972 0.815229 
1484.384220 0.986889 0.039136 
1484.403042 0.214994 0.402111 
1484.441254 0.777971 0.844034 
1485.200364 0.776741 0.472635 
1485.458178 0.368226 0.358591 
1486.474130 0.192720 0.513769 
1486.863145 0.510391 0.330918 
1489.073829 0.616495 0.985620 
1490.415650 0.827173 0.871441 
1492.173407 0.870834 0.252456 
1492.888066 0.843898 0.064508 
1493.512795 0.788246 0.884906 
1493.677576 0.657274 0.779723 
1495.393524 0.815705 0.409696 
1496.782035 0.243091 0.282666 
1497.064669 0.052130 0.722090 
1499.554461 0.215413 0.651986 
1499.844653 0.906583 0.426786 
1500.722144 0.333739 0.865266 
1501.874270 0.120605 0.374671 
1504.068613 0.972193 0.698417 
1504.638508 0.876119 0.304738 
1506.295354 0.070302 0.937390 
1509.757232 0.627603 0.731377 
1510.152330 0.377364 0.626859 
1512.606878 0.912832 0.451178 
1514.619516 0.211889 0.262999 
1515.135418 0.043060 0.360040 
1515.156898 0.738875 0.433120 
1515.594246 0.053445 0.276250 
1517.013134 0.603367 0.518615 
1519.066591 0.727305 0.603402 
1519.557607 0.445981 0.237143 
1519.913189 0.987796 0.999838 
1519.953379 0.429550 0.924368 
1520.098581 0.056092 0.042516 
1522.386649 0.435395 0.436153 
1524.262867 0.294204 0.210510 
1524.328461 0.467848 0.600707 
1525.348786 0.333299 0.297113 
1526.889010 0.376211 0.872074 
1526.983597 0.761608 0.108527 
1527.364816 0.265581 0.067729 
1527.966318 0.447946 0.470214 
1528.742756 0.890082 0.733834 
1529.616644 0.428251 0.563347 
1529.814647 0.258889 0.335642 
1529.867577 0.344515 0.119887 
1530.163473 0.822291 0.510912 
1530.293858 0.275314 0.597277 
1530.599549 0.390317 0.750341 
1530.818874 0.598445 0.848333 
1532.568844 0.341818 0.925861 
1533.527191 0.536087 0.988228 
1533.692852 0.366918 0.737067 
1533.853979 0.458361 0.094931 
1535.274278 0.501500 0.254072 
1537.159076 0.759507 0.286936 
1537.891509 0.981681 0.525486 
1541.914624 0.007540 0.822448 
1542.588543 0.110976 0.959172 
1543.925209 0.943888 0.572881 
1544.529171 0.327716 0.730607 
1544.999894 0.692369 0.810169 
1545.072773 0.057029 0.257677 
1545.182889 0.153465 0.614436 
1545.417417 0.241626 0.185623 
1545.713372 0.043801 0.233629 
1546.736766 0.641885 0.370702 
1547.281562 0.413229 0.233175 
1548.648164 0.381971 0.204533 
1551.323452 0.313828 0.114520 
1552.456366 0.513732 0.970013 
1552.486982 0.652753 0.667256 
1553.009913 0.749003 0.505416 
1553.522415 0.855920 0.881075 
1554.081877 0.980967 0.512578 
1554.558607 0.557219 0.760009 
1555.695302 0.225389 0.402772 
1556.701679 0.920858 0.541444 
1557.698299 0.127100 0.686171 
1559.101729 0.913833 0.852703 
1559.120393 0.605742 0.107636 
1560.862885 0.759958 0.592569 
1561.202529 0.625469 0.699300 
1561.645719 0.601904 0.642394 
1563.210418 0.728567 0.741927 
1563.250919 0.668440 0.999406 
1563.383767 0.700826 0.507200 
1565.702104 0.810185 0.199394 
1566.269180 0.550933 0.650404 
1566.535004 0.783414 0.448023 
1566.754843 0.962605 0.976516 
1567.320928 0.815860 0.272382 
1568.582819 0.654629 0.983022 
1569.159847 0.575179 0.207659 
1571.631485 0.656206 0.328303 
1573.555276 0.961424 0.648195 
1573.657640 0.703026 0.864348 
1574.299014 0.005985 0.575999 
1575.436018 0.269827 0.064608 
1575.558032 0.891590 0.896706 
1576.507354 0.798454 0.731460 
1578.414414 0.650075 0.693662 
1578.502744 0.213967 0.938246 
1579.235640 0.527103 0.223038 
1579.434398 0.221015 0.228741 
1580.384502 0.626070 0.290797 
1583.094835 0.971878 0.818708 
1583.344117 0.826749 0.544237 
1583.612687 0.014789 0.037685 
1584.163432 0.044873 0.109982 
1584.336604 0.322288 0.112883 
1585.264695 0.551876 0.738360 
1585.597474 0.670555 0.233131 
1585.743244 0.655918 0.415309 
1586.590151 0.761080 0.566506 
1587.318118 0.004902 0.756823 
1588.241307 0.924542 0.569389 
1588.544465 0.863620 0.501962 
1590.055494 0.637138 0.490982 
1591.016898 0.924560 0.803294 
1591.175531 0.356730 0.607286 
1591.237636 0.414342 0.643652 
1591.928615 0.917132 0.330497 
1597.374831 0.093783 0.216135 
1598.428387 0.829387 0.952321 
1599.245300 0.524364 0.192052 
1600.320778 0.014272 0.218073 
1600.499830 0.285633 0.978821 
1600.573943 0.773395 0.775882 
1602.679952 0.496868 0.842991 
1603.298118 0.426817 0.399743 
1604.292150 0.603608 0.699927 
1605.127887 0.928177 0.388454 
1605.490978 0.892501 0.819938 
1608.471036 0.128357 0.623137 
1609.598624 0.040996 0.104468 
1610.265877 0.917105 0.259483 
1616.386409 0.421722 0.067076 
1617.020760 0.287888 0.339051 
1618.284142 0.434039 0.382294 
1619.177998 0.765071 0.619794 
1620.257541 0.887564 0.687321 
1620.293190 0.489531 0.599762 
1621.564613 0.003334 0.042902 
1622.442683 0.237322 0.894745 
1623.073316 0.950990 0.395481 
1624.609141 0.274297 0.809518 
1624.676597 0.871721 0.223771 
1626.775267 0.358914 0.576982 
1626.833371 0.345136 0.773138 
1627.509093 0.247180 0.481364 
1628.150065 0.709576 0.859035 
1630.822104 0.190866 0.380579 
1631.466371 0.625349 0.796815 
1631.764232 0.048944 0.153631 
1634.910636 0.182663 0.215524 
1635.130860 0.707500 0.303506 
1635.137770 0.384806 0.158640 
1635.357864 0.609511 0.917263 
1636.418248 0.052553 0.839416 
1636.659907 0.519641 0.811755 
1637.797205 0.285895 0.466101 
1638.304914 0.169209 0.166357 
1639.939529 0.992819 0.327783 
1640.083404 0.637325 0.299156 
1640.515128 0.414763 0.379997 
1640.527039 0.630033 0.786042 
1642.263594 0.253744 0.994737 
1643.069583 0.111201 0.290168 
1643.817349 0.038173 0.438302 
1643.973023 0.530817 0.756626 
1644.375917 0.963719 0.786263 
1644.485294 0.624044 0.780477 
1646.783790 0.584104 0.817611 
1648.127235 0.441721 0.958786 
1648.462459 0.464392 0.658072 
1649.706295 0.266838 0.478556 
1649.953837 0.179317 0.059624 
1651.451142 0.021692 0.617576 
1651.593882 0.192079 0.251414 
1653.000831 0.366403 0.999000 
1654.169312 0.801575 0.348406 
1655.119543 0.482557 0.972604 
1656.023842 0.833736 0.261775 
1657.784542 0.323305 0.418644 
1658.443155 0.276581 0.615554 
1658.468793 0.354118 0.140403 
1659.557798 0.751169 0.978298 
1660.779080 0.155563 0.125560 
1660.801804 0.022901 0.637665 
1661.526974 0.370394 0.934063 
1662.232673 0.397135 0.026357 
1664.996386 0.778879 0.348309 
1666.431117 0.471828 0.323897 
1669.196519 0.240621 0.799918 
1670.085714 0.616419 0.094150 
1672.406660 0.460340 0.911793 
1673.554091 0.688263 0.102561 
1673.720204 0.696207 0.279815 
1674.750546 0.989036 0.086450 
1674.942900 0.212543 0.377883 
1675.202911 0.531326 0.601764 
1676.839607 0.631778 0.035045 
1679.301336 0.801957 0.638730 
1679.787680 0.522533 0.423131 
1681.655822 0.321149 0.346539 
1681.791057 0.511689 0.947804 
1683.741746 0.834477 0.283220 
1684.676936 0.492373 0.894414 
1685.799892 0.450454 0.725049 
1686.138319 0.816879 0.620369 
1686.817651 0.641305 0.707465 
1687.848593 0.585121 0.712241 
1687.946314 0.441227 0.568910 
1688.259816 0.140335 0.321711 
1689.083621 0.568765 0.355798 
1689.526426 0.898984 0.475280 
1689.843319 0.100724 0.862571 
1694.159547 0.926114 0.788703 
1694.467013 0.564214 0.693936 
1695.045560 0.572020 0.125666 
1695.078553 0.169553 0.888919 
1698.359859 0.552067 0.678599 
1698.787695 0.133085 0.592624 
1702.399552 0.101494 0.449622 
1702.956501 0.683083 0.186658 
1704.693596 0.189765 0.286594 
1705.177683 0.563663 0.026765 
1705.348504 0.879018 0.784601 
1706.505677 0.141387 0.864789 
1707.749485 0.991225 0.635558 
1710.536178 0.248126 0.703150 
1710.557520 0.645214 0.749797 
1711.553604 0.173605 0.047863 
1712.328043 0.040848 0.571816 
1713.364140 0.897258 0.204028 
1714.855460 0.907395 0.622103 
1716.286388 0.216631 0.236203 
1716.869093 0.968716 0.434431 
1717.149629 0.768524 0.324360 
1719.249397 0.870778 0.015065 
1719.510744 0.020784 0.338135 
1720.796889 0.141734 0.534149 
1721.982260 0.694238 0.200935 
1723.432443 0.330475 0.973930 
1723.580950 0.437058 0.370353 
1724.132468 0.496002 0.734066 
1724.908338 0.645562 0.034650 
1725.843442 0.515609 0.282564 
1725.984212 0.652730 0.313210 
1727.931463 0.733035 0.693358 
1728.380326 0.524412 0.888644 
1729.024003 0.837021 0.675452 
1732.394210 0.545715 0.143058 
1733.360922 0.509540 0.891118 
1733.890966 0.568843 0.748932 
1734.122504 0.437348 0.957810 
1734.210023 0.708374 0.429701 
1735.084106 0.160975 0.672900 
1735.222835 0.467507 0.499353 
1735.343515 0.700452 0.332082 
1735.384210 0.487831 0.958406 
1737.002452 0.948220 0.390138 
1737.336003 0.589453 0.006621 
1739.585304 0.819242 0.856162 
1739.889715 0.110723 0.896168 
1741.404278 0.692496 0.038961 
1741.975902 0.693756 0.920879 
1742.570667 0.259511 0.952735 
1742.874472 0.911966 0.839546 
1748.634744 0.511312 0.712483 
1748.880946 0.843756 0.828133 
1748.971813 0.038119 0.992003 
1750.239258 0.161899 0.441015 
1751.273407 0.580446 0.377727 
1751.313254 0.006001 0.720552 
1751.752300 0.447162 0.340355 
1752.040837 0.746492 0.020240 
1752.080311 0.281258 0.122568 
1752.264942 0.696653 0.644600 
1752.574057 0.304956 0.379719 
1752.780670 0.506636 0.257193 
1753.312318 0.085251 0.202753 
1753.990364 0.677433 0.818230 
1756.875731 0.349880 0.423631 
1757.463224 0.807494 0.375943 
1760.350766 0.650328 0.813457 
1761.075049 0.323263 0.308368 
1762.614506 0.848679 0.477476 
1762.672377 0.714866 0.926019 
1764.181239 0.756586 0.084977 
1764.443366 0.124465 0.096209 
1765.704359 0.338202 0.914081 
1767.147186 0.699790 0.286321 
1767.932051 0.261256 0.582308 
1768.826273 0.385037 0.931882 
1769.903104 0.573863 0.365952 
1770.345559 0.404220 0.711017 
1770.364367 0.836791 0.281464 
1771.084710 0.250123 0.549569 
1771.618153 0.694470 0.246404 
1773.210421 0.514014 0.488506 
1774.066520 0.980638 0.347383 
1774.589840 0.754875 0.625207 
1776.217436 0.685411 0.982050 
1777.298495 0.519908 0.363987 
1777.950905 0.476214 0.725057 
1779.057289 0.981145 0.891294 
1781.463036 0.718014 0.969185 
1781.676940 0.249342 0.310349 
1783.404288 0.458180 0.866700 
1783.882593 0.016958 0.463028 
1784.384734 0.567379 0.876579 
1784.578653 0.306312 0.322654 
1784.663709 0.165879 0.888611 
1785.534148 0.026541 0.459754 
1787.640275 0.019348 0.115099 
1787.969424 0.646565 0.209055 
1788.264300 0.273159 0.705484 
1788.479262 0.308210 0.827437 
1788.482416 0.503711 0.886292 
1788.646277 0.593949 0.688186 
1789.321484 0.029225 0.873343 
1791.767419 0.220227 0.731777 
1792.289686 0.316221 0.219076 
1793.119738 0.554027 0.678081 
1793.899490 0.753981 0.444281 
1793.957441 0.333169 0.175335 
1794.034701 0.111412 0.645906 
1794.872404 0.495709 0.609724 
1794.971126 0.309936 0.095216 
1796.328237 0.988009 0.811073 
1798.208843 0.265140 0.464135 
1798.469519 0.596247 0.620664 
1799.474049 0.241032 0.319724 
1799.660425 0.348228 0.965298 
1800.066564 0.098584 0.799256 
1800.527700 0.338323 0.116984 
1802.116146 0.760862 0.112044 
1802.168549 0.902614 0.418785 
1804.141516 0.921567 0.274038 
1804.326912 0.205432 0.645369 
1805.712210 0.412758 0.878662 
1806.451271 0.880649 0.930982 
1806.600852 0.261079 0.020000 
1807.144052 0.460624 0.602433 
1808.721917 0.872722 0.523541 
1808.800078 0.308299 0.433171 
1809.343866 0.113453 0.023685 
1809.591931 0.486749 0.176732 
1810.964060 0.584764 0.276259 
1811.362101 0.252980 0.187100 
1811.883754 0.221707 0.369189 
1812.091462 0.296834 0.297467 
1814.085637 0.040581 0.620578 
1814.585415 0.405689 0.061005 
1816.059842 0.011832 0.152164 
1816.330343 0.583297 0.519396 
1816.552899 0.343900 0.921308 
1818.354334 0.062298 0.103904 
1823.491041 0.667236 0.277154 
1825.231078 0.053040 0.794586 
1825.274426 0.306763 0.336071 
1826.644018 0.347055 0.407802 
1827.264801 0.879597 0.421165 
1828.401995 0.847187 0.480233 
1829.306149 0.496269 0.174372 
1829.349769 0.612648 0.757602 
1830.907531 0.553022 0.322251 
1831.328425 0.267849 0.740097 
1832.623150 0.860311 0.806120 
1832.647129 0.814770 0.047904 
1833.351851 0.162360 0.272470 
1834.246681 0.181674 0.152751 
1834.969014 0.594455 0.024737 
1835.480455 0.151549 0.375296 
1836.600303 0.962905 0.101600 
1836.874522 0.052304 0.227638 
1841.150104 0.808242 0.982363 
1841.784899 0.979463 0.479616 
1843.248284 0.255211 0.546930 
1844.298770 0.446097 0.445931 
1845.635087 0.446199 0.527657 
1848.696953 0.659877 0.518788 
1848.745780 0.262311 0.905418 
1849.401602 0.664487 0.430347 
1851.703852 0.766275 0.751267 
1853.186513 0.551620 0.082173 
1853.574794 0.767997 0.299217 
1855.006425 0.941734 0.754383 
1856.786388 0.759943 0.993485 
1858.897823 0.822019 0.030632 
1861.158882 0.552308 0.475411 
1863.964221 0.094730 0.184990 
1864.217295 0.621164 0.205248 
1864.321871 0.803152 0.796949 
1864.613030 0.845638 0.943523 
1865.139697 0.020656 0.320064 
1865.541513 0.202044 0.818560 
1865.782851 0.992053 0.815196 
1867.178971 0.462651 0.237633 
1868.062395 0.873505 0.555445 
1869.482757 0.489983 0.216679 
1870.276259 0.154775 0.923860 
1873.618351 0.821987 0.364311 
1877.893332 0.236936 0.204787 
1878.355966 0.033299 0.750283 
1878.512561 0.256638 0.918089 
1879.464139 0.497493 0.288699 
1879.475324 0.963779 0.570565 
1881.991235 0.472972 0.061554 
1882.191151 0.176412 0.567771 
1882.233314 0.510341 0.752726 
1883.500118 0.513078 0.957451 
1883.756452 0.798332 0.031622 
1885.135336 0.910249 0.838920 
1885.395105 0.098376 0.583566 
1888.614964 0.924304 0.689383 
1891.085443 0.387389 0.683509 
1893.208967 0.400141 0.420768 
1893.436267 0.471274 0.051621 
1895.765287 0.947404 0.469469 
1896.195291 0.828042 0.270647 
1896.677940 0.399254 0.179099 
1897.746664 0.619677 0.278899 
1897.825740 0.813529 0.519826 
1903.368443 0.087788 0.437131 
1903.470989 0.422608 0.646260 
1904.361114 0.187540 0.872472 
1904.608921 0.201787 0.737029 
1905.340182 0.104691 0.991765 
1908.430467 0.820782 0.007999 
1910.332416 0.388687 0.984777 
1910.632109 0.941641 0.800212 
1915.232735 0.292190 0.560136 
1915.707220 0.993752 0.670788 
1916.196867 0.953329 0.609908 
1916.808949 0.280795 0.537479 
1919.962899 0.660962 0.370237 
1922.114026 0.582085 0.782309 
1922.267566 0.211770 0.783571 
1923.075396 0.577411 0.285325 
1923.259860 0.312566 0.335690 
1926.695634 0.797099 0.377102 
1926.776747 0.820294 0.110463 
1927.588803 0.994225 0.655094 
1929.460723 0.854268 0.458542 
1929.501493 0.385956 0.572482 
1929.586468 0.523354 0.229822 
1929.693705 0.547769 0.349371 
1929.909185 0.923667 0.454577 
1931.709252 0.313190 0.874774 
1933.139238 0.274278 0.019743 
1933.218084 0.412666 0.044374 
1933.260198 0.209467 0.604818 
1933.827577 0.266645 0.726118 
1936.381790 0.423436 0.889502 
1938.710704 0.438970 0.873787 
1942.761505 0.461878 0.362044 
1943.386338 0.230944 0.045488 
1943.504255 0.814421 0.764707 
1943.634120 0.419223 0.982426 
1945.171091 0.508836 0.433449 
1947.827688 0.326889 0.958696 
1950.370229 0.179448 0.162921 
1951.312565 0.679770 0.564532 
1951.463425 0.261651 0.963264 
1952.685740 0.082459 0.657212 
1953.888270 0.971643 0.182261 
1955.211703 0.051446 0.782910 
1955.363324 0.962974 0.703369 
1955.734985 0.463026 0.509275 
1957.716593 0.361835 0.696853 
1958.067437 0.370886 0.372678 
1958.291448 0.448823 0.866507 
1958.907556 0.737534 0.823552 
1961.197682 0.921333 0.847428 
1961.912012 0.725069 0.446555 
1962.791750 0.048757 0.394764 
1963.664223 0.634303 0.984094 
1963.740580 0.460314 0.069551 
1964.236900 0.679485 0.743609 
1965.230426 0.335198 0.221130 
1966.108858 0.601040 0.296867 
1967.414932 0.605701 0.225340 
1968.714057 0.132329 0.651000 
1969.010552 0.488131 0.459830 
1969.512804 0.642694 0.747455 
1969.743435 0.246685 0.060349 
1969.841362 0.181771 0.962722 
1969.919487 0.780887 0.945598 
1970.841737 0.320629 0.815862 
1971.805675 0.532794 0.351644 
1972.180244 0.709604 0.827200 
1972.728213 0.344040 0.381043 
1974.229650 0.037061 0.171356 
1976.204097 0.664894 0.943311 
1978.429231 0.377541 0.002021 
1981.028606 0.973182 0.984968 
1981.343333 0.162889 0.011787 
1982.631107 0.899243 0.621191 
1985.012214 0.866696 0.389023 
1986.194258 0.061389 0.864431 
1990.905715 0.877401 0.663401 
1991.052583 0.989626 0.188232 
1992.045180 0.532650 0.257276 
1993.459471 0.945199 0.886471 
1994.043140 0.541186 0.153711 
1995.354503 0.936119 0.846373 
1995.458674 0.049952 0.532520 
1996.019729 0.779117 0.144850 
1996.487643 0.382383 0.531919 
1996.740083 0.551046 0.616097 
1997.261264 0.643559 0.794087 
2003.135211 0.405515 0.761024 
2003.361471 0.547700 0.728854 
2003.405937 0.759401 0.342313 
2004.095221 0.992503 0.961997 
2004.914638 0.437823 0.077719 
2006.223510 0.945093 0.965778 
2006.889597 0.486605 0.092962 
2008.425570 0.754130 0.377041 
2008.992757 0.886619 0.625518 
2010.435771 0.666188 0.065287 
2010.717462 0.067424 0.836994 
2012.363299 0.859721 0.323680 
2012.993994 0.131335 0.699652 
2014.202203 0.035874 0.073918 
2014.309697 0.584840 0.719324 
2015.340271 0.949046 0.008766 
2016.081352 0.446305 0.194213 
2016.289538 0.973135 0.282936 
2017.171343 0.976513 0.616325 
2018.917801 0.626051 0.623686 
2019.018835 0.143017 0.629404 
2020.731487 0.844247 0.159142 
2021.163749 0.065391 0.010366 
2021.596979 0.825505 0.215563 
2021.723032 0.612592 0.085500 
2022.774198 0.387381 0.126410 
2022.917785 0.254809 0.120051 
2025.035136 0.323651 0.164412 
2025.488998 0.971923 0.451817 
2026.291298 0.319769 0.103961 
2027.019522 0.864489 0.921058 
2028.124538 0.793456 0.678730 
2028.201263 0.458961 0.235492 
2028.808313 0.375330 0.042456 
2028.918527 0.286201 0.571457 
2030.849917 0.523590 0.192969 
2031.035884 0.284629 0.029258 
2033.010626 0.337063 0.393508 
2033.089425 0.800714 0.537138 
2033.564822 0.233268 0.402252 
2033.984455 0.486986 0.481003 
2034.314444 0.264380 0.157843 
2035.902402 0.511481 0.895509 
2038.056133 0.283389 0.486900 
2039.145534 0.421926 0.845364 
2039.297295 0.503781 0.311719 
2039.758768 0.354547 0.968085 
2040.042290 0.760952 0.491010 
2040.673234 0.876602 0.678429 
2041.308675 0.360024 0.274151 
2041.625740 0.988812 0.841233 
2041.953288 0.347607 0.221758 
2042.381032 0.027703 0.088434 
2042.936281 0.023169 0.086999 
2043.163885 0.426432 0.820927 
2043.407519 0.780206 0.087160 
2045.134598 0.065733 0.746361 
