0.000000 0.900669 0.947470 
1.236815 0.830168 0.004097 
2.227334 0.089461 0.354381 
2.268043 0.267502 0.877398 
2.316269 0.476724 0.136204 
2.465207 0.579454 0.950233 
3.155702 0.234239 0.505349 
3.563262 0.692505 0.878035 
4.394551 0.742645 0.168248 
5.155293 0.753034 0.150803 
5.703315 0.793899 0.809937 
7.256424 0.853218 0.241528 
8.180835 0.410766 0.703758 
8.278712 0.788686 0.617933 
8.538807 0.097846 0.078588 
9.326375 0.844068 0.568559 
10.957027 0.499919 0.674729 
11.454306 0.324889 0.709843 
14.644230 0.434538 0.468835 
14.981018 0.068644 0.911584 
16.749895 0.237591 0.052642 
18.410898 0.290773 0.069523 
20.177986 0.078249 0.900896 
20.362338 0.086368 0.005569 
21.036890 0.139308 0.310578 
21.679563 0.415499 0.865493 
22.039118 0.637929 0.215180 
24.066336 0.679330 0.375180 
24.313350 0.685420 0.935599 
24.520714 0.137094 0.164479 
25.114828 0.083261 0.754166 
26.183262 0.517893 0.383861 
27.378351 0.406190 0.191250 
27.739268 0.130362 0.284282 
28.068948 0.843999 0.711366 
30.050697 0.650893 0.726127 
31.621402 0.401809 0.201765 
32.687213 0.518072 0.339897 
33.263170 0.808410 0.650040 
33.355773 0.556608 0.816332 
33.361921 0.718544 0.601612 
33.486544 0.085570 0.172956 
34.059469 0.538498 0.774400 
34.224420 0.274222 0.717839 
34.554942 0.149062 0.363440 
35.042851 0.691390 0.647523 
35.233719 0.496891 0.393175 
36.019324 0.339714 0.534580 
36.607804 0.799380 0.072745 
37.118431 0.364660 0.917631 
37.532213 0.644538 0.943711 
39.058714 0.354879 0.486303 
44.213874 0.597390 0.546934 
45.701483 0.746080 0.966219 
45.800992 0.718523 0.282577 
45.969530 0.679432 0.739261 
47.195082 0.998903 0.217586 
48.262006 0.815991 0.131988 
48.594200 0.892257 0.078885 
49.423840 0.849954 0.580052 
51.208808 0.631519 0.776593 
51.938769 0.643974 0.681141 
52.232796 0.305990 0.078861 
52.240211 0.063260 0.185959 
52.906234 0.061956 0.700689 
53.766518 0.818820 0.014029 
54.805055 0.204515 0.940734 
54.912492 0.797105 0.001863 
55.353310 0.925771 0.059421 
56.496494 0.190427 0.921812 
56.535752 0.435918 0.393137 
56.688216 0.698554 0.247918 
56.913604 0.012131 0.694251 
57.146894 0.816057 0.240709 
57.493518 0.672200 0.154598 
57.642466 0.173472 0.108033 
57.739557 0.969577 0.118661 
58.220515 0.688377 0.091902 
60.052560 0.804566 0.369198 
61.819740 0.059320 0.037570 
62.267691 0.211989 0.118066 
64.913394 0.952494 0.200126 
65.261458 0.958100 0.686833 
66.762611 0.887116 0.015964 
67.676996 0.450567 0.894264 
68.748481 0.668182 0.225139 
68.759695 0.053018 0.622581 
68.926727 0.377825 0.330037 
69.607634 0.971204 0.266352 
69.849544 0.793505 0.731248 
70.085953 0.658237 0.163636 
71.866041 0.872831 0.471542 
72.177650 0.558982 0.058624 
72.260948 0.425410 0.391011 
73.105733 0.191524 0.915650 
73.632236 0.522096 0.635243 
74.345727 0.111374 0.206498 
74.441648 0.431218 0.620087 
74.807111 0.342317 0.279231 
75.534639 0.439529 0.338759 
75.782456 0.131438 0.172337 
76.074962 0.594845 0.701329 
77.758483 0.645945 0.094989 
78.283264 0.361108 0.388013 
79.396588 0.508861 0.743234 
79.568221 0.475227 0.036559 
79.822576 0.227131 0.449682 
81.810721 0.665046 0.809754 
82.285338 0.986913 0.123353 
84.032881 0.851145 0.157078 
84.349998 0.859028 0.277820 
84.682078 0.029213 0.888885 
84.968801 0.298612 0.118663 
85.206406 0.509861 0.161598 
86.424940 0.414305 0.637334 
86.849083 0.560921 0.930161 
89.897275 0.029395 0.007304 
91.282648 0.511313 0.514495 
91.514137 0.231985 0.084110 
91.867290 0.182187 0.975212 
91.953027 0.218943 0.671352 
92.629288 0.283716 0.882725 
93.302189 0.786072 0.348440 
95.726013 0.918453 0.348752 
96.116717 0.071880 0.436667 
102.138010 0.268607 0.888270 
102.317153 0.571956 0.898442 
103.695109 0.314474 0.775708 
103.843264 0.342632 0.315583 
105.053647 0.219735 0.741703 
106.045097 0.696339 0.921176 
108.186699 0.337152 0.884349 
109.356654 0.630578 0.639104 
109.796099 0.173043 0.222460 
110.002390 0.897645 0.320749 
110.685551 0.464486 0.236991 
113.441196 0.613961 0.221561 
116.624528 0.634907 0.328892 
117.454626 0.951246 0.025983 
119.914608 0.646019 0.511824 
122.877658 0.652021 0.068752 
122.973599 0.598741 0.995618 
124.477287 0.151398 0.869362 
126.440186 0.412712 0.577615 
126.900285 0.006695 0.784927 
127.288631 0.973625 0.154483 
128.462677 0.951308 0.709848 
134.076277 0.071878 0.503809 
138.552138 0.210649 0.905181 
140.035111 0.218716 0.073997 
141.940718 0.793263 0.522396 
142.338847 0.820853 0.183636 
144.277067 0.282010 0.256887 
144.420736 0.809030 0.489161 
148.831961 0.770885 0.207167 
151.188657 0.110557 0.958129 
153.099690 0.873556 0.033342 
155.698048 0.214455 0.496461 
156.441164 0.297227 0.583711 
157.596288 0.415430 0.923812 
158.637556 0.997129 0.302229 
158.705979 0.330720 0.545999 
159.136442 0.553286 0.570796 
160.858864 0.303827 0.013591 
161.184542 0.610636 0.980735 
161.405373 0.039040 0.300505 
161.898328 0.725817 0.679230 
163.647954 0.386203 0.405734 
165.181282 0.021757 0.167900 
166.247802 0.886512 0.640445 
166.902931 0.632625 0.554440 
169.947407 0.261826 0.114962 
170.856104 0.021374 0.224172 
171.163665 0.837241 0.523227 
171.903185 0.766125 0.013345 
171.989533 0.220718 0.338422 
177.399783 0.295253 0.783316 
177.415686 0.104967 0.742782 
181.794771 0.790647 0.421957 
182.137421 0.072199 0.137437 
183.489589 0.082812 0.533221 
183.622715 0.205540 0.411765 
184.183711 0.508627 0.355119 
184.277413 0.283172 0.050464 
184.358885 0.655659 0.845629 
184.398511 0.281719 0.232034 
185.513986 0.141991 0.103612 
185.767267 0.154183 0.204924 
186.128873 0.802574 0.181864 
186.157578 0.373620 0.081871 
187.422604 0.700604 0.469395 
187.516810 0.703078 0.410911 
188.178636 0.055174 0.479931 
188.292731 0.306706 0.701225 
190.611125 0.379554 0.809902 
190.950597 0.326982 0.837508 
191.262919 0.749244 0.323822 
191.949481 0.436130 0.472243 
195.520152 0.856257 0.028360 
196.472079 0.138870 0.605972 
198.905722 0.428818 0.225306 
199.439783 0.541028 0.053472 
199.947114 0.337423 0.812433 
200.124039 0.152716 0.949702 
200.703620 0.787906 0.665855 
201.258759 0.325022 0.369119 
201.397648 0.157110 0.957491 
202.933399 0.341926 0.175207 
203.588334 0.698940 0.938957 
207.203792 0.579868 0.669997 
207.325654 0.347083 0.785242 
207.768638 0.382447 0.237369 
209.000941 0.141967 0.728964 
210.723074 0.500312 0.802565 
211.233090 0.070000 0.976638 
213.243294 0.234517 0.366118 
213.723908 0.839557 0.584014 
215.160627 0.511936 0.111404 
215.599701 0.521504 0.260613 
215.679861 0.271758 0.990189 
219.194007 0.253723 0.244474 
220.605770 0.487017 0.574613 
223.378434 0.751477 0.074517 
225.149254 0.281758 0.958812 
225.296648 0.569906 0.761441 
226.415323 0.940054 0.581758 
228.424321 0.940949 0.768168 
228.432603 0.967948 0.366443 
228.957861 0.537186 0.702289 
229.168633 0.869522 0.203741 
229.406891 0.481371 0.900450 
229.690574 0.309992 0.923022 
230.589985 0.001252 0.809849 
231.421742 0.232607 0.225603 
231.695239 0.514647 0.889553 
235.467497 0.634840 0.881887 
236.911790 0.019624 0.818090 
237.092739 0.386419 0.973712 
237.263271 0.850344 0.591514 
238.421316 0.750875 0.448347 
238.989784 0.868743 0.856872 
241.384403 0.454764 0.821499 
241.607279 0.384861 0.466681 
241.900788 0.609376 0.077926 
242.341612 0.128189 0.588108 
243.985167 0.298466 0.617913 
244.662072 0.357222 0.242615 
245.092759 0.226986 0.830539 
245.968141 0.904641 0.960541 
246.477077 0.581914 0.909938 
246.544588 0.073730 0.834658 
247.435164 0.979501 0.779159 
249.056378 0.084827 0.863981 
249.634204 0.990506 0.651152 
250.321273 0.297827 0.180661 
252.281200 0.186440 0.403517 
252.892765 0.893365 0.342678 
252.960981 0.007991 0.896064 
253.503205 0.500605 0.481716 
256.474701 0.133028 0.685738 
256.499218 0.454286 0.875405 
256.616931 0.741196 0.590400 
257.428610 0.457856 0.871362 
258.272946 0.540990 0.565091 
258.863447 0.674934 0.621751 
260.754929 0.088021 0.334068 
263.218917 0.902319 0.804430 
263.945131 0.236589 0.844949 
264.235263 0.102938 0.922301 
265.583931 0.537139 0.252375 
267.299431 0.159822 0.148725 
267.392961 0.094693 0.281030 
270.132529 0.946393 0.600462 
270.261739 0.871607 0.866367 
270.731384 0.130483 0.672958 
271.011924 0.220399 0.503193 
271.728937 0.068921 0.032165 
273.452661 0.950187 0.616144 
278.022347 0.010797 0.411757 
280.220403 0.219150 0.618417 
281.680535 0.764342 0.068918 
282.078914 0.392659 0.206396 
283.961007 0.061375 0.536998 
284.281694 0.846667 0.697000 
285.132334 0.831709 0.520519 
285.540839 0.724645 0.266156 
285.813588 0.635673 0.009259 
286.585522 0.538469 0.469831 
286.602479 0.243908 0.095219 
288.065483 0.807850 0.636825 
288.424261 0.249140 0.438371 
289.480862 0.572291 0.830934 
289.503913 0.314320 0.505283 
292.431186 0.336935 0.354488 
292.475858 0.883665 0.142108 
292.556553 0.466488 0.785327 
293.062904 0.221288 0.318031 
293.161130 0.487788 0.065489 
293.680553 0.574936 0.999713 
295.524020 0.521205 0.620666 
295.843275 0.835988 0.473901 
296.703978 0.303471 0.777486 
297.406418 0.890174 0.432111 
298.001934 0.410090 0.666022 
298.410357 0.349430 0.137776 
298.799604 0.343464 0.053254 
298.940050 0.636615 0.395517 
300.781564 0.912508 0.694483 
302.581157 0.578635 0.116592 
303.189004 0.328081 0.248388 
303.501750 0.277349 0.857489 
303.864666 0.039356 0.525927 
304.586880 0.955032 0.087545 
306.374250 0.279186 0.654805 
307.769505 0.067326 0.091678 
308.303716 0.295832 0.914803 
309.909380 0.957290 0.191467 
310.060057 0.211735 0.957009 
310.470747 0.181480 0.637072 
313.796725 0.421374 0.835208 
314.125073 0.439751 0.931594 
314.192943 0.928707 0.020807 
314.422213 0.770600 0.124391 
314.906715 0.654195 0.436939 
315.092726 0.336174 0.525281 
315.288034 0.916939 0.131579 
315.998744 0.073149 0.359637 
316.518075 0.874446 0.263521 
316.669931 0.666688 0.379959 
317.242391 0.342484 0.055337 
318.118809 0.807277 0.715831 
319.825761 0.656289 0.618294 
319.945343 0.124574 0.881426 
320.301081 0.954874 0.910685 
321.082971 0.037542 0.482398 
322.314976 0.015714 0.321508 
323.661025 0.053714 0.830015 
323.716474 0.326797 0.344715 
325.051621 0.066332 0.611651 
326.806071 0.973859 0.136984 
326.883455 0.075770 0.436676 
327.250736 0.220877 0.650714 
327.290610 0.438697 0.236435 
329.454218 0.087099 0.841577 
332.989644 0.550518 0.246062 
333.707430 0.876612 0.596810 
334.160628 0.935777 0.324332 
336.450027 0.658078 0.967582 
337.766251 0.434575 0.719682 
339.327072 0.257505 0.237813 
339.921448 0.190297 0.087100 
340.438832 0.310000 0.236836 
341.261554 0.783413 0.067186 
341.900990 0.090091 0.798948 
342.162380 0.719070 0.967298 
343.008447 0.875203 0.359975 
344.085024 0.791349 0.146893 
344.915858 0.761048 0.099406 
347.176776 0.508910 0.649609 
348.134862 0.262884 0.681854 
348.748889 0.962765 0.142614 
348.835390 0.435620 0.504687 
349.830722 0.132186 0.725493 
349.948851 0.356029 0.266417 
351.677433 0.213313 0.711227 
352.096670 0.059379 0.654636 
352.564208 0.589339 0.865799 
352.696246 0.277977 0.059641 
353.707588 0.310663 0.183521 
354.063509 0.370499 0.786397 
354.442092 0.635053 0.873758 
354.955921 0.555771 0.521297 
355.313566 0.063241 0.155804 
356.527093 0.577594 0.661378 
356.875023 0.940965 0.129069 
357.430179 0.851753 0.725565 
358.392282 0.933915 0.620209 
358.477571 0.532260 0.514322 
358.764037 0.550850 0.413668 
361.824065 0.788904 0.536095 
362.081899 0.195250 0.613528 
362.611371 0.671396 0.080354 
364.346263 0.656979 0.737524 
364.400852 0.961137 0.317078 
365.408250 0.238719 0.097812 
365.575999 0.116553 0.616660 
367.133984 0.203059 0.259550 
369.237696 0.211061 0.524313 
371.979256 0.747500 0.744710 
372.651632 0.794849 0.088911 
373.435113 0.239507 0.029278 
374.261538 0.659469 0.234535 
374.300093 0.223824 0.818912 
374.700964 0.793983 0.297571 
374.800900 0.701669 0.839510 
375.548389 0.572180 0.460333 
375.957286 0.524602 0.203289 
377.361291 0.533953 0.046371 
380.436884 0.871942 0.757180 
382.049173 0.111244 0.389144 
383.185459 0.974065 0.166285 
383.276732 0.233457 0.514943 
385.497577 0.347838 0.298684 
386.181418 0.556499 0.647380 
386.221574 0.315074 0.585884 
386.788426 0.033751 0.647492 
387.536161 0.934333 0.618755 
388.315323 0.414282 0.803996 
389.212087 0.397446 0.028717 
389.981628 0.633284 0.451384 
392.445912 0.681494 0.471837 
393.135423 0.552982 0.218353 
393.238286 0.709650 0.208786 
393.374793 0.001944 0.967323 
394.228102 0.220181 0.770302 
395.196939 0.326961 0.705961 
395.586746 0.858505 0.799688 
396.018544 0.673891 0.960796 
396.036491 0.921566 0.316028 
396.424737 0.175126 0.019210 
397.694516 0.768579 0.934540 
397.949757 0.031210 0.606269 
400.861683 0.017954 0.121261 
401.229000 0.801313 0.100311 
404.358677 0.120099 0.229719 
405.101949 0.428210 0.780897 
405.428870 0.081907 0.292895 
406.778143 0.732614 0.770813 
406.813835 0.254023 0.619288 
408.210931 0.324491 0.818783 
408.545061 0.096744 0.967608 
410.877637 0.608735 0.346119 
411.664176 0.882815 0.709466 
412.298421 0.346732 0.435369 
413.671699 0.678231 0.464907 
414.130861 0.759218 0.051314 
414.230141 0.425458 0.508614 
415.504526 0.786425 0.425774 
416.313842 0.233826 0.248393 
416.703390 0.891987 0.425314 
421.386290 0.476008 0.204016 
421.564081 0.250049 0.647328 
422.918943 0.596301 0.018391 
424.278180 0.239898 0.587211 
424.360517 0.531023 0.858862 
426.725987 0.257269 0.901348 
428.583480 0.759623 0.494152 
430.612599 0.694381 0.353935 
431.732531 0.311116 0.632834 
431.856715 0.856793 0.393429 
432.281249 0.339845 0.146416 
432.934502 0.940061 0.288626 
432.970190 0.036495 0.388186 
433.154635 0.143505 0.254753 
436.354273 0.358008 0.323392 
436.705465 0.819747 0.623923 
437.180082 0.492712 0.114044 
439.633725 0.385387 0.074079 
440.371428 0.760295 0.156839 
440.448292 0.437485 0.693031 
440.939489 0.119133 0.354616 
442.743756 0.119529 0.904253 
444.247878 0.971146 0.112805 
444.582892 0.387692 0.767367 
445.014057 0.282404 0.010005 
446.031433 0.831570 0.231570 
446.576731 0.389506 0.579875 
447.252706 0.251701 0.746258 
447.905636 0.112655 0.233615 
448.095801 0.564765 0.114942 
449.064545 0.547911 0.798805 
449.168896 0.260211 0.110707 
449.317086 0.986603 0.414351 
450.755698 0.763639 0.412116 
451.243454 0.966911 0.650982 
451.423753 0.715707 0.964816 
451.519951 0.582552 0.791406 
453.021262 0.948850 0.023962 
453.927596 0.710827 0.553194 
455.257608 0.267364 0.472636 
457.920344 0.897170 0.677983 
459.641176 0.156450 0.872606 
460.037614 0.836040 0.604026 
461.078443 0.087848 0.028393 
463.679319 0.475422 0.310156 
465.063615 0.975071 0.224532 
465.704167 0.286587 0.535444 
466.132716 0.892722 0.460892 
466.829927 0.337462 0.609407 
466.967180 0.018052 0.670172 
467.120450 0.456603 0.076049 
467.606367 0.021148 0.300698 
467.618204 0.024147 0.709151 
468.362426 0.941050 0.595303 
468.695540 0.255949 0.900161 
471.044232 0.958985 0.528317 
471.200641 0.894949 0.249751 
471.699014 0.455127 0.915704 
471.859253 0.918761 0.769979 
472.322295 0.101814 0.606141 
473.085559 0.681183 0.459540 
473.300899 0.416195 0.148076 
473.441446 0.923373 0.317459 
473.971595 0.346485 0.945897 
474.335927 0.473501 0.612736 
474.702419 0.146155 0.179578 
475.217714 0.069674 0.471500 
475.651133 0.054112 0.010363 
476.856514 0.655727 0.420902 
477.523569 0.865639 0.187675 
478.775623 0.583513 0.607683 
479.636674 0.956080 0.540739 
481.246336 0.107708 0.184813 
481.796339 0.732383 0.388104 
481.993088 0.831374 0.903548 
482.532965 0.029047 0.912767 
483.223751 0.284648 0.841521 
487.575306 0.966827 0.056361 
489.124552 0.095764 0.583813 
490.087811 0.027447 0.340554 
490.132188 0.587109 0.919953 
491.039781 0.173751 0.464298 
492.572552 0.961133 0.805624 
494.387603 0.872964 0.395119 
495.226652 0.641701 0.934319 
496.054957 0.614011 0.784822 
496.686920 0.817365 0.814479 
497.834806 0.105690 0.251953 
498.125952 0.559142 0.257738 
499.400045 0.462491 0.599607 
499.884098 0.747396 0.472314 
500.490777 0.704979 0.734451 
500.921625 0.876249 0.580861 
501.293561 0.121771 0.730800 
501.397291 0.607169 0.733465 
505.063684 0.449618 0.947714 
506.847679 0.185864 0.469577 
508.345637 0.190131 0.819650 
509.733138 0.634112 0.424136 
509.807409 0.027419 0.119580 
510.838754 0.054352 0.094717 
511.092781 0.802689 0.617358 
511.213219 0.993302 0.820946 
512.881959 0.313452 0.106415 
513.293360 0.560791 0.732271 
513.396118 0.899464 0.631479 
514.312589 0.970110 0.754106 
516.668969 0.391952 0.406649 
519.125310 0.676155 0.024870 
519.304939 0.228011 0.816908 
519.598831 0.069112 0.705282 
520.003338 0.442742 0.749666 
520.201869 0.059406 0.438692 
521.131036 0.710402 0.622907 
521.279447 0.481633 0.230665 
521.298693 0.299429 0.709393 
521.677101 0.310737 0.975703 
522.114158 0.284968 0.716194 
522.949646 0.228507 0.901067 
523.868284 0.908448 0.655196 
524.531906 0.712831 0.059261 
525.283840 0.356022 0.048918 
527.342840 0.582685 0.613425 
528.582297 0.082767 0.200151 
528.961570 0.768793 0.528390 
530.226531 0.744529 0.545876 
530.998526 0.391971 0.222971 
532.329380 0.302545 0.860203 
533.234738 0.615839 0.943340 
535.489975 0.541925 0.186553 
536.177581 0.533229 0.706057 
538.242778 0.261876 0.241461 
539.137934 0.542533 0.104722 
539.286785 0.949487 0.978728 
539.797243 0.373885 0.955336 
540.100089 0.207629 0.197090 
540.881881 0.649936 0.802678 
544.688276 0.668660 0.846988 
545.354500 0.209186 0.614671 
547.587951 0.317598 0.114465 
548.388927 0.550957 0.091167 
549.970177 0.268237 0.761628 
552.041288 0.766856 0.980743 
553.300807 0.690461 0.493156 
554.582771 0.883464 0.349565 
554.837103 0.321720 0.989714 
557.743042 0.391152 0.683013 
557.887274 0.340355 0.078736 
559.153216 0.327907 0.990119 
561.093368 0.104510 0.005531 
563.726732 0.076180 0.264732 
563.733167 0.293072 0.487322 
563.975599 0.841711 0.397261 
564.197691 0.522888 0.895409 
565.812155 0.191141 0.290625 
568.656489 0.316622 0.286742 
572.213736 0.848442 0.425950 
575.351737 0.810899 0.314293 
576.220956 0.235044 0.595774 
576.891016 0.337885 0.021624 
577.059253 0.711844 0.035245 
577.591709 0.685182 0.422517 
579.788188 0.618827 0.210257 
580.797261 0.939877 0.502082 
582.424023 0.776919 0.544903 
584.247719 0.676780 0.211033 
585.246292 0.502992 0.323471 
586.491897 0.750751 0.391204 
587.007026 0.418282 0.423376 
587.764204 0.012623 0.266844 
588.732936 0.211911 0.180700 
589.178786 0.624559 0.907726 
589.291408 0.421392 0.225989 
589.648062 0.445551 0.919443 
590.491138 0.586305 0.174194 
590.907230 0.365339 0.379772 
591.547202 0.723326 0.503963 
592.673326 0.528230 0.673597 
593.171229 0.973703 0.707457 
596.132825 0.545991 0.622813 
596.874195 0.461644 0.599361 
597.684294 0.827990 0.884350 
599.523571 0.534413 0.883883 
599.553686 0.145799 0.416879 
600.321413 0.942324 0.538190 
601.202309 0.150239 0.604388 
602.201181 0.484547 0.102916 
602.386153 0.621169 0.244563 
603.515157 0.524865 0.177904 
605.378564 0.960101 0.790391 
606.123830 0.886092 0.644972 
606.887126 0.049322 0.328526 
607.157119 0.827941 0.261104 
608.010212 0.598625 0.614553 
608.371864 0.129230 0.454086 
610.692880 0.803331 0.057680 
611.020772 0.698299 0.976153 
611.880075 0.109896 0.910661 
613.813356 0.348711 0.454202 
614.749027 0.322324 0.057257 
615.121000 0.568633 0.909501 
615.213719 0.742812 0.470203 
618.767923 0.379916 0.555264 
619.074542 0.366451 0.885743 
620.628613 0.134292 0.275992 
623.319031 0.288796 0.886850 
624.301316 0.457501 0.449001 
624.403074 0.486708 0.823635 
625.618934 0.605125 0.682426 
626.564296 0.227807 0.880495 
629.309725 0.251995 0.119335 
630.183183 0.891365 0.104767 
630.427139 0.446887 0.721391 
631.018270 0.687277 0.395717 
631.049046 0.837926 0.366231 
631.259594 0.251834 0.560887 
632.997682 0.448307 0.548894 
633.075657 0.251734 0.826313 
633.450355 0.298280 0.190597 
633.644032 0.725668 0.161115 
635.852348 0.114026 0.062060 
639.796214 0.008279 0.896877 
640.426939 0.868695 0.066716 
641.620603 0.988242 0.275511 
641.989149 0.364275 0.681465 
644.444763 0.125422 0.743324 
644.605053 0.143964 0.447282 
644.833747 0.730768 0.731214 
646.150268 0.715606 0.279164 
647.404725 0.803426 0.228519 
647.502120 0.973210 0.447715 
647.506080 0.324296 0.881344 
647.718136 0.763496 0.174899 
648.496422 0.661404 0.201164 
648.641775 0.150432 0.928218 
649.717022 0.921688 0.844788 
651.080957 0.050435 0.905052 
653.187861 0.549810 0.527081 
654.169506 0.581602 0.390291 
656.102416 0.457862 0.259475 
656.158680 0.735483 0.041897 
657.399123 0.290928 0.748088 
657.965987 0.722949 0.823737 
658.455660 0.927714 0.829158 
658.846735 0.403960 0.437341 
659.808118 0.411148 0.027551 
661.707414 0.587578 0.463684 
664.249900 0.541520 0.543002 
664.668080 0.023220 0.432837 
666.116807 0.437419 0.870336 
666.997307 0.656869 0.703063 
666.999810 0.203804 0.345083 
668.910134 0.713606 0.163399 
669.989015 0.084881 0.381630 
670.162781 0.926726 0.060448 
670.852093 0.292175 0.650756 
671.277223 0.365678 0.067276 
671.719266 0.470651 0.503461 
671.751887 0.310486 0.940495 
672.465900 0.621597 0.300853 
673.170018 0.362738 0.081175 
673.515202 0.138806 0.120565 
674.668048 0.717580 0.116297 
676.391038 0.195563 0.589816 
676.854121 0.845383 0.403976 
678.224424 0.457145 0.120405 
679.863744 0.253406 0.815774 
679.921138 0.349771 0.257884 
680.154085 0.090618 0.370306 
682.671736 0.661353 0.981250 
684.528893 0.355546 0.814178 
684.963822 0.553427 0.232464 
686.412712 0.517054 0.094362 
687.906020 0.275730 0.909056 
688.839248 0.158933 0.414963 
689.628398 0.087590 0.299945 
690.317042 0.483954 0.651344 
693.602736 0.671883 0.381906 
694.965838 0.171330 0.428823 
696.466106 0.914283 0.429413 
698.087333 0.035447 0.527830 
698.671804 0.746957 0.749784 
698.868993 0.234496 0.083025 
700.172982 0.068226 0.060763 
700.747117 0.733589 0.638360 
701.898934 0.230274 0.185590 
713.594659 0.246416 0.741239 
714.327233 0.535126 0.238208 
717.190320 0.139767 0.979532 
717.367725 0.611617 0.168422 
724.354231 0.111733 0.730068 
725.629259 0.043751 0.729881 
726.447705 0.681308 0.766849 
726.704067 0.959263 0.684855 
727.100978 0.892004 0.796931 
728.975020 0.744004 0.623985 
730.619855 0.941555 0.967252 
732.799334 0.968258 0.508639 
732.834751 0.886228 0.977544 
732.850831 0.663028 0.237195 
733.039199 0.897989 0.619926 
733.884156 0.792523 0.643016 
734.464444 0.629832 0.256507 
734.500072 0.740177 0.009204 
734.518049 0.825002 0.990104 
735.013882 0.360821 0.632391 
735.912683 0.526940 0.299673 
735.919529 0.744136 0.625771 
737.299906 0.892114 0.321165 
738.209494 0.346625 0.342312 
738.419854 0.883362 0.533505 
739.664197 0.200058 0.538463 
740.994272 0.526631 0.885830 
742.417603 0.393354 0.961332 
742.674424 0.145346 0.154806 
744.562159 0.334064 0.381796 
745.898409 0.132990 0.358520 
747.638218 0.260555 0.971936 
747.718689 0.984275 0.262992 
748.732026 0.298149 0.066185 
749.138382 0.430367 0.560647 
750.885774 0.585351 0.627497 
751.225098 0.625944 0.511883 
753.096133 0.294104 0.688131 
753.943106 0.637394 0.300095 
754.817556 0.992729 0.782122 
755.446338 0.371419 0.070018 
757.311316 0.508808 0.440877 
759.487071 0.791578 0.865239 
762.127277 0.459990 0.259686 
762.544085 0.215004 0.301643 
763.870892 0.466974 0.794262 
765.171290 0.851492 0.008475 
769.785745 0.861549 0.707934 
769.878053 0.786292 0.115495 
770.460897 0.562662 0.349738 
772.299623 0.436308 0.612491 
772.844594 0.002951 0.428610 
777.201696 0.488726 0.283810 
781.184690 0.055311 0.901607 
781.821170 0.194728 0.844031 
782.120506 0.065115 0.194984 
782.455784 0.972603 0.157175 
782.657274 0.213980 0.136872 
783.749911 0.993151 0.185364 
783.875771 0.246460 0.066961 
784.213513 0.989551 0.847779 
784.430165 0.138815 0.695421 
786.240046 0.874594 0.920125 
786.935337 0.375113 0.354168 
787.534590 0.916121 0.623465 
788.400542 0.075242 0.488258 
788.718863 0.558134 0.794190 
792.020292 0.630406 0.124066 
796.754686 0.047578 0.942700 
798.740384 0.711357 0.829635 
799.994255 0.379686 0.982159 
800.198831 0.014836 0.850059 
800.989969 0.210865 0.398189 
802.482934 0.419149 0.954278 
802.718271 0.839436 0.300170 
806.656414 0.902812 0.245619 
806.745636 0.495217 0.340952 
806.839187 0.513542 0.414492 
808.907357 0.990359 0.917090 
810.536059 0.376827 0.781552 
811.115666 0.992719 0.482731 
811.410930 0.285085 0.861077 
812.156784 0.180354 0.672184 
812.470937 0.468946 0.402856 
812.691077 0.580331 0.109472 
814.050597 0.625578 0.742897 
816.172020 0.883771 0.402255 
818.787298 0.005567 0.324577 
820.432299 0.227441 0.925068 
823.937310 0.819487 0.521100 
825.383641 0.156563 0.373564 
826.637325 0.760290 0.515837 
826.960785 0.590959 0.106336 
827.583005 0.843534 0.729331 
827.673253 0.645480 0.918825 
828.648691 0.386927 0.986876 
829.025496 0.497823 0.819298 
829.763482 0.273216 0.587963 
832.191115 0.764135 0.652748 
833.542874 0.638618 0.776749 
834.109997 0.529433 0.521593 
834.898661 0.182197 0.118264 
835.251335 0.672962 0.096881 
835.788509 0.148011 0.487309 
837.638843 0.256672 0.652253 
839.355927 0.262935 0.329009 
839.463106 0.138348 0.611985 
839.709301 0.385429 0.193243 
839.771424 0.709634 0.763764 
842.552373 0.108020 0.117995 
843.504112 0.372860 0.274487 
844.068668 0.523286 0.878699 
845.496607 0.383785 0.272708 
849.503753 0.684116 0.785412 
850.194336 0.552525 0.501947 
852.204035 0.972969 0.736097 
853.948686 0.297540 0.172542 
854.625870 0.195588 0.516757 
855.236204 0.503499 0.127233 
856.245592 0.287724 0.078277 
856.560864 0.714790 0.917629 
860.407543 0.856141 0.876157 
863.698260 0.017591 0.932571 
864.882912 0.839159 0.487559 
866.311014 0.003978 0.745046 
867.927582 0.509166 0.102052 
868.367825 0.533820 0.754400 
869.110999 0.031688 0.633579 
869.390839 0.334770 0.050113 
870.491496 0.858621 0.624694 
874.586809 0.345680 0.659503 
875.625024 0.075984 0.407939 
876.510165 0.320974 0.558849 
878.635116 0.376790 0.928093 
879.262366 0.762876 0.635338 
879.945418 0.825581 0.369246 
880.123414 0.989394 0.801352 
882.692688 0.995859 0.631723 
882.703999 0.873445 0.161050 
882.750222 0.854486 0.188393 
882.866600 0.930711 0.246134 
884.120798 0.545273 0.532464 
885.377301 0.995646 0.231706 
885.630411 0.894420 0.333473 
890.283339 0.480551 0.842921 
890.360504 0.843195 0.469478 
890.920421 0.419181 0.456699 
892.199758 0.617996 0.521668 
895.272718 0.307653 0.077783 
895.736692 0.681517 0.106773 
896.916005 0.414953 0.875292 
899.092767 0.894734 0.610691 
900.653620 0.930873 0.181903 
900.833292 0.576548 0.033911 
902.555901 0.639188 0.706528 
903.067177 0.403452 0.223102 
903.278384 0.913016 0.687907 
909.995082 0.127746 0.635444 
910.154814 0.305152 0.118582 
910.411954 0.270684 0.013656 
911.566759 0.057211 0.632320 
911.680330 0.853201 0.606898 
912.908134 0.517262 0.415778 
913.431660 0.919896 0.831095 
914.134322 0.039323 0.288458 
915.181788 0.117716 0.985886 
915.294256 0.874873 0.388166 
916.775898 0.866467 0.591905 
916.860480 0.686205 0.655011 
917.565171 0.816706 0.256352 
919.653132 0.679305 0.933562 
920.422595 0.024954 0.333981 
922.144248 0.311815 0.213536 
923.214409 0.654238 0.059115 
923.225869 0.873741 0.527589 
924.396065 0.255187 0.872955 
925.611304 0.256063 0.183695 
928.129467 0.505659 0.896882 
930.107678 0.029257 0.844729 
930.847245 0.651341 0.851183 
931.662396 0.805907 0.867566 
932.255118 0.198298 0.931645 
932.467088 0.325216 0.540598 
933.447780 0.280963 0.829257 
935.873626 0.086358 0.643382 
937.538538 0.343573 0.892593 
937.901136 0.601499 0.587430 
938.299738 0.381283 0.300528 
939.069019 0.375645 0.660309 
939.133811 0.228814 0.909961 
940.087938 0.151364 0.860521 
942.370546 0.603636 0.736224 
942.604786 0.685734 0.536491 
945.039415 0.418964 0.735266 
945.945003 0.541018 0.648814 
947.504255 0.432742 0.572895 
949.136525 0.301770 0.180454 
949.666769 0.912235 0.140102 
950.233256 0.437427 0.392872 
950.319776 0.028081 0.088690 
950.471214 0.823294 0.964231 
951.064105 0.373362 0.650227 
951.300811 0.738184 0.032610 
952.097534 0.634223 0.276322 
952.492049 0.066264 0.919824 
953.405804 0.332308 0.912366 
955.930650 0.519354 0.666673 
956.869666 0.282938 0.059466 
957.689113 0.136478 0.467994 
957.838704 0.350437 0.774256 
958.843087 0.138251 0.961789 
959.599006 0.870111 0.331160 
960.440507 0.304500 0.885305 
961.103295 0.812951 0.768279 
962.055736 0.266268 0.671737 
963.665167 0.123853 0.722400 
966.476860 0.672447 0.410723 
967.659517 0.139098 0.921430 
967.753008 0.781067 0.260248 
967.761389 0.618951 0.144078 
968.619257 0.930435 0.978657 
968.709561 0.522522 0.558333 
970.901223 0.725458 0.021887 
971.813718 0.606191 0.410659 
974.179976 0.738160 0.275987 
974.438760 0.379987 0.255166 
975.377129 0.282690 0.599288 
976.520136 0.326307 0.961199 
978.030081 0.632744 0.833742 
980.248116 0.465537 0.993926 
981.502029 0.301137 0.003703 
981.709020 0.271854 0.169796 
984.324978 0.473243 0.105410 
984.954600 0.116773 0.169485 
986.523548 0.414069 0.858617 
987.101117 0.302988 0.533788 
987.997786 0.453985 0.784478 
988.311329 0.204685 0.615456 
988.920633 0.397186 0.179506 
989.976344 0.744872 0.157842 
990.211922 0.728321 0.763103 
991.320712 0.947404 0.089015 
994.772039 0.188924 0.341476 
994.938672 0.990873 0.675959 
995.032974 0.115347 0.169949 
995.435804 0.421400 0.538286 
996.531615 0.897436 0.629402 
997.645221 0.563084 0.079204 
999.418811 0.911364 0.820840 
999.711501 0.408807 0.978324 
1001.040376 0.944838 0.540248 
1001.338847 0.012338 0.518735 
1001.522622 0.360938 0.523055 
1001.580669 0.490699 0.276363 
1003.461414 0.925221 0.595103 
1003.583337 0.963447 0.922730 
1003.901912 0.722748 0.452519 
1003.961035 0.535189 0.832755 
1004.019939 0.290253 0.980480 
1005.364546 0.404276 0.558529 
1007.697202 0.339802 0.626108 
1009.011243 0.508071 0.806178 
1009.276298 0.871989 0.503618 
1009.349091 0.843528 0.744398 
1010.240959 0.213618 0.821309 
1011.251769 0.794073 0.311435 
1011.462243 0.233391 0.434588 
1011.911612 0.364588 0.967559 
1012.872827 0.723515 0.270263 
1013.307762 0.848397 0.472005 
1013.975802 0.745970 0.734449 
1017.369029 0.497459 0.838913 
1018.911732 0.141572 0.703024 
1019.302298 0.558740 0.768579 
1020.587952 0.591766 0.681440 
1021.870044 0.121814 0.693567 
1022.285953 0.503577 0.299038 
1022.494809 0.010311 0.409607 
1023.795156 0.104151 0.519595 
1026.465280 0.953212 0.277835 
1026.791076 0.429333 0.691508 
1027.283458 0.969886 0.668694 
1027.915180 0.769103 0.825584 
1028.013990 0.664600 0.423074 
1029.498394 0.132658 0.571361 
1029.637787 0.323649 0.172624 
1030.678854 0.422885 0.824979 
1030.724174 0.913441 0.152006 
1033.011720 0.173161 0.514569 
1033.698032 0.709215 0.352301 
1034.706345 0.250403 0.705224 
1035.074509 0.981271 0.553925 
1035.276271 0.801164 0.517094 
1035.890659 0.760611 0.708673 
1037.936839 0.664917 0.007262 
1040.234383 0.917229 0.221300 
1040.334423 0.410450 0.487901 
1043.667455 0.892264 0.229499 
1043.825343 0.168417 0.217791 
1043.988718 0.547240 0.422921 
1044.334995 0.370219 0.761659 
1044.423165 0.712447 0.344925 
1045.878530 0.369315 0.724304 
1045.892807 0.624618 0.246531 
1047.457456 0.815884 0.207248 
1047.583035 0.570339 0.202283 
1051.035667 0.818375 0.959978 
1051.819285 0.169803 0.495171 
1052.348038 0.500965 0.273399 
1057.283086 0.678988 0.202682 
1058.642270 0.818288 0.557778 
1058.855214 0.303230 0.983029 
1058.970401 0.746072 0.662553 
1059.391577 0.166098 0.946014 
1061.662447 0.574295 0.333629 
1062.527766 0.828038 0.435412 
1064.388171 0.624722 0.714404 
1064.980052 0.225715 0.328232 
1066.875123 0.754131 0.780759 
1067.491901 0.625877 0.632389 
1067.544064 0.813990 0.869731 
1067.718222 0.057439 0.132687 
1067.803075 0.035712 0.643540 
1068.371380 0.007990 0.224963 
1068.829011 0.314076 0.841726 
1069.319277 0.053399 0.422920 
1069.480057 0.220050 0.984311 
1069.733058 0.445475 0.380480 
1070.428529 0.472049 0.329680 
1070.516428 0.853776 0.603520 
1070.799899 0.215975 0.767929 
1072.417296 0.223141 0.654367 
1073.264406 0.146692 0.687811 
1074.338315 0.415733 0.621949 
1076.039330 0.789422 0.223165 
1077.202721 0.449567 0.691003 
1077.942130 0.633948 0.346496 
1078.242585 0.357628 0.911842 
1078.455998 0.808008 0.328506 
1079.303110 0.408343 0.813726 
1079.391477 0.053139 0.991739 
1080.633939 0.115029 0.314277 
1080.775331 0.810068 0.354064 
1080.926995 0.243517 0.896899 
1081.152364 0.035001 0.166338 
1082.184415 0.376563 0.998499 
1082.907262 0.245189 0.834511 
1083.812169 0.882716 0.618252 
1084.562129 0.870224 0.112335 
1085.932094 0.427495 0.161898 
1086.393223 0.627064 0.301406 
1087.673888 0.646047 0.781748 
1088.164687 0.004700 0.318397 
1096.609588 0.773477 0.464904 
1098.118027 0.316168 0.884288 
1098.833989 0.814370 0.298823 
1101.010822 0.163018 0.389557 
1101.855599 0.177667 0.591336 
1101.882228 0.602844 0.739566 
1102.131431 0.970636 0.112474 
1102.137205 0.317740 0.476395 
1103.459708 0.539517 0.819804 
1104.609518 0.385112 0.648225 
1104.944874 0.442369 0.595363 
1106.077308 0.802660 0.579261 
1108.604533 0.134401 0.602026 
1109.535921 0.020250 0.356350 
1109.994622 0.959026 0.980544 
1110.227295 0.161275 0.893573 
1111.905515 0.501461 0.393836 
1119.008380 0.765641 0.222560 
1119.648039 0.351392 0.862226 
1119.996414 0.695972 0.789411 
1121.143359 0.276546 0.477960 
1124.738252 0.932748 0.779789 
1124.930597 0.574763 0.991872 
1126.934715 0.254960 0.334028 
1127.332381 0.357671 0.856783 
1127.866435 0.044622 0.280300 
1128.827920 0.707315 0.316004 
1128.951737 0.161243 0.638739 
1129.471269 0.198150 0.665551 
1130.656971 0.560819 0.987104 
1131.303509 0.201729 0.505790 
1132.397592 0.924957 0.891146 
1133.471520 0.280024 0.462221 
1133.686864 0.104701 0.569116 
1135.023652 0.382371 0.094927 
1136.172114 0.794898 0.475158 
1136.495443 0.109162 0.030355 
1137.747231 0.790111 0.642888 
1138.807828 0.125230 0.911330 
1140.586034 0.118670 0.731905 
1140.855110 0.114536 0.124609 
1140.896975 0.051739 0.183382 
1142.557846 0.110245 0.767857 
1142.604445 0.478807 0.447611 
1142.625658 0.835090 0.125697 
1143.910231 0.987377 0.635130 
1144.200336 0.496971 0.433277 
1144.908241 0.386375 0.056194 
1146.075582 0.291604 0.233872 
1147.056550 0.187420 0.185676 
1147.306311 0.763713 0.394282 
1150.038999 0.720879 0.996622 
1151.175189 0.086605 0.798575 
1153.262846 0.185850 0.987291 
1154.344162 0.688103 0.546629 
1154.714304 0.231132 0.534550 
1154.990828 0.852444 0.385371 
1155.295252 0.311555 0.470851 
1156.387514 0.399272 0.776601 
1156.626633 0.025195 0.674585 
1157.160888 0.272134 0.925499 
1160.156624 0.618364 0.096030 
1160.294561 0.108796 0.716303 
1161.013202 0.923872 0.733345 
1163.270277 0.470120 0.573048 
1165.389892 0.052656 0.039169 
1165.791525 0.873894 0.259462 
1166.705456 0.069244 0.764840 
1167.200942 0.839361 0.192707 
1167.272102 0.411378 0.584368 
1167.707537 0.183739 0.362050 
1167.715842 0.281323 0.457343 
1167.777089 0.866329 0.602166 
1170.091660 0.574166 0.563002 
1170.287086 0.974060 0.964565 
1170.354238 0.066409 0.974353 
1170.847622 0.112799 0.836827 
1171.626011 0.126399 0.932430 
1171.975290 0.111624 0.257633 
1174.024134 0.015272 0.624647 
1174.768915 0.293568 0.436760 
1179.055081 0.267001 0.930508 
1179.338730 0.007934 0.476338 
1179.679919 0.881544 0.015120 
1179.940216 0.290446 0.456661 
1180.548883 0.219217 0.102364 
1180.958449 0.741722 0.192075 
1184.753838 0.698280 0.165958 
1185.384400 0.143506 0.640118 
1186.496719 0.104914 0.965344 
1186.703535 0.874081 0.773008 
1187.341072 0.638497 0.553841 
1187.387687 0.297907 0.388368 
1187.542195 0.767676 0.485105 
1188.431391 0.537825 0.692315 
1188.888684 0.822721 0.626889 
1192.757665 0.148663 0.536136 
1193.133815 0.675861 0.994328 
1193.258041 0.200472 0.546619 
1193.375874 0.518483 0.310238 
1193.772970 0.958491 0.522857 
1194.280017 0.441811 0.002095 
1195.082693 0.261550 0.897212 
1196.154174 0.744759 0.236648 
1196.862116 0.168487 0.979917 
1199.023745 0.316683 0.702178 
1199.936979 0.588766 0.893548 
1203.272333 0.527178 0.491511 
1203.824149 0.793951 0.092255 
1204.846506 0.916645 0.421299 
1206.525265 0.887892 0.893423 
1206.961593 0.957968 0.011590 
1209.244261 0.388081 0.837036 
1210.162692 0.638090 0.720372 
1211.492814 0.555292 0.861093 
1213.125908 0.297701 0.689237 
1214.124596 0.073450 0.524700 
1215.517934 0.826902 0.230071 
1215.723127 0.136008 0.862229 
1216.793906 0.110118 0.072499 
1218.149855 0.103712 0.982905 
1219.273277 0.028241 0.802802 
1220.729644 0.786953 0.017461 
1222.756982 0.369440 0.217685 
1223.106653 0.275823 0.583051 
1226.310594 0.813993 0.555375 
1226.459616 0.624845 0.130933 
1227.481972 0.711846 0.740829 
1228.414878 0.881912 0.992562 
1231.773945 0.584263 0.484945 
1233.349750 0.972975 0.538717 
1233.860382 0.834683 0.295095 
1234.136483 0.798820 0.508022 
1234.248354 0.067620 0.721194 
1235.160797 0.227361 0.811059 
1235.372238 0.831842 0.180120 
1235.528441 0.289630 0.937964 
1235.540029 0.989218 0.106998 
1236.479950 0.151713 0.237243 
1237.340704 0.419965 0.825982 
1237.837790 0.794656 0.061788 
1239.001858 0.672116 0.964758 
1239.609230 0.171835 0.673565 
1239.898167 0.719743 0.544852 
1240.510342 0.960245 0.890623 
1240.857188 0.636259 0.004793 
1241.029407 0.020385 0.505120 
1242.195027 0.507972 0.477371 
1242.584884 0.336955 0.927659 
1243.996707 0.352782 0.097634 
1245.423543 0.669891 0.984893 
1246.010013 0.021622 0.977671 
1247.178756 0.344134 0.096939 
1247.442822 0.202224 0.489635 
1248.689279 0.312173 0.296384 
1249.925885 0.091672 0.681838 
1250.205803 0.062239 0.326505 
1250.744885 0.420638 0.294988 
1253.720914 0.066612 0.076699 
1254.007244 0.935682 0.345979 
1254.921701 0.487058 0.089167 
1256.935118 0.193414 0.258278 
1257.406491 0.161801 0.952196 
1258.071415 0.884651 0.319918 
1258.680391 0.256510 0.007868 
1260.227090 0.973698 0.497725 
1261.549942 0.585125 0.409335 
1262.298819 0.126505 0.791731 
1268.598819 0.080025 0.614320 
1268.986401 0.071918 0.328668 
1269.365093 0.418916 0.520479 
1271.184319 0.478201 0.819029 
1271.719783 0.414615 0.068771 
1271.814219 0.203473 0.975099 
1271.945964 0.701194 0.408543 
1271.982331 0.072874 0.392380 
1272.151313 0.044863 0.999754 
1272.796007 0.089624 0.348193 
1274.894118 0.743145 0.318109 
1276.271973 0.638964 0.581377 
1277.965428 0.664627 0.357365 
1278.782259 0.563167 0.137562 
1280.286781 0.175999 0.835027 
1281.896269 0.161041 0.240989 
1282.468240 0.184045 0.673922 
1287.257043 0.014174 0.801538 
1288.638905 0.810934 0.052931 
1289.629552 0.894911 0.447363 
1293.039204 0.624009 0.272375 
1293.187867 0.899599 0.900542 
1293.801675 0.318099 0.119621 
1294.900910 0.883903 0.813078 
1295.308696 0.564027 0.099245 
1297.479485 0.535131 0.789512 
1298.981811 0.963361 0.092421 
1302.427298 0.104802 0.274238 
1305.537448 0.180202 0.246325 
1305.839338 0.594747 0.431948 
1306.657643 0.316708 0.312795 
1308.991568 0.140505 0.166669 
1309.713309 0.617904 0.290955 
1310.204650 0.228122 0.071547 
1310.589913 0.164393 0.611240 
1312.464885 0.790796 0.927454 
1314.766760 0.973203 0.602120 
1315.094921 0.061784 0.245393 
1316.082053 0.037039 0.740266 
1317.521580 0.185273 0.049811 
1318.291237 0.453835 0.101270 
1321.909952 0.272954 0.282116 
1322.983883 0.334953 0.298849 
1323.003850 0.029779 0.833679 
1323.236775 0.855276 0.898660 
1323.876188 0.472240 0.018994 
1324.536946 0.383184 0.290312 
1324.746306 0.969371 0.233697 
1325.050320 0.025973 0.485785 
1325.087439 0.546914 0.098596 
1326.818897 0.368804 0.873822 
1327.609398 0.245329 0.537224 
1328.930829 0.544436 0.475756 
1329.585541 0.269723 0.348533 
1332.075478 0.190221 0.926462 
1333.118628 0.598344 0.487562 
1335.556226 0.044962 0.380500 
1336.196118 0.595237 0.955030 
1338.459161 0.130971 0.086595 
1338.670588 0.714218 0.659004 
1339.552607 0.610399 0.243421 
1341.143918 0.909710 0.369008 
1343.144949 0.589953 0.484564 
1343.267965 0.398101 0.146630 
1346.590667 0.453210 0.130208 
1348.639699 0.304767 0.909567 
1349.593560 0.113856 0.855732 
1352.759308 0.445649 0.226838 
1356.100106 0.594570 0.890327 
1357.421574 0.792853 0.256470 
1357.642885 0.238980 0.778242 
1358.396057 0.249770 0.063853 
1358.460768 0.467517 0.214115 
1358.587911 0.130008 0.131928 
1359.041320 0.436387 0.216721 
1359.856348 0.131363 0.816298 
1360.185799 0.997449 0.010698 
1360.187102 0.511707 0.960368 
1360.815905 0.960536 0.940661 
1362.325615 0.512200 0.662262 
1363.511373 0.119524 0.809530 
1365.892919 0.267091 0.326111 
1366.066806 0.398153 0.206349 
1366.778603 0.085270 0.817855 
1367.852184 0.455059 0.709583 
1368.710164 0.509793 0.040650 
1369.920105 0.268457 0.335750 
1370.002919 0.489517 0.576983 
1371.037394 0.052554 0.780350 
1371.310120 0.004508 0.435993 
1376.432734 0.715173 0.968186 
1376.558569 0.893879 0.630992 
1376.959293 0.878014 0.577840 
1377.501914 0.319313 0.273245 
1378.125714 0.634175 0.501727 
1378.677155 0.819979 0.547467 
1378.812243 0.829692 0.458910 
1379.871636 0.978951 0.978919 
1380.116796 0.158106 0.286264 
1380.274787 0.103715 0.983530 
1382.388633 0.767332 0.383053 
1383.177509 0.758341 0.328559 
1384.015452 0.460109 0.727725 
1385.243688 0.638050 0.612794 
1386.127414 0.581175 0.951522 
1386.697904 0.491359 0.960577 
1388.449526 0.578545 0.065694 
1388.662358 0.496421 0.409159 
1389.990216 0.474137 0.569596 
1395.074375 0.797714 0.299958 
1395.173904 0.148383 0.947529 
1396.072404 0.957726 0.005110 
1397.256629 0.823820 0.354582 
1397.479175 0.303304 0.500582 
1399.931722 0.000993 0.113894 
1401.002227 0.809746 0.247611 
1402.084886 0.995572 0.294757 
1403.262122 0.902506 0.694948 
1404.163539 0.195661 0.423126 
1404.324935 0.846134 0.915048 
1405.919010 0.841101 0.456561 
1405.997606 0.603883 0.469201 
1408.942076 0.752571 0.940491 
1409.386256 0.024810 0.538572 
1409.939318 0.072866 0.592884 
1409.952272 0.085748 0.313255 
1410.165775 0.777792 0.422223 
1412.414903 0.687433 0.677818 
1413.917027 0.963796 0.106582 
1415.046151 0.452258 0.784086 
1415.623794 0.296273 0.906319 
1416.323137 0.095458 0.744003 
1417.162444 0.419051 0.501700 
1417.771440 0.869826 0.385841 
1418.037337 0.176425 0.330647 
1418.129261 0.594607 0.798790 
1421.212219 0.830539 0.936077 
1423.342228 0.751507 0.998012 
1423.905495 0.164667 0.336711 
1424.004236 0.077359 0.334829 
1424.127350 0.531602 0.350068 
1424.727447 0.296539 0.961673 
1426.071946 0.283693 0.271627 
1430.965862 0.497667 0.290558 
1431.907340 0.769647 0.109575 
1432.438192 0.651752 0.642655 
1433.270482 0.317034 0.657173 
1433.313525 0.919982 0.359845 
1433.471517 0.939228 0.221107 
1434.298312 0.433930 0.049745 
1435.830011 0.241822 0.832228 
1436.601045 0.510743 0.514137 
1437.560558 0.552402 0.789445 
1437.959930 0.356477 0.343956 
1438.487254 0.921611 0.930281 
1439.839607 0.384295 0.150258 
1440.508588 0.334374 0.122586 
1441.593248 0.377258 0.224192 
1442.266974 0.349796 0.051391 
1443.509256 0.432936 0.279650 
1443.886456 0.764848 0.551017 
1444.381862 0.133319 0.792998 
1444.639911 0.355997 0.024733 
1444.817266 0.276907 0.756479 
1444.971741 0.543131 0.757387 
1445.403490 0.491029 0.511854 
1446.150679 0.440314 0.441563 
1447.687174 0.852087 0.664314 
1448.434951 0.824839 0.200415 
1448.936813 0.802715 0.953132 
1449.342136 0.995932 0.727525 
1451.470727 0.910864 0.343824 
1452.865857 0.102082 0.021816 
1454.150424 0.518884 0.940992 
1454.850323 0.995899 0.524419 
1456.352043 0.726675 0.546238 
1458.853766 0.490772 0.877045 
1459.622380 0.095130 0.241614 
1459.972813 0.331835 0.661116 
1460.423310 0.241141 0.187326 
1460.654893 0.668363 0.701056 
1461.656006 0.393758 0.011751 
1461.723094 0.426790 0.469807 
1461.958425 0.821468 0.246557 
1462.826096 0.940219 0.811792 
1463.831870 0.785826 0.623399 
1465.181473 0.055270 0.482985 
1465.410125 0.616164 0.563178 
1467.139199 0.080018 0.150986 
1469.626477 0.616186 0.148825 
1470.607477 0.553217 0.884929 
1474.071879 0.539617 0.493330 
1475.370148 0.454447 0.558100 
1476.229282 0.656828 0.584013 
1477.662144 0.625817 0.618650 
1478.423839 0.556240 0.981666 
1478.547482 0.660080 0.028196 
1480.831633 0.948266 0.059272 
1482.219752 0.213469 0.106978 
1482.726225 0.886936 0.771549 
1482.730091 0.257295 0.255842 
1482.919749 0.247950 0.443066 
1484.848902 0.414162 0.055578 
1485.233232 0.398509 0.408758 
1486.664105 0.191342 0.956704 
1487.166882 0.374987 0.704878 
1487.865267 0.463664 0.436005 
1489.172870 0.118651 0.177459 
1491.033735 0.354568 0.003961 
1493.301365 0.477737 0.851670 
1493.766350 0.607122 0.551339 
1494.207515 0.192394 0.107849 
1494.628221 0.852403 0.532309 
1495.715603 0.129794 0.027848 
1496.250685 0.306398 0.223315 
1497.966545 0.195489 0.139503 
1498.680473 0.371279 0.548718 
1499.063468 0.296885 0.517902 
1499.146846 0.978453 0.056774 
1499.837805 0.947521 0.466867 
1499.847610 0.476143 0.418329 
1500.096335 0.858489 0.023683 
1500.989950 0.177759 0.932854 
1501.405196 0.422546 0.096145 
1502.536214 0.509057 0.919529 
1502.903836 0.603223 0.750196 
1504.832718 0.829742 0.462345 
1505.120423 0.975648 0.902146 
1505.314385 0.309611 0.165753 
1506.165851 0.215046 0.581463 
1507.256834 0.613528 0.940853 
1507.659279 0.940186 0.688753 
1509.289003 0.556195 0.884378 
1510.480504 0.341048 0.603485 
1511.707314 0.104109 0.792626 
1511.726383 0.503524 0.053730 
1512.325492 0.967014 0.108931 
1512.684517 0.181680 0.830611 
1513.327618 0.870023 0.246729 
1515.737625 0.307868 0.077524 
1516.486612 0.078939 0.169350 
1521.105859 0.680525 0.510844 
1521.224495 0.314024 0.274535 
1522.036559 0.185738 0.243302 
1522.891908 0.456724 0.841566 
1523.220105 0.333744 0.556369 
1525.825333 0.377709 0.251032 
1529.859236 0.456638 0.540838 
1530.018912 0.569313 0.056121 
1530.377174 0.073645 0.013192 
1533.538595 0.176035 0.184321 
1533.636045 0.263496 0.449632 
1534.003905 0.202817 0.141828 
1534.043573 0.102321 0.272623 
1538.261792 0.697775 0.986316 
1538.265480 0.969681 0.779849 
1538.365814 0.390764 0.953224 
1541.306167 0.803337 0.056901 
1543.723629 0.768662 0.875146 
1544.884213 0.340110 0.134916 
1545.283742 0.350299 0.356877 
1547.438951 0.814279 0.141137 
1547.650665 0.171779 0.081454 
1548.160680 0.731683 0.460690 
1549.677970 0.852053 0.141902 
1551.220623 0.824810 0.219120 
1553.310028 0.470390 0.927978 
1554.554583 0.534721 0.974129 
1555.009994 0.723275 0.504672 
1556.767719 0.431476 0.676313 
1556.844700 0.293420 0.932578 
1559.670629 0.928632 0.693572 
1560.704189 0.013231 0.900806 
1561.304413 0.956673 0.539793 
1561.370470 0.666238 0.285838 
1561.382468 0.843043 0.460270 
1561.843229 0.540949 0.204616 
1562.922325 0.282871 0.119545 
1563.671660 0.598170 0.156428 
1564.679789 0.756570 0.617937 
1565.278535 0.476903 0.500684 
1565.427992 0.646026 0.055919 
1565.751730 0.260823 0.580970 
1566.498721 0.793727 0.998688 
1566.656113 0.239520 0.780333 
1567.112658 0.063908 0.217298 
1567.430061 0.489593 0.241025 
1567.782740 0.935765 0.896239 
1568.908069 0.788994 0.999502 
1569.035663 0.157385 0.021304 
1569.449435 0.154137 0.517782 
1569.616253 0.656700 0.452007 
1569.663972 0.527465 0.414497 
1569.799117 0.961996 0.384803 
1570.245844 0.959506 0.503385 
1572.735043 0.076302 0.998763 
1573.415295 0.923493 0.826625 
1574.366107 0.639310 0.662564 
1574.407605 0.373633 0.550903 
1575.016775 0.835960 0.240384 
1575.386134 0.236859 0.131985 
1575.653593 0.480366 0.896829 
1575.670883 0.205444 0.520796 
1576.374166 0.991291 0.143369 
1576.507125 0.431500 0.217769 
1578.954551 0.894947 0.405857 
1579.432450 0.030237 0.046044 
1579.966394 0.901893 0.422039 
1580.187834 0.788750 0.958164 
1580.397053 0.221497 0.023648 
1585.258027 0.843376 0.999781 
1586.019965 0.277575 0.905011 
1586.571743 0.120643 0.002073 
1586.982721 0.216540 0.351680 
1587.177231 0.964067 0.547664 
1590.041572 0.744973 0.147037 
1590.145370 0.204119 0.129333 
1590.530576 0.695813 0.535764 
1592.551743 0.436380 0.582732 
1592.612402 0.655279 0.783342 
1592.982979 0.246635 0.260075 
1593.200857 0.546468 0.353988 
1594.321615 0.958628 0.049153 
1595.314961 0.539631 0.816179 
1597.321112 0.468289 0.415733 
1598.800806 0.731590 0.666287 
1599.354507 0.066464 0.401633 
1601.310010 0.598952 0.071029 
1601.653340 0.513644 0.787929 
1601.667441 0.405052 0.021358 
1602.665626 0.608728 0.315498 
1603.515301 0.365569 0.744154 
1605.130532 0.438400 0.113056 
1605.879776 0.515627 0.262647 
1606.493707 0.018416 0.546362 
1606.524296 0.897255 0.659161 
1606.696386 0.181252 0.254770 
1606.792784 0.100834 0.510445 
1608.395529 0.707259 0.723337 
1608.818360 0.620038 0.097955 
1609.935489 0.776775 0.083383 
1612.155904 0.854846 0.321525 
1612.558110 0.595224 0.146100 
1614.103517 0.074375 0.695411 
1614.144431 0.977624 0.596238 
1615.754886 0.162427 0.858837 
1616.688694 0.265534 0.751708 
1617.913108 0.843372 0.174857 
1618.242942 0.700757 0.082583 
1618.758321 0.273669 0.645960 
1619.271589 0.075792 0.276811 
1619.895662 0.080834 0.944356 
1620.091925 0.907842 0.298515 
1620.897821 0.672859 0.744988 
1622.950433 0.230771 0.108212 
1624.354371 0.284931 0.988445 
1625.301237 0.388990 0.539912 
1625.893452 0.727689 0.182280 
1629.812014 0.002373 0.063807 
1629.875456 0.478257 0.029424 
1632.390781 0.238743 0.965757 
1633.284012 0.417857 0.086592 
1633.710095 0.223897 0.502297 
1633.807734 0.690171 0.349198 
1633.852302 0.822814 0.579862 
1633.968684 0.015662 0.071993 
1635.385465 0.699800 0.041569 
1636.343375 0.705039 0.761132 
1636.545686 0.447179 0.165790 
1638.329264 0.677155 0.029960 
1638.379008 0.742706 0.763934 
1639.552927 0.639961 0.356935 
1639.890284 0.001115 0.156664 
1640.038046 0.240185 0.237679 
1640.204617 0.396508 0.888041 
1643.547444 0.346501 0.169923 
1643.618796 0.454449 0.776740 
1644.685842 0.970306 0.651330 
1644.696407 0.915466 0.467507 
1647.114928 0.772057 0.460787 
1647.875730 0.941439 0.241577 
1648.544249 0.685933 0.963962 
1648.643155 0.594504 0.534806 
1649.338404 0.325295 0.939939 
1650.763108 0.276165 0.690536 
1651.167593 0.179611 0.176526 
1652.781405 0.147187 0.804533 
1653.347812 0.083041 0.345801 
1653.611168 0.663336 0.721173 
1653.655554 0.985563 0.063258 
1654.231819 0.552146 0.091875 
1655.690696 0.031230 0.642659 
1657.363192 0.928785 0.050102 
1658.177796 0.768893 0.546228 
1658.643726 0.756141 0.976934 
1659.795600 0.917399 0.979546 
1660.763795 0.775125 0.828286 
1661.224033 0.178123 0.612672 
1661.263424 0.908055 0.035431 
1661.971817 0.063058 0.151135 
1663.712891 0.901941 0.254279 
1663.814126 0.171611 0.758181 
1664.673324 0.457912 0.913129 
1664.755835 0.738550 0.417177 
1665.429884 0.726838 0.164941 
1665.845433 0.258939 0.305146 
1668.295948 0.231206 0.388344 
1669.040975 0.407767 0.621020 
1669.907553 0.211155 0.033405 
1670.726271 0.904662 0.774585 
1672.640675 0.174707 0.176359 
1673.959738 0.769086 0.142214 
1674.145511 0.906405 0.241505 
1674.642236 0.105310 0.037263 
1675.193276 0.474355 0.578107 
1676.602852 0.950973 0.982344 
1677.139589 0.885180 0.231444 
1677.633804 0.515431 0.274604 
1679.005016 0.165400 0.412540 
1679.392416 0.898048 0.997219 
1679.652499 0.285066 0.225113 
1680.396351 0.790512 0.035322 
1680.664405 0.490036 0.466961 
1681.147690 0.983411 0.327185 
1681.467231 0.332207 0.743466 
1682.775391 0.851520 0.558950 
1683.554571 0.126924 0.252150 
1683.775721 0.171887 0.327267 
1685.907084 0.520529 0.660614 
1686.093215 0.304928 0.263496 
1687.481905 0.294703 0.198875 
1687.507456 0.782404 0.428925 
1687.879149 0.114012 0.965551 
1689.030246 0.461711 0.829697 
1689.105898 0.053705 0.880771 
1689.684564 0.910692 0.252939 
1691.754560 0.631588 0.682364 
1693.232380 0.292628 0.720995 
1693.508265 0.500989 0.136871 
1695.193154 0.558265 0.077483 
1695.752075 0.951743 0.523597 
1696.791456 0.624743 0.827132 
1696.882664 0.944762 0.485798 
1697.480702 0.013319 0.134947 
1697.652827 0.496062 0.493267 
1697.675178 0.153019 0.281965 
1698.067318 0.359336 0.181747 
1699.185957 0.300799 0.089680 
1699.254403 0.185551 0.899216 
1699.299547 0.738176 0.266129 
1699.954239 0.711909 0.546162 
1700.414182 0.222129 0.425307 
1701.479633 0.076006 0.995664 
1702.384650 0.694048 0.431596 
1702.418364 0.297892 0.075168 
1704.159565 0.261491 0.573043 
1704.388138 0.192279 0.785503 
1706.062892 0.520211 0.065791 
1706.629778 0.490210 0.585785 
1708.047699 0.215549 0.367430 
1711.077063 0.580578 0.110692 
1713.119896 0.994244 0.709241 
1713.144558 0.118876 0.871259 
1713.330501 0.386777 0.512910 
1713.423359 0.843285 0.507454 
1715.526449 0.137091 0.318888 
1715.584190 0.939224 0.030140 
1715.709480 0.994319 0.114537 
1717.303085 0.146961 0.066955 
1717.362260 0.176796 0.652454 
1719.070221 0.452176 0.621694 
1719.125955 0.722198 0.074183 
1719.623962 0.610032 0.846133 
1723.600856 0.595808 0.849062 
1723.723979 0.957194 0.347733 
1724.209181 0.227050 0.551297 
1724.233922 0.516188 0.151972 
1724.614102 0.798894 0.379935 
1725.393325 0.971412 0.733330 
1727.047153 0.715213 0.517441 
1727.896804 0.431348 0.947975 
1729.046509 0.805516 0.606595 
1729.300553 0.131148 0.110314 
1729.831683 0.606516 0.180740 
1730.149072 0.777447 0.541742 
1730.489271 0.088514 0.662120 
1730.534204 0.582331 0.094250 
1730.694249 0.449041 0.645946 
1732.382794 0.697159 0.423776 
1733.195820 0.406923 0.932662 
1733.840346 0.148583 0.109084 
1734.072561 0.883957 0.548718 
1734.444240 0.129871 0.428141 
1737.643703 0.014333 0.516021 
1740.280886 0.948214 0.008033 
1742.484420 0.282797 0.166082 
1743.004843 0.555513 0.077933 
1743.307146 0.806550 0.545693 
1743.375645 0.694567 0.546352 
1748.119445 0.579655 0.766214 
1748.479084 0.388879 0.560488 
1749.181638 0.604681 0.347074 
1752.876571 0.049140 0.389606 
1752.931021 0.530593 0.868686 
1753.375814 0.884663 0.698839 
1756.234635 0.434100 0.947607 
1756.236134 0.010792 0.351902 
1756.277194 0.571125 0.333102 
1756.495243 0.908670 0.785096 
1757.075174 0.836659 0.802760 
1757.200343 0.164718 0.913813 
1757.892617 0.585410 0.049333 
1758.457344 0.221929 0.306215 
1759.842514 0.033673 0.190539 
1760.571603 0.744748 0.767396 
1762.276994 0.010227 0.165473 
1763.811425 0.167921 0.144311 
1763.879882 0.142009 0.502802 
1764.342169 0.415044 0.705623 
1764.792702 0.946642 0.112020 
1765.848355 0.659819 0.051192 
1766.410281 0.055120 0.904177 
1768.921566 0.962157 0.580147 
1769.375657 0.450438 0.580124 
1769.925762 0.810904 0.262793 
1769.939909 0.177829 0.199655 
1770.638192 0.838115 0.928472 
1773.890161 0.988165 0.324007 
1775.896891 0.968497 0.679018 
1776.010273 0.087334 0.941859 
1777.481386 0.399536 0.571733 
1778.128894 0.047856 0.086407 
1778.327090 0.350520 0.235185 
1778.355033 0.024335 0.388412 
1778.679873 0.588475 0.201623 
1779.231526 0.992080 0.313390 
1781.311001 0.514406 0.641952 
1781.751664 0.800196 0.303818 
1782.030294 0.548057 0.533332 
1782.288122 0.326259 0.926812 
1784.734471 0.678345 0.553763 
1785.090264 0.311675 0.899166 
1785.804890 0.384787 0.577463 
1786.285487 0.766704 0.954619 
1787.138364 0.201023 0.313309 
1787.924233 0.835775 0.768960 
1788.260821 0.128654 0.119727 
1788.282550 0.541680 0.360498 
1788.571065 0.987817 0.842391 
1789.081267 0.205608 0.609895 
1791.366368 0.752413 0.838729 
1791.506306 0.625005 0.585454 
1791.630126 0.485170 0.428616 
1794.400642 0.284637 0.013940 
1795.506790 0.799028 0.456741 
1795.518022 0.191069 0.000314 
1795.710029 0.092232 0.785903 
1795.969772 0.454188 0.898564 
1796.161006 0.079903 0.564443 
1797.036949 0.925874 0.197575 
1797.116777 0.611539 0.286696 
1797.380652 0.488553 0.816552 
1799.015471 0.708000 0.388224 
1801.604023 0.882909 0.607059 
1802.799386 0.331566 0.643552 
1802.899095 0.970982 0.219464 
1803.080705 0.274969 0.570955 
1803.255425 0.623399 0.326187 
1805.387347 0.538765 0.837275 
1805.751957 0.654606 0.135842 
1807.091139 0.457838 0.089600 
1807.294143 0.410589 0.508790 
1807.463875 0.133331 0.524324 
1807.968000 0.174605 0.698882 
1809.749737 0.638917 0.059419 
1809.785609 0.047982 0.202627 
1811.886116 0.156476 0.093200 
1812.605713 0.578502 0.328142 
1813.698913 0.323514 0.762881 
1815.138066 0.345334 0.704430 
1815.872128 0.429704 0.503148 
1816.586096 0.082668 0.806880 
1816.656101 0.095652 0.073217 
1817.009495 0.346925 0.020064 
1817.868705 0.860700 0.513735 
1818.043947 0.097051 0.875864 
1818.195266 0.293206 0.802701 
1819.747014 0.146469 0.579075 
1820.074951 0.825458 0.456371 
1820.278824 0.121969 0.689941 
1822.698671 0.344323 0.050763 
1824.525470 0.625327 0.725390 
1825.925882 0.633377 0.821663 
1826.091694 0.778611 0.240278 
1826.151142 0.440600 0.997500 
1826.573113 0.621340 0.054348 
1826.954736 0.095130 0.993986 
1826.996705 0.854776 0.563998 
1829.104922 0.601872 0.513698 
1829.320352 0.769646 0.209904 
1829.761100 0.706040 0.543994 
1830.107284 0.220001 0.781510 
1831.516588 0.418895 0.940641 
1831.874275 0.890652 0.698604 
1832.844108 0.945094 0.297204 
1833.507842 0.486337 0.235509 
1836.712190 0.182800 0.785769 
1836.742207 0.300370 0.046715 
1838.218440 0.869426 0.680477 
1839.360775 0.726647 0.301032 
1839.922594 0.509458 0.686400 
1841.010295 0.037192 0.446922 
1843.703071 0.595451 0.171314 
1846.274355 0.808328 0.121305 
1846.340509 0.127502 0.043466 
1846.349417 0.805283 0.393010 
1848.061583 0.733028 0.490795 
1848.702084 0.085751 0.141499 
1848.750105 0.205051 0.612615 
1851.106832 0.899598 0.340839 
1851.585493 0.228905 0.638929 
1852.202951 0.231844 0.666097 
1852.906903 0.070780 0.602924 
1853.009972 0.790520 0.998590 
1853.121188 0.644766 0.898372 
1853.635504 0.907997 0.224552 
1853.654583 0.152349 0.940667 
1855.027567 0.234834 0.793923 
1856.503373 0.578397 0.384588 
1856.661680 0.572116 0.483529 
1858.228544 0.475399 0.945421 
1860.953841 0.925882 0.696887 
1861.783930 0.646375 0.911397 
1862.268838 0.033603 0.949474 
1864.580126 0.850204 0.861351 
1866.120039 0.056788 0.584804 
1867.007401 0.203224 0.219838 
1868.061725 0.178307 0.170521 
1868.181860 0.165854 0.813062 
1869.310492 0.482102 0.436623 
1870.442624 0.674457 0.475699 
1871.160373 0.860204 0.206907 
1871.853240 0.693354 0.815977 
1873.642664 0.122540 0.579068 
1875.142844 0.812473 0.351918 
1875.341523 0.962965 0.782645 
1875.668662 0.248349 0.785446 
1877.544888 0.906839 0.995828 
1878.327689 0.054243 0.976062 
1878.819662 0.117786 0.484198 
1879.979493 0.224811 0.844370 
1880.214713 0.760753 0.515407 
1882.731255 0.957700 0.227738 
1884.624029 0.499261 0.394189 
1886.471850 0.362008 0.909099 
1887.681864 0.765065 0.242575 
1889.461881 0.554761 0.149743 
1889.746924 0.327709 0.852435 
1890.406621 0.485246 0.992163 
1890.657181 0.150148 0.343478 
1892.035084 0.540025 0.601574 
1892.329112 0.498430 0.364727 
1892.888102 0.073057 0.091482 
1893.138885 0.425495 0.881996 
1893.440907 0.914780 0.640239 
1896.416547 0.310408 0.692964 
1896.982966 0.871763 0.328169 
1898.508100 0.855367 0.914877 
1899.166242 0.151447 0.759950 
1899.747826 0.667140 0.366272 
1900.692512 0.416596 0.025465 
1901.482793 0.833467 0.793123 
1901.879391 0.069517 0.943352 
1902.127843 0.082363 0.830250 
1902.507321 0.163334 0.089422 
1903.270732 0.431137 0.044964 
1905.060644 0.605623 0.733499 
1905.373846 0.080042 0.822328 
1905.385951 0.475402 0.713178 
1908.468474 0.727714 0.986196 
1910.182732 0.729371 0.869734 
1910.229919 0.884243 0.716864 
1913.006966 0.866012 0.537904 
1913.986155 0.882119 0.902049 
1914.025995 0.657077 0.896267 
1914.950948 0.542609 0.270711 
1915.009057 0.805127 0.777683 
1915.485931 0.474456 0.302131 
1915.539286 0.371309 0.371046 
1916.346510 0.877859 0.540805 
1918.219364 0.939911 0.971680 
1918.655274 0.502175 0.578622 
1920.021951 0.822668 0.759309 
1920.058239 0.774540 0.404660 
1922.061036 0.231825 0.055161 
1923.716269 0.878409 0.974880 
1924.696526 0.624990 0.148609 
1927.132557 0.355801 0.246869 
1927.671771 0.474863 0.995050 
1929.266524 0.316733 0.906357 
1930.755368 0.380100 0.285433 
1931.667667 0.561895 0.633503 
1932.454380 0.963752 0.853357 
1933.635907 0.317286 0.713460 
1938.302647 0.483367 0.914550 
1938.410774 0.677346 0.723242 
1939.321280 0.351278 0.434591 
1941.107950 0.616719 0.446961 
1941.538792 0.551057 0.553978 
1941.791265 0.379911 0.275845 
1942.031756 0.373818 0.641710 
1942.268232 0.757782 0.673034 
1942.389693 0.732472 0.155762 
1942.964115 0.645306 0.061274 
1944.176239 0.156354 0.899564 
1945.392631 0.536562 0.628449 
1945.706026 0.300823 0.094109 
1948.867635 0.928719 0.638053 
1950.058485 0.453933 0.510590 
1955.102208 0.370514 0.357713 
1957.514656 0.224337 0.391751 
1957.676795 0.360818 0.449276 
1958.310501 0.843044 0.115980 
1958.967207 0.024930 0.640615 
1959.781401 0.449642 0.624433 
1962.204264 0.346995 0.483098 
1963.959415 0.588919 0.773719 
1964.500326 0.954198 0.097499 
1965.399304 0.589063 0.482986 
1966.863318 0.087549 0.698639 
1967.600100 0.143834 0.725508 
1970.233265 0.618842 0.900371 
1971.076425 0.881901 0.950828 
1971.601557 0.633880 0.590032 
1971.908143 0.698869 0.945746 
1972.376302 0.045317 0.002013 
1972.880511 0.058762 0.560389 
1975.615852 0.865912 0.461793 
1977.898238 0.465990 0.188139 
1978.165659 0.974365 0.561511 
1978.764931 0.871522 0.497550 
1979.161724 0.555688 0.239809 
1979.418441 0.389301 0.182493 
1981.600373 0.613916 0.428355 
1988.855925 0.009122 0.632554 
1990.897679 0.489157 0.175827 
1991.031236 0.524735 0.413988 
1991.904231 0.790687 0.600437 
1992.175413 0.537375 0.440894 
1992.311721 0.171278 0.323805 
1993.776890 0.251852 0.523587 
1993.780619 0.462912 0.761900 
1996.052886 0.329622 0.999707 
1997.215843 0.842250 0.212219 
1997.415791 0.830610 0.085820 
1998.142132 0.565991 0.190389 
1998.313075 0.724355 0.163115 
1999.535568 0.401461 0.285744 
2001.655144 0.892117 0.821240 
2002.644804 0.184810 0.981511 
2003.564203 0.630585 0.372686 
2009.041601 0.353062 0.754748 
2012.579764 0.201154 0.902424 
2013.244450 0.321735 0.299320 
2014.601429 0.281463 0.769692 
2015.219422 0.991609 0.119612 
2015.745506 0.018805 0.188509 
2016.318489 0.930098 0.608181 
2016.444177 0.032380 0.845418 
2018.605267 0.006159 0.216212 
2019.893638 0.080984 0.204030 
2020.541118 0.131544 0.038639 
2020.884828 0.324047 0.147673 
2021.739749 0.667882 0.190416 
2022.413681 0.461633 0.921592 
2023.866732 0.901819 0.819588 
2024.637598 0.381335 0.322578 
2024.676465 0.449574 0.982284 
2026.192397 0.506232 0.316515 
2028.090814 0.388139 0.583456 
2029.673917 0.076700 0.908225 
2030.229189 0.214018 0.030620 
2032.859111 0.277131 0.115803 
2033.834414 0.310781 0.617652 
2033.860067 0.119516 0.702456 
2033.918995 0.197176 0.349795 
2033.961634 0.153482 0.620549 
2034.027082 0.744422 0.656334 
2034.929905 0.047107 0.811348 
2035.202311 0.193240 0.031531 
2035.427982 0.296578 0.022569 
2035.675115 0.885949 0.428140 
2036.612269 0.411593 0.503579 
2037.137756 0.178608 0.541516 
2037.274022 0.377685 0.216778 
2037.493072 0.153828 0.822335 
2037.618735 0.084676 0.902938 
2037.704558 0.031745 0.198025 
2043.165792 0.873213 0.646363 
2044.346340 0.130789 0.418341 
2044.387413 0.407165 0.762461 
2044.929372 0.661584 0.193515 
2046.647679 0.755975 0.019363 
