0.000000 0.422540 0.726814 
1.525335 0.621888 0.687596 
2.652825 0.946368 0.703572 
2.768491 0.424570 0.290255 
3.811870 0.349794 0.826779 
4.573446 0.585420 0.215771 
5.819500 0.977055 0.204716 
6.901994 0.300854 0.882980 
7.792922 0.155264 0.342763 
14.962365 0.561641 0.687707 
15.411847 0.394221 0.071127 
15.867489 0.988451 0.049276 
15.991208 0.723075 0.955431 
17.047812 0.011402 0.152153 
18.984275 0.069150 0.086700 
19.664193 0.434293 0.090665 
20.187309 0.916511 0.633864 
20.961504 0.382273 0.409552 
22.402158 0.001211 0.930241 
24.053566 0.702016 0.238917 
24.639805 0.167499 0.185340 
25.441535 0.530021 0.093259 
26.538504 0.760828 0.095119 
27.250920 0.153312 0.816695 
29.211534 0.252976 0.494747 
29.792827 0.764582 0.377372 
30.510269 0.664845 0.740046 
30.694905 0.122699 0.310111 
30.813849 0.119108 0.056332 
30.849806 0.935122 0.485321 
33.406348 0.604155 0.241652 
33.521727 0.834485 0.269608 
34.707498 0.443845 0.013583 
35.943949 0.591035 0.532903 
36.268318 0.443765 0.339492 
37.057009 0.052645 0.366546 
38.162108 0.485621 0.550859 
40.465680 0.337276 0.338339 
41.572544 0.380542 0.770842 
42.089220 0.496128 0.473248 
47.267272 0.090962 0.904113 
47.267860 0.627988 0.301161 
47.267910 0.047988 0.187851 
47.668989 0.898647 0.563329 
49.160642 0.919334 0.856492 
49.729840 0.983084 0.424201 
50.436799 0.382130 0.067321 
50.733874 0.561620 0.253497 
50.765537 0.542627 0.363425 
51.859423 0.552681 0.213841 
52.281392 0.112703 0.071198 
53.275298 0.077269 0.732660 
53.469985 0.272018 0.467268 
54.330660 0.506494 0.668008 
54.425929 0.601373 0.913810 
54.807773 0.884545 0.581160 
56.288546 0.464816 0.227425 
56.676288 0.344639 0.175792 
57.560480 0.942965 0.883106 
57.562805 0.330658 0.371110 
58.804790 0.995579 0.907379 
59.126828 0.735204 0.962065 
59.591337 0.066613 0.785100 
59.694634 0.662563 0.377254 
60.383933 0.135673 0.238963 
60.439933 0.452953 0.832147 
60.674611 0.632407 0.262571 
61.575835 0.542905 0.510918 
61.608693 0.634371 0.526823 
62.644004 0.471307 0.806708 
63.509923 0.755121 0.986754 
63.554856 0.414532 0.852175 
68.506187 0.024378 0.193374 
69.987550 0.242924 0.590450 
72.011271 0.217756 0.402722 
74.037829 0.895986 0.666039 
75.623771 0.488646 0.008872 
75.788235 0.216040 0.980525 
76.339036 0.305942 0.276166 
76.554935 0.235955 0.349107 
79.714162 0.105208 0.493129 
81.327788 0.341568 0.223634 
81.601808 0.965114 0.957888 
81.807901 0.046678 0.477261 
83.291166 0.592244 0.050256 
84.727264 0.939247 0.073128 
84.929313 0.744242 0.165907 
85.840606 0.556671 0.259997 
86.050546 0.880203 0.221299 
87.013343 0.188217 0.020728 
87.933243 0.903168 0.024902 
89.338883 0.047061 0.401138 
90.287049 0.544047 0.764619 
92.393831 0.988219 0.845957 
93.563225 0.490347 0.662877 
93.584479 0.377943 0.542036 
94.450808 0.219349 0.120194 
94.602041 0.595694 0.480800 
94.896393 0.462543 0.793441 
95.410951 0.688685 0.126482 
95.449737 0.993033 0.497225 
96.707066 0.769370 0.712060 
98.210945 0.515321 0.122311 
98.433567 0.510025 0.350785 
100.681297 0.749806 0.671477 
101.824911 0.914928 0.394296 
103.148536 0.109462 0.448186 
104.555449 0.126972 0.378727 
104.575176 0.746468 0.987466 
105.792655 0.776387 0.487778 
107.086766 0.452358 0.047021 
108.491639 0.188319 0.126746 
109.221963 0.038525 0.496221 
110.965151 0.076366 0.372420 
111.340616 0.191891 0.892652 
113.675663 0.501651 0.192304 
114.094874 0.398906 0.563924 
115.050770 0.856405 0.261444 
115.322000 0.034548 0.224150 
117.146328 0.391837 0.809882 
117.374009 0.941378 0.021734 
119.596348 0.673004 0.367197 
119.675100 0.226015 0.354627 
119.991814 0.850232 0.091547 
121.818424 0.151440 0.782285 
124.909369 0.791239 0.901981 
125.193448 0.252101 0.899712 
126.093071 0.240987 0.936055 
127.233739 0.412621 0.238321 
127.279049 0.849503 0.283914 
127.460023 0.311184 0.659212 
127.914150 0.875946 0.072135 
128.221765 0.481486 0.754612 
128.850313 0.966777 0.949804 
129.137069 0.659478 0.786195 
129.469764 0.211009 0.160280 
130.258691 0.399142 0.967959 
130.523128 0.397105 0.632602 
131.992356 0.138629 0.447872 
134.075411 0.085332 0.797447 
135.370454 0.496836 0.849268 
135.829524 0.943693 0.614528 
137.738740 0.613190 0.729222 
138.190351 0.460900 0.384102 
141.375601 0.457434 0.287343 
141.762466 0.324985 0.896526 
144.243391 0.888667 0.034632 
144.870402 0.457288 0.234277 
144.971164 0.976762 0.125512 
145.019127 0.233271 0.683040 
148.647537 0.219995 0.432002 
148.764220 0.849653 0.569475 
149.178966 0.709584 0.815485 
150.014328 0.486790 0.040979 
150.720991 0.473584 0.784026 
151.282205 0.698336 0.219798 
151.915234 0.529698 0.925782 
155.758279 0.064283 0.916609 
155.907787 0.909760 0.751227 
157.318142 0.762931 0.920585 
158.377729 0.233820 0.440082 
159.008147 0.154489 0.594741 
159.088019 0.124027 0.118819 
159.590759 0.643622 0.878826 
160.012802 0.334725 0.639319 
163.194964 0.178723 0.928677 
164.877263 0.180802 0.494986 
165.905519 0.783752 0.317627 
167.116551 0.597547 0.418957 
167.658053 0.520364 0.239774 
168.482026 0.369310 0.762893 
168.907997 0.363162 0.375769 
169.224068 0.742633 0.751959 
169.678332 0.891778 0.896717 
171.539679 0.961903 0.889873 
173.542218 0.947340 0.736778 
174.148580 0.254927 0.195238 
174.204736 0.020587 0.396865 
176.369523 0.298980 0.827984 
177.408910 0.864478 0.779543 
179.933594 0.371180 0.479039 
180.423978 0.387215 0.200691 
181.900405 0.666435 0.824264 
182.302395 0.967342 0.338705 
185.230529 0.808370 0.903840 
187.263923 0.897022 0.623686 
189.339792 0.971143 0.439133 
189.373439 0.506533 0.442358 
193.281200 0.202168 0.594839 
196.952636 0.966125 0.400645 
199.745000 0.633443 0.778526 
199.831878 0.351812 0.056541 
199.839359 0.222050 0.777548 
200.965165 0.033393 0.541670 
200.970804 0.111694 0.113029 
205.990954 0.892915 0.555244 
206.055088 0.054077 0.488966 
206.490207 0.144941 0.814167 
206.514322 0.467475 0.027980 
206.691915 0.824858 0.797268 
206.828895 0.742746 0.583092 
207.281309 0.097883 0.424756 
207.373274 0.662569 0.465725 
207.818533 0.063536 0.943171 
207.896316 0.207839 0.291942 
209.521357 0.529536 0.774409 
212.154000 0.353023 0.388702 
213.281442 0.856358 0.532050 
213.966901 0.915233 0.319422 
216.477584 0.969814 0.261018 
217.948726 0.335651 0.730453 
218.763376 0.409966 0.152967 
219.018644 0.823182 0.364901 
219.299728 0.404942 0.191931 
223.997182 0.105914 0.933251 
225.123517 0.510827 0.379086 
225.777070 0.486946 0.556032 
226.549610 0.064996 0.567342 
229.743475 0.575854 0.495723 
230.005249 0.319012 0.708522 
230.925179 0.848325 0.386682 
231.420626 0.618013 0.322947 
235.108147 0.449225 0.768257 
235.773585 0.389664 0.913905 
235.891051 0.843129 0.432157 
236.351769 0.548030 0.124461 
236.542857 0.236225 0.029311 
237.995013 0.385630 0.470691 
238.481277 0.157015 0.255292 
239.644330 0.377083 0.982418 
240.028157 0.876631 0.491006 
240.398141 0.096041 0.994546 
240.733373 0.027779 0.666366 
240.875880 0.131749 0.055815 
241.309589 0.949631 0.338265 
242.005558 0.336563 0.270796 
242.593112 0.189818 0.556010 
243.261091 0.448154 0.258128 
243.466781 0.532734 0.843488 
246.189241 0.342790 0.132623 
247.053726 0.692057 0.442432 
247.858092 0.231000 0.859285 
249.479940 0.956139 0.613914 
249.649790 0.765554 0.805337 
250.064127 0.547835 0.655748 
251.449023 0.391316 0.820821 
251.500892 0.659315 0.383719 
255.535617 0.594262 0.009578 
256.351422 0.551171 0.851368 
257.747155 0.571674 0.925255 
258.020490 0.888502 0.045272 
258.350367 0.847133 0.522140 
258.608376 0.838866 0.202152 
259.618001 0.013429 0.576102 
260.910594 0.511840 0.427766 
261.311518 0.880748 0.224827 
261.322804 0.826466 0.978962 
264.449003 0.802064 0.323994 
264.826208 0.959765 0.945570 
267.789828 0.658614 0.475159 
268.402471 0.403317 0.535119 
269.227576 0.812091 0.254244 
270.401264 0.153318 0.880644 
270.402366 0.498489 0.736184 
271.173022 0.627689 0.644174 
271.578604 0.247531 0.813112 
273.112626 0.212262 0.488344 
274.982631 0.993415 0.587250 
276.031564 0.767359 0.134344 
276.602438 0.969351 0.391823 
278.289406 0.770582 0.218930 
278.388880 0.609521 0.565549 
278.558070 0.222724 0.543921 
278.744866 0.462977 0.952222 
282.477982 0.366629 0.522353 
285.164599 0.814288 0.360136 
285.473848 0.534987 0.206103 
287.206416 0.847063 0.726069 
287.327899 0.761264 0.411053 
287.814944 0.697656 0.827105 
290.239778 0.838393 0.817277 
290.275120 0.064325 0.014332 
290.338454 0.197349 0.817616 
295.479849 0.044899 0.597242 
295.631434 0.850108 0.430423 
295.857830 0.825533 0.765627 
295.982492 0.769329 0.125036 
296.803094 0.289076 0.676857 
297.970020 0.580492 0.975200 
299.760720 0.408557 0.325989 
300.419030 0.142415 0.271762 
301.837670 0.201976 0.771730 
302.699567 0.251105 0.990633 
302.774281 0.952998 0.572095 
303.392801 0.287692 0.082518 
303.431525 0.541485 0.955898 
303.726287 0.868492 0.858075 
304.209642 0.726092 0.662386 
304.950724 0.118124 0.470834 
309.688291 0.156952 0.051290 
311.267244 0.267390 0.144869 
311.422175 0.539485 0.682382 
312.717382 0.382314 0.042793 
313.500140 0.882198 0.963702 
313.591081 0.841190 0.698828 
313.851092 0.237414 0.359060 
315.333857 0.994176 0.378985 
318.615691 0.020406 0.052054 
318.872892 0.546333 0.905945 
319.565330 0.820193 0.910019 
320.798599 0.042996 0.785764 
321.020848 0.740795 0.657277 
321.388090 0.939413 0.206970 
323.017503 0.209039 0.723490 
324.136798 0.249009 0.159649 
324.607527 0.837891 0.577988 
324.658701 0.382634 0.462650 
327.002308 0.024896 0.887271 
329.906992 0.739068 0.316043 
330.376226 0.549281 0.767246 
331.243449 0.054361 0.071801 
332.021646 0.141473 0.601573 
332.830425 0.985835 0.609381 
333.866223 0.950015 0.913774 
334.291488 0.874292 0.443004 
334.604039 0.080890 0.327209 
335.005040 0.052753 0.164265 
336.396944 0.835318 0.524025 
337.470969 0.362322 0.875688 
337.875618 0.509967 0.842658 
339.410215 0.025457 0.938997 
340.889268 0.953016 0.830850 
342.419365 0.987520 0.735402 
344.291114 0.260097 0.316998 
344.909432 0.767863 0.898836 
345.647885 0.918446 0.641350 
346.660604 0.081969 0.902140 
346.675607 0.040784 0.765229 
347.431423 0.517570 0.272752 
349.546779 0.104286 0.286240 
349.722667 0.236254 0.023531 
349.916291 0.344924 0.699555 
352.014647 0.046326 0.096525 
353.304265 0.556053 0.385140 
353.673843 0.881527 0.638687 
353.907917 0.965122 0.992864 
354.892960 0.803977 0.349433 
355.107802 0.603231 0.983223 
356.021532 0.640019 0.673425 
356.439730 0.895151 0.785067 
357.034525 0.634406 0.530680 
357.373302 0.458031 0.519971 
357.655799 0.099648 0.794697 
360.793017 0.319280 0.903264 
361.065157 0.341612 0.863662 
361.685025 0.153128 0.890016 
361.944982 0.181780 0.668340 
363.078980 0.857416 0.211356 
364.256486 0.940958 0.514676 
364.392126 0.724181 0.183114 
364.831789 0.511533 0.474429 
364.911152 0.029640 0.889186 
366.582929 0.436134 0.969474 
367.480914 0.135077 0.331714 
368.906491 0.020122 0.001045 
369.243637 0.569589 0.095358 
370.052153 0.162729 0.382365 
372.239888 0.033686 0.970521 
372.809586 0.923130 0.131657 
373.753416 0.651148 0.051599 
374.451973 0.401959 0.134115 
375.010936 0.092413 0.300312 
376.091993 0.545142 0.426278 
377.745810 0.150216 0.370057 
377.990067 0.769997 0.670720 
378.625173 0.466884 0.558645 
380.428446 0.445748 0.210421 
381.412094 0.679388 0.490947 
383.418269 0.933174 0.456842 
383.896613 0.659890 0.064625 
384.549784 0.873312 0.993616 
386.696737 0.485671 0.483373 
389.471473 0.118298 0.433935 
392.143147 0.536777 0.606110 
392.980040 0.107789 0.196363 
393.167377 0.252227 0.611164 
393.928765 0.682011 0.969377 
394.338161 0.662023 0.414984 
395.203749 0.347257 0.273435 
395.655789 0.251040 0.906457 
396.460655 0.954946 0.851165 
397.027644 0.965796 0.093678 
399.400846 0.647507 0.842392 
400.076449 0.086304 0.157272 
400.130080 0.071113 0.407697 
400.429413 0.664570 0.342755 
400.637425 0.472797 0.209655 
402.284125 0.811536 0.722115 
403.318243 0.825953 0.204015 
404.328227 0.578267 0.022654 
404.922208 0.211291 0.823500 
406.130199 0.907128 0.130301 
406.640287 0.435755 0.191437 
406.685216 0.265975 0.774496 
407.213028 0.062727 0.083836 
407.304986 0.246592 0.567367 
407.718650 0.097464 0.408742 
409.273179 0.278165 0.977384 
409.392042 0.036714 0.674247 
410.445295 0.740007 0.497928 
413.247522 0.527867 0.733872 
414.405263 0.861416 0.917301 
414.766369 0.909038 0.164583 
415.635472 0.576425 0.810856 
416.145792 0.512598 0.875139 
416.913290 0.940779 0.338232 
418.248679 0.934125 0.151823 
419.376923 0.851677 0.004122 
419.998873 0.218602 0.442928 
420.526288 0.634153 0.078451 
422.715280 0.757995 0.284245 
423.268216 0.582342 0.729392 
423.552443 0.969553 0.389623 
425.062238 0.392809 0.998853 
425.633024 0.655853 0.385329 
427.278757 0.693354 0.383443 
428.151309 0.990916 0.784675 
429.355498 0.925566 0.399436 
429.432360 0.928075 0.106362 
430.131510 0.235411 0.626150 
430.948204 0.825618 0.421311 
431.116111 0.272663 0.026005 
432.106302 0.829242 0.878443 
433.913334 0.634324 0.535303 
434.243159 0.908491 0.506937 
434.514465 0.340217 0.726512 
436.207133 0.116589 0.000957 
437.711650 0.643437 0.553122 
439.340501 0.118701 0.764054 
441.584368 0.849558 0.358405 
441.620256 0.245887 0.456943 
442.477376 0.335499 0.000976 
442.675848 0.607556 0.042499 
442.698424 0.804878 0.660644 
442.777943 0.146513 0.771174 
443.631649 0.963975 0.225096 
445.442653 0.090959 0.915379 
447.099505 0.315891 0.450286 
447.222834 0.351293 0.052740 
447.420035 0.899636 0.409176 
447.664901 0.572636 0.432341 
449.033060 0.576425 0.931963 
449.389525 0.453590 0.121196 
450.132149 0.712667 0.127559 
451.160574 0.043999 0.614103 
452.138388 0.953164 0.619535 
452.578975 0.049017 0.812159 
453.459681 0.781958 0.897588 
454.290596 0.706595 0.387817 
454.769096 0.936655 0.502968 
455.411125 0.513322 0.362108 
455.645542 0.484977 0.918189 
456.077820 0.406558 0.385289 
456.140648 0.918131 0.627373 
456.979244 0.251616 0.361319 
457.024342 0.896333 0.339660 
458.602425 0.138117 0.140079 
461.807996 0.894784 0.235482 
461.958111 0.718509 0.596004 
462.121923 0.588205 0.785354 
463.258830 0.765517 0.754633 
463.822864 0.339590 0.280651 
464.267014 0.031992 0.343104 
464.952722 0.169706 0.493977 
465.165451 0.121809 0.986025 
465.326843 0.968183 0.759156 
466.394738 0.285452 0.901793 
466.683954 0.595383 0.572064 
469.427058 0.312545 0.389308 
470.013980 0.497361 0.158977 
470.221782 0.908910 0.573205 
470.432169 0.955944 0.090454 
471.864257 0.224558 0.576494 
472.043627 0.396406 0.428713 
473.052362 0.455361 0.923861 
473.155421 0.767357 0.985424 
474.260877 0.332983 0.518458 
476.030889 0.934488 0.349472 
476.743276 0.734544 0.016502 
476.993022 0.417394 0.794866 
478.277359 0.628236 0.337253 
480.709987 0.538822 0.737108 
481.086384 0.272165 0.359532 
481.107653 0.988894 0.860816 
482.294826 0.593267 0.967915 
482.456269 0.581293 0.972187 
482.714307 0.353491 0.786289 
482.893726 0.596189 0.244755 
483.866400 0.036917 0.833312 
484.067085 0.841009 0.100772 
484.688341 0.986254 0.666024 
485.330167 0.384176 0.683421 
486.255706 0.212573 0.685108 
486.953399 0.898553 0.582227 
486.990205 0.935781 0.479132 
487.569416 0.365765 0.668336 
488.825185 0.269023 0.605518 
489.648525 0.517827 0.170750 
490.002780 0.358120 0.644886 
492.121968 0.283186 0.149073 
493.710714 0.805935 0.222280 
493.879946 0.528441 0.765660 
493.923891 0.167697 0.521727 
493.982932 0.508033 0.920567 
495.479681 0.153664 0.229791 
495.623845 0.666079 0.820318 
496.183835 0.194104 0.725939 
497.327980 0.555190 0.223587 
498.003757 0.459225 0.518968 
500.099020 0.396818 0.549221 
501.123898 0.761633 0.811428 
502.556220 0.727705 0.389351 
504.350127 0.601088 0.612332 
505.197168 0.371639 0.798930 
505.378608 0.815872 0.956958 
505.647093 0.522040 0.236925 
506.014308 0.287266 0.025311 
507.087895 0.738566 0.340559 
507.748708 0.961280 0.907629 
509.122589 0.405313 0.697012 
509.822330 0.830622 0.646168 
509.825207 0.723457 0.784126 
510.835908 0.479556 0.276036 
510.944082 0.187345 0.611612 
511.771980 0.005519 0.444612 
512.850799 0.737704 0.910442 
513.298026 0.289758 0.375127 
513.346215 0.224264 0.862742 
514.135398 0.631340 0.448704 
515.125167 0.688415 0.411552 
515.835891 0.029141 0.603752 
517.663992 0.324928 0.930116 
517.753928 0.228718 0.584711 
518.092125 0.718918 0.890166 
519.369995 0.801169 0.034715 
520.444420 0.576693 0.223512 
520.755607 0.826775 0.759039 
521.774954 0.461669 0.153954 
522.189372 0.829606 0.556426 
522.841831 0.468740 0.304124 
525.196171 0.352790 0.877057 
529.635372 0.029502 0.639647 
530.978491 0.242005 0.597548 
531.181818 0.611097 0.564637 
533.650030 0.305445 0.522066 
533.945338 0.513883 0.015386 
534.082894 0.150123 0.478907 
534.882935 0.531064 0.338247 
535.080968 0.531509 0.057856 
536.345700 0.059506 0.563649 
536.683566 0.479762 0.062740 
537.532584 0.331912 0.106326 
541.082924 0.423539 0.903033 
541.817681 0.515183 0.301021 
542.532140 0.039553 0.978212 
542.839765 0.473558 0.085313 
543.092574 0.565960 0.098096 
543.708027 0.939736 0.058853 
544.026853 0.603878 0.969165 
544.748987 0.681693 0.512223 
545.767389 0.075853 0.210127 
546.713113 0.416801 0.578588 
546.784707 0.913921 0.511197 
546.981143 0.907010 0.600620 
548.003962 0.729473 0.557742 
550.030265 0.061777 0.400422 
550.109375 0.511386 0.354804 
550.545347 0.969948 0.320321 
550.808166 0.709984 0.185787 
551.849643 0.409304 0.165913 
555.384056 0.903256 0.154050 
555.493891 0.355334 0.006896 
556.946746 0.368091 0.237477 
557.500001 0.142091 0.386261 
558.120222 0.670613 0.922250 
562.929563 0.668367 0.760434 
563.536082 0.605811 0.945713 
564.495593 0.681833 0.258162 
564.810191 0.491813 0.347168 
567.796794 0.753123 0.690194 
568.333557 0.640635 0.750316 
568.568709 0.331879 0.294122 
570.730461 0.673440 0.129645 
571.340378 0.677293 0.520253 
571.436304 0.655375 0.168432 
571.465811 0.337642 0.576350 
571.481475 0.024572 0.049140 
573.311745 0.676047 0.477615 
574.297926 0.826263 0.780218 
575.580279 0.992422 0.380462 
578.860039 0.992831 0.978931 
579.657337 0.514885 0.042462 
580.064732 0.621407 0.255968 
580.460297 0.665788 0.005544 
580.584697 0.883073 0.613037 
581.348384 0.385966 0.639370 
581.373082 0.229307 0.633671 
581.558647 0.303250 0.264085 
582.501927 0.540982 0.022541 
582.518178 0.264089 0.123948 
582.899899 0.458304 0.398596 
583.865033 0.219244 0.755074 
586.441174 0.771157 0.178660 
588.455011 0.947684 0.273139 
588.549201 0.233697 0.060955 
589.285544 0.207357 0.642497 
589.601916 0.085853 0.130634 
590.461701 0.270349 0.703615 
591.622299 0.653475 0.868933 
593.202482 0.878714 0.258772 
594.349069 0.653501 0.066796 
594.619669 0.947986 0.929457 
597.457205 0.090207 0.816777 
597.892658 0.180705 0.682904 
599.060104 0.556222 0.511745 
601.597642 0.167854 0.704803 
602.336791 0.153395 0.569729 
603.375308 0.262481 0.778507 
605.045515 0.494633 0.073385 
605.318733 0.837647 0.392338 
606.347128 0.155435 0.987915 
606.672275 0.742536 0.354273 
606.738498 0.338418 0.377028 
606.778463 0.267577 0.056297 
607.620142 0.705513 0.145524 
607.749457 0.671248 0.727499 
609.395584 0.409346 0.847327 
610.301447 0.640354 0.217303 
610.997344 0.037690 0.787599 
612.257903 0.767723 0.970142 
612.806508 0.850427 0.732102 
613.114382 0.314907 0.367156 
613.434601 0.011983 0.845935 
614.066427 0.971395 0.462245 
614.931761 0.028479 0.886258 
615.326676 0.540292 0.797480 
618.536696 0.143328 0.525360 
620.796804 0.568053 0.916756 
621.638779 0.779177 0.626561 
622.730585 0.845778 0.413266 
623.423896 0.900435 0.806679 
624.920910 0.581645 0.926407 
626.023302 0.852805 0.217802 
626.110980 0.231280 0.871700 
629.634132 0.534299 0.599078 
631.391535 0.433833 0.291214 
632.984073 0.466477 0.199270 
637.084751 0.382248 0.741146 
637.884909 0.222700 0.480581 
642.423724 0.278471 0.274284 
643.567169 0.445192 0.648609 
644.049175 0.938415 0.248197 
645.939556 0.384395 0.158205 
647.748422 0.159092 0.512783 
648.572253 0.924564 0.038889 
654.032778 0.203620 0.965067 
654.367124 0.035417 0.241781 
654.992792 0.921916 0.776831 
655.834452 0.527537 0.604672 
656.084002 0.412675 0.137719 
656.257403 0.306250 0.092240 
658.288707 0.366972 0.680386 
658.347930 0.966147 0.344114 
660.005188 0.772533 0.481270 
660.401940 0.490990 0.304664 
661.059495 0.481581 0.081178 
661.288740 0.147227 0.651717 
662.114253 0.382264 0.802536 
662.313733 0.347846 0.272662 
663.115790 0.930130 0.446122 
664.234325 0.811088 0.087722 
665.044445 0.879967 0.261914 
666.082468 0.543290 0.677504 
667.485393 0.000741 0.785298 
667.874322 0.159489 0.256260 
669.334143 0.318677 0.962982 
669.545203 0.724448 0.138210 
669.757909 0.064769 0.454628 
671.883210 0.287249 0.486313 
671.987414 0.866826 0.657370 
672.103458 0.304093 0.273803 
672.523346 0.164769 0.450118 
674.677618 0.975317 0.161702 
675.927312 0.606302 0.181452 
676.292195 0.278224 0.432700 
676.392008 0.051784 0.623957 
677.301879 0.545797 0.132077 
677.384365 0.060603 0.746224 
677.735581 0.741925 0.422822 
679.104997 0.307031 0.000549 
679.556470 0.575692 0.075907 
681.577265 0.979108 0.483710 
681.703186 0.529345 0.481640 
681.967745 0.802729 0.671160 
683.377489 0.288008 0.136193 
686.262279 0.476135 0.964585 
688.451832 0.290487 0.535373 
689.116385 0.338546 0.632785 
690.460006 0.960838 0.930465 
692.936048 0.094097 0.992198 
694.195191 0.705658 0.638465 
695.073303 0.318085 0.916443 
698.557490 0.363613 0.149927 
700.574987 0.962480 0.113323 
700.712813 0.774611 0.516893 
701.322123 0.888451 0.432169 
701.869652 0.293620 0.482614 
703.131667 0.215946 0.258773 
704.062512 0.481008 0.743716 
704.455138 0.765471 0.338658 
705.212027 0.803234 0.638328 
705.255076 0.812606 0.670670 
707.716864 0.501147 0.190529 
708.935138 0.725411 0.284004 
709.279814 0.141300 0.287527 
709.450068 0.062651 0.765362 
710.309581 0.266163 0.542807 
711.114310 0.535761 0.279418 
711.860314 0.600217 0.145452 
711.965800 0.292383 0.135712 
713.671772 0.379480 0.039628 
714.280501 0.365164 0.174624 
714.302851 0.767092 0.545309 
715.498474 0.436526 0.609080 
715.633839 0.187955 0.922187 
716.286052 0.670395 0.749403 
716.660287 0.239451 0.668585 
718.518006 0.617927 0.880818 
719.588765 0.514502 0.391056 
724.777585 0.721017 0.018226 
725.238104 0.092395 0.024028 
726.704879 0.713676 0.150224 
728.103817 0.597108 0.722261 
729.956581 0.150371 0.565364 
732.068437 0.276119 0.305221 
732.739615 0.000432 0.634845 
733.659137 0.394889 0.158761 
733.675974 0.927247 0.574335 
736.157748 0.349308 0.008178 
736.365080 0.898205 0.451773 
737.172569 0.216763 0.507814 
738.041257 0.333176 0.796010 
739.780321 0.027010 0.322000 
740.881305 0.127930 0.127717 
742.811526 0.741130 0.415043 
743.528448 0.475329 0.661821 
743.839755 0.203889 0.205387 
744.623640 0.590502 0.682361 
745.543861 0.059892 0.708170 
745.909049 0.483218 0.096941 
745.919335 0.160882 0.288940 
746.841324 0.948007 0.633781 
748.498023 0.436005 0.183049 
753.942714 0.199341 0.743795 
754.137648 0.772577 0.879758 
754.784930 0.473937 0.745263 
755.442629 0.470126 0.349167 
756.646981 0.375367 0.854927 
756.912120 0.527677 0.027633 
757.215199 0.924679 0.097398 
759.036402 0.729068 0.135323 
759.492458 0.710498 0.789005 
760.119853 0.182499 0.517476 
761.366505 0.314883 0.601481 
763.216359 0.417236 0.247838 
763.640084 0.659240 0.855491 
765.206027 0.799888 0.200373 
765.563155 0.244470 0.236069 
766.277621 0.907030 0.560675 
766.312148 0.456398 0.221999 
767.761507 0.287885 0.917536 
767.885071 0.004893 0.559156 
769.969483 0.946975 0.501616 
770.190893 0.633946 0.331596 
771.098441 0.821917 0.739153 
771.104608 0.247938 0.862491 
771.369221 0.001543 0.074613 
773.191890 0.304260 0.533475 
774.129062 0.684214 0.348660 
775.720939 0.684127 0.002612 
775.754709 0.937356 0.575209 
777.712514 0.642110 0.504703 
777.868621 0.070304 0.699172 
779.148852 0.973856 0.171861 
779.215169 0.172966 0.897282 
780.770814 0.060580 0.327719 
782.094752 0.560889 0.892009 
782.591171 0.399751 0.346137 
782.598234 0.097703 0.479751 
783.398750 0.305290 0.729657 
788.728759 0.349200 0.874113 
788.788622 0.915271 0.683856 
790.239042 0.100375 0.044298 
791.230596 0.281753 0.352801 
792.058807 0.553686 0.535948 
793.139913 0.643835 0.248620 
793.388853 0.682784 0.987784 
793.652869 0.726826 0.743972 
795.573778 0.527264 0.044667 
795.679527 0.592061 0.698686 
798.607352 0.471927 0.758239 
799.175752 0.506403 0.141164 
799.626229 0.226713 0.981189 
799.803357 0.657138 0.869348 
800.452028 0.622251 0.566817 
800.876848 0.879241 0.004523 
803.135381 0.093514 0.612276 
803.639962 0.638979 0.130287 
805.618299 0.067606 0.228616 
806.223851 0.593494 0.636264 
807.109887 0.833549 0.579738 
807.481438 0.949861 0.917104 
809.165923 0.250474 0.531254 
809.266307 0.111967 0.697176 
811.361707 0.839499 0.549840 
812.124728 0.479713 0.439636 
812.385778 0.394305 0.911386 
813.165695 0.095434 0.307839 
814.784502 0.620577 0.519133 
815.100138 0.732452 0.126511 
815.134320 0.929568 0.637215 
816.184600 0.649449 0.166094 
817.560034 0.196154 0.707758 
817.817790 0.839742 0.217397 
817.842577 0.956964 0.907957 
820.202529 0.379494 0.980657 
821.940778 0.116508 0.853378 
822.975544 0.000104 0.488206 
824.406682 0.815299 0.480572 
824.937074 0.705153 0.254794 
825.571946 0.106851 0.239025 
826.110815 0.169685 0.608502 
826.490574 0.283233 0.996075 
826.745060 0.265954 0.828219 
828.620695 0.397636 0.302831 
829.861788 0.764138 0.565327 
831.777563 0.170974 0.043157 
832.571069 0.263091 0.691947 
834.129530 0.333549 0.910892 
834.202486 0.558674 0.547457 
836.184007 0.933375 0.923943 
836.790652 0.019945 0.719754 
837.737817 0.614696 0.547369 
837.954738 0.579799 0.039111 
838.241595 0.155126 0.889659 
838.920226 0.760572 0.520079 
839.519710 0.387920 0.441990 
840.105268 0.815310 0.092065 
842.050886 0.820274 0.875751 
844.276389 0.435904 0.795190 
845.769922 0.612510 0.935251 
846.279236 0.937543 0.918114 
846.936653 0.075854 0.300381 
847.357225 0.961757 0.150780 
848.041911 0.566468 0.964781 
848.130807 0.386031 0.698858 
848.717059 0.201730 0.180105 
849.244209 0.640424 0.462100 
852.296491 0.207870 0.504537 
852.833466 0.980304 0.470028 
854.475610 0.304697 0.265902 
857.106307 0.827175 0.301655 
857.603118 0.675684 0.865530 
858.003887 0.602906 0.924758 
858.063693 0.925511 0.541395 
859.043148 0.759897 0.467494 
859.159076 0.101242 0.952760 
859.798338 0.571255 0.587529 
860.037462 0.234990 0.465098 
860.042538 0.951803 0.663948 
861.161466 0.362379 0.947216 
862.363874 0.710591 0.762806 
863.777346 0.639332 0.715073 
864.136641 0.325541 0.202856 
864.347934 0.059788 0.640306 
865.008098 0.588644 0.970117 
865.618791 0.259907 0.562197 
870.911198 0.677528 0.724319 
872.928118 0.205227 0.706839 
873.830745 0.632708 0.898173 
874.676477 0.293200 0.137189 
875.252831 0.292203 0.609295 
877.296807 0.110192 0.813362 
877.602162 0.297421 0.761762 
877.606884 0.742836 0.198125 
880.101319 0.249050 0.516135 
880.869780 0.264825 0.433281 
881.048015 0.913029 0.849195 
881.392089 0.422090 0.455534 
881.947033 0.685181 0.143959 
881.971264 0.929461 0.097652 
882.611123 0.013042 0.832392 
882.983870 0.630025 0.635105 
885.046225 0.172225 0.206119 
886.175032 0.396915 0.049618 
886.332892 0.036582 0.199239 
886.491133 0.637227 0.982782 
886.676917 0.607233 0.775709 
887.215485 0.675025 0.701138 
887.633591 0.215898 0.881858 
889.154437 0.846674 0.143764 
890.978274 0.588421 0.542141 
892.556342 0.734725 0.092188 
893.814180 0.777855 0.728184 
894.159361 0.742578 0.832466 
895.092977 0.049952 0.154178 
895.615866 0.802427 0.895840 
897.479478 0.550506 0.071646 
898.545159 0.611840 0.643828 
899.558990 0.714304 0.085553 
900.901544 0.947258 0.825851 
903.329141 0.301378 0.557739 
903.943029 0.952889 0.920127 
903.997713 0.384060 0.251567 
904.096298 0.768010 0.288397 
906.722613 0.418182 0.693896 
907.397273 0.001490 0.873773 
907.813304 0.730859 0.236699 
907.903231 0.933177 0.563618 
908.437383 0.645591 0.420844 
911.146323 0.338662 0.519340 
911.814276 0.353293 0.014589 
914.059106 0.934963 0.831538 
914.726743 0.609520 0.037479 
915.947552 0.503897 0.655344 
916.087641 0.657058 0.840130 
917.071467 0.716833 0.285022 
917.445795 0.419259 0.387896 
917.449276 0.226161 0.134594 
917.575344 0.609305 0.105179 
918.046882 0.053688 0.818275 
918.659092 0.110999 0.451122 
919.055811 0.358767 0.346635 
919.777277 0.761661 0.434873 
921.374680 0.902875 0.747334 
922.174811 0.653583 0.339882 
922.230290 0.715257 0.552964 
924.753885 0.008864 0.663829 
926.941100 0.322700 0.670616 
928.049861 0.933040 0.500973 
928.822207 0.888976 0.597420 
928.859407 0.061485 0.607642 
932.472325 0.573610 0.062883 
933.523690 0.037849 0.967514 
934.149491 0.859969 0.128756 
935.178261 0.052479 0.586651 
935.586320 0.795741 0.258140 
935.591799 0.828762 0.596261 
938.335816 0.339954 0.958798 
938.479552 0.401022 0.023495 
938.708519 0.941144 0.522999 
939.531819 0.531464 0.216969 
941.136685 0.021836 0.084053 
941.180341 0.299609 0.210955 
941.521229 0.398283 0.752208 
941.763974 0.608657 0.532394 
941.840486 0.511126 0.068575 
943.602020 0.004043 0.103832 
945.584923 0.895415 0.856870 
948.327993 0.368564 0.800810 
948.648296 0.702872 0.051555 
949.105253 0.726547 0.434303 
950.290037 0.785354 0.492755 
952.010466 0.678512 0.854343 
953.174401 0.004654 0.328808 
954.442018 0.514982 0.256393 
954.563163 0.878308 0.974304 
954.995604 0.328449 0.990698 
955.436078 0.817537 0.261707 
957.815411 0.215363 0.868549 
958.643664 0.916657 0.150474 
960.521838 0.524589 0.378807 
960.654462 0.830049 0.431409 
962.134598 0.922793 0.109015 
963.271680 0.408222 0.277899 
963.811292 0.874856 0.165928 
965.375705 0.576186 0.287047 
966.155348 0.810225 0.552728 
966.219013 0.859448 0.506733 
967.538129 0.316686 0.502730 
967.930909 0.279130 0.397787 
970.058387 0.964162 0.278638 
971.269349 0.638857 0.644542 
971.399703 0.604593 0.189923 
972.640992 0.765740 0.125396 
974.590726 0.774388 0.214251 
976.837657 0.111497 0.974711 
976.981169 0.987217 0.094066 
977.070615 0.750561 0.784795 
977.298106 0.682241 0.470009 
977.488190 0.755569 0.568242 
977.906756 0.334306 0.167176 
979.745661 0.867076 0.596257 
980.864241 0.047830 0.917418 
982.322429 0.418426 0.024594 
983.299975 0.673037 0.876986 
983.979566 0.358577 0.225812 
985.007607 0.461381 0.005867 
986.889721 0.512944 0.530140 
991.209863 0.179955 0.848565 
991.874336 0.169226 0.583893 
992.624942 0.521079 0.980455 
993.297281 0.442024 0.517283 
993.880986 0.516254 0.979153 
996.334788 0.814930 0.338238 
1000.603138 0.219995 0.025516 
1000.810184 0.232103 0.349432 
1001.172709 0.391749 0.269926 
1001.825297 0.513909 0.695549 
1006.931287 0.352464 0.331889 
1008.723581 0.798302 0.397744 
1010.296160 0.609608 0.885027 
1010.309729 0.142281 0.856439 
1010.589608 0.273575 0.522317 
1011.481612 0.495389 0.997109 
1011.749935 0.726841 0.766308 
1012.083450 0.731918 0.003194 
1012.266082 0.459359 0.154290 
1013.785085 0.790762 0.238887 
1013.834471 0.890863 0.369759 
1014.006707 0.965416 0.442306 
1016.000985 0.696142 0.403502 
1016.783232 0.634404 0.805760 
1017.290201 0.227805 0.392899 
1019.076885 0.773415 0.677461 
1021.010111 0.792749 0.167147 
1021.757144 0.490013 0.994200 
1023.254206 0.683895 0.200840 
1023.925868 0.316382 0.230096 
1024.163888 0.031683 0.429485 
1024.239460 0.180702 0.469888 
1025.354119 0.094743 0.114577 
1026.547859 0.281692 0.296266 
1027.102663 0.799328 0.910833 
1027.833022 0.277072 0.464854 
1027.973355 0.564378 0.656420 
1029.161190 0.934770 0.484098 
1031.141086 0.231844 0.666869 
1033.428511 0.834985 0.087360 
1034.963501 0.480219 0.685809 
1035.491036 0.864132 0.325135 
1035.671009 0.878914 0.746323 
1036.409702 0.475992 0.475842 
1040.060438 0.220422 0.074443 
1043.164009 0.707806 0.076654 
1044.761059 0.660677 0.672033 
1045.482426 0.454993 0.696184 
1045.851123 0.059576 0.356097 
1046.399161 0.933464 0.035820 
1047.967849 0.284656 0.062631 
1050.106773 0.337681 0.996869 
1050.108188 0.319595 0.784316 
1051.206057 0.513016 0.110522 
1052.296583 0.370705 0.028878 
1052.880437 0.820287 0.213751 
1053.168875 0.717101 0.754197 
1054.771715 0.717898 0.670367 
1055.539830 0.503749 0.326405 
1055.611171 0.417620 0.637482 
1057.698866 0.506741 0.097773 
1058.699247 0.713630 0.154799 
1058.796046 0.028557 0.566992 
1059.230073 0.982599 0.962874 
1061.914162 0.677146 0.609084 
1062.159078 0.659219 0.478800 
1063.226717 0.730645 0.733695 
1063.232989 0.576026 0.631584 
1063.247637 0.001310 0.640486 
1063.947352 0.351852 0.962659 
1064.029646 0.098724 0.923271 
1064.926029 0.169362 0.883368 
1066.305154 0.719897 0.610771 
1066.530711 0.003851 0.812084 
1067.589537 0.643061 0.552164 
1070.688482 0.755883 0.810130 
1071.166026 0.377474 0.511517 
1074.919176 0.317734 0.209689 
1078.107441 0.144996 0.356753 
1079.559107 0.135046 0.585453 
1080.144029 0.093983 0.359495 
1081.232652 0.701376 0.839863 
1081.831764 0.200473 0.870970 
1083.480057 0.356100 0.885638 
1083.826374 0.953177 0.361630 
1084.570561 0.442873 0.300915 
1084.844957 0.228022 0.033527 
1084.864420 0.093932 0.740334 
1085.262392 0.588565 0.442941 
1086.473209 0.408581 0.455181 
1089.742261 0.296378 0.264608 
1091.500641 0.254637 0.161489 
1092.084405 0.277169 0.182152 
1092.414785 0.474038 0.869450 
1092.669046 0.810160 0.202045 
1093.388049 0.334541 0.222154 
1096.266217 0.535994 0.459456 
1096.935869 0.419096 0.284097 
1098.113969 0.840075 0.490427 
1098.253356 0.463383 0.847426 
1098.494889 0.820799 0.816583 
1099.694312 0.839709 0.549206 
1101.847284 0.385056 0.840207 
1102.171817 0.883021 0.570257 
1103.587041 0.598586 0.909177 
1103.856027 0.108888 0.978644 
1104.539685 0.272074 0.364556 
1104.843372 0.442812 0.920627 
1104.957136 0.779952 0.472326 
1107.200317 0.202584 0.785871 
1107.803517 0.578819 0.254331 
1107.807905 0.261912 0.128047 
1108.103441 0.102524 0.268313 
1108.741110 0.973790 0.777791 
1109.054598 0.251016 0.220075 
1111.649538 0.489485 0.461345 
1111.989176 0.276764 0.745679 
1115.715298 0.629469 0.493031 
1116.161045 0.247179 0.196694 
1117.836219 0.739636 0.587890 
1118.109899 0.418173 0.804094 
1118.275428 0.632910 0.561669 
1119.235791 0.471838 0.204683 
1124.420369 0.739060 0.541599 
1124.643435 0.704251 0.597473 
1124.950267 0.945079 0.403320 
1125.280655 0.017822 0.505267 
1125.888403 0.968830 0.625968 
1126.096929 0.878294 0.758971 
1126.252372 0.475850 0.820345 
1127.431403 0.237308 0.594374 
1128.086748 0.133628 0.770265 
1131.966546 0.484091 0.865005 
1133.146094 0.179027 0.233212 
1134.383357 0.993829 0.314650 
1134.692799 0.142452 0.493919 
1134.980985 0.591655 0.182162 
1135.261726 0.168552 0.903495 
1135.397114 0.644502 0.422370 
1136.812784 0.926886 0.408657 
1137.312549 0.968767 0.375236 
1137.945682 0.707506 0.442638 
1139.063603 0.837501 0.175607 
1139.355215 0.933774 0.058006 
1141.617577 0.496076 0.785508 
1141.810689 0.061016 0.827713 
1143.522937 0.567656 0.653219 
1145.045943 0.554282 0.630255 
1146.403247 0.630225 0.619840 
1146.445351 0.729204 0.710056 
1149.471285 0.518103 0.837806 
1149.740809 0.606973 0.288526 
1151.557586 0.904981 0.160229 
1151.858772 0.593734 0.903685 
1151.927219 0.050606 0.842140 
1152.644882 0.138607 0.098002 
1153.591977 0.237733 0.068245 
1155.750673 0.950075 0.251917 
1157.987911 0.724113 0.433636 
1158.379961 0.976664 0.567066 
1158.907464 0.503226 0.710702 
1160.970033 0.990844 0.158984 
1162.017386 0.855222 0.229066 
1162.740736 0.272099 0.247231 
1162.778609 0.934573 0.297230 
1163.322201 0.411838 0.233464 
1163.371734 0.355696 0.471977 
1164.495531 0.301879 0.915337 
1164.598238 0.203154 0.664389 
1164.699871 0.631075 0.141992 
1165.804925 0.069313 0.163492 
1166.157120 0.234894 0.289863 
1166.341212 0.662098 0.635081 
1167.149637 0.669405 0.299008 
1167.166938 0.729373 0.464919 
1168.672042 0.880330 0.525835 
1168.868395 0.973441 0.934498 
1168.995819 0.866447 0.732577 
1169.415382 0.350905 0.871746 
1171.325241 0.669089 0.534343 
1171.515221 0.218068 0.084672 
1172.549361 0.954588 0.830627 
1172.694581 0.854202 0.149730 
1172.942515 0.618844 0.131874 
1175.446534 0.599549 0.220202 
1179.532696 0.214506 0.802454 
1180.335466 0.068668 0.355330 
1180.415897 0.833701 0.674011 
1181.588908 0.957940 0.741085 
1181.803176 0.106163 0.264053 
1182.399438 0.711579 0.819160 
1183.851461 0.783904 0.179473 
1183.937636 0.693922 0.860391 
1184.979418 0.870137 0.253872 
1185.216880 0.348588 0.454894 
1186.619336 0.552666 0.255262 
1187.946423 0.701562 0.051304 
1190.379161 0.065290 0.789914 
1190.413375 0.568111 0.221163 
1190.428968 0.340319 0.486286 
1190.725299 0.837738 0.170641 
1192.253274 0.495725 0.008171 
1192.668140 0.488273 0.120787 
1193.430803 0.116773 0.314259 
1193.538424 0.186434 0.412495 
1193.541193 0.238877 0.595505 
1193.623699 0.686706 0.979706 
1194.149261 0.745789 0.276221 
1195.337982 0.857954 0.410283 
1196.621463 0.185744 0.813715 
1197.270729 0.833600 0.011034 
1198.310912 0.437459 0.095633 
1198.915902 0.800683 0.195167 
1199.789068 0.255131 0.802144 
1200.985047 0.493117 0.189222 
1201.054959 0.340872 0.841893 
1201.157207 0.147646 0.682762 
1201.586055 0.411983 0.629227 
1203.373315 0.053953 0.525257 
1204.102800 0.992651 0.374973 
1204.628445 0.338121 0.117754 
1207.004628 0.507585 0.066784 
1208.228404 0.135203 0.933890 
1209.577426 0.941656 0.012297 
1211.676403 0.512867 0.307135 
1213.567499 0.440914 0.471206 
1214.623793 0.191909 0.801786 
1215.361132 0.755499 0.502144 
1215.564056 0.701239 0.792979 
1215.673224 0.004443 0.588760 
1217.200004 0.521715 0.370486 
1218.731553 0.532325 0.196629 
1219.154656 0.056522 0.840797 
1220.247673 0.026113 0.209786 
1220.288263 0.556741 0.155976 
1221.317211 0.656263 0.849178 
1221.374652 0.496957 0.752123 
1222.191647 0.491224 0.364658 
1222.927932 0.896519 0.713623 
1223.223949 0.620364 0.375172 
1223.950190 0.751675 0.437245 
1224.725153 0.503235 0.685677 
1228.250718 0.821769 0.425635 
1228.894100 0.445972 0.320483 
1231.776083 0.909987 0.615968 
1232.075587 0.656413 0.460264 
1232.113008 0.948746 0.538823 
1232.294720 0.280408 0.355271 
1233.587761 0.415760 0.528258 
1234.206293 0.139191 0.960093 
1234.541493 0.116800 0.813355 
1240.134970 0.457560 0.911227 
1240.475689 0.376284 0.509207 
1241.168703 0.372376 0.879261 
1242.418335 0.103787 0.609711 
1243.781877 0.939842 0.394272 
1247.620432 0.700276 0.983435 
1249.043653 0.029056 0.882897 
1250.022180 0.196678 0.670528 
1250.613724 0.313065 0.553772 
1251.602741 0.441172 0.984386 
1252.887669 0.756894 0.609221 
1254.379767 0.436352 0.142578 
1254.501445 0.074784 0.016840 
1255.999980 0.945138 0.994494 
1256.890464 0.602979 0.055841 
1258.660529 0.146830 0.488183 
1260.013109 0.021780 0.103409 
1260.421547 0.172192 0.081692 
1261.773148 0.470340 0.801100 
1264.485819 0.916318 0.285405 
1267.072815 0.608754 0.181894 
1269.694802 0.436435 0.425239 
1271.124908 0.765650 0.926464 
1273.319883 0.979116 0.945693 
1274.107243 0.624916 0.229845 
1274.532261 0.503849 0.758512 
1274.636712 0.868836 0.220610 
1274.659488 0.821310 0.330261 
1278.814597 0.749118 0.118070 
1279.133056 0.832396 0.448556 
1279.812673 0.468584 0.979059 
1280.303334 0.400957 0.947377 
1280.969037 0.053958 0.478391 
1281.481977 0.367385 0.327875 
1283.708128 0.749223 0.159298 
1284.045759 0.318713 0.525164 
1284.537198 0.131700 0.879353 
1284.735710 0.188657 0.441806 
1285.085593 0.423278 0.018159 
1286.553817 0.787585 0.377607 
1286.947051 0.937229 0.387718 
1287.336704 0.114868 0.179739 
1287.637618 0.134489 0.347487 
1288.639500 0.237444 0.647936 
1288.985666 0.965434 0.256699 
1289.048856 0.038590 0.610178 
1291.773244 0.661623 0.730369 
1292.330105 0.958744 0.666054 
1294.590218 0.590457 0.147599 
1295.045137 0.267670 0.668240 
1295.417806 0.340127 0.137148 
1297.971959 0.544534 0.174053 
1298.556746 0.040481 0.639231 
1298.905601 0.398155 0.773396 
1301.356694 0.450101 0.638974 
1302.033364 0.270674 0.813181 
1302.461646 0.215008 0.075362 
1304.764846 0.734461 0.023718 
1306.163614 0.843232 0.027746 
1306.979142 0.820821 0.452164 
1307.195645 0.286716 0.718121 
1307.237097 0.597464 0.476736 
1308.905854 0.092289 0.494478 
1311.095157 0.604295 0.732445 
1311.477187 0.607100 0.215046 
1311.668793 0.194301 0.733730 
1312.696271 0.605649 0.690163 
1313.702225 0.611206 0.167502 
1314.162988 0.093769 0.924828 
1315.584363 0.510717 0.533863 
1315.924135 0.335310 0.207474 
1316.335777 0.639485 0.538313 
1319.248358 0.441457 0.070073 
1323.813767 0.555178 0.257425 
1324.085564 0.438637 0.934245 
1324.935538 0.857448 0.278614 
1325.987638 0.970766 0.813664 
1326.582820 0.504234 0.878818 
1326.921223 0.608864 0.487761 
1327.567516 0.573410 0.913423 
1327.748783 0.638511 0.921809 
1328.900679 0.221453 0.959279 
1330.771002 0.699230 0.825525 
1331.046272 0.881744 0.958940 
1331.836570 0.617652 0.094744 
1333.709699 0.158458 0.372048 
1333.753864 0.835141 0.375838 
1335.792578 0.813130 0.553589 
1335.948431 0.008615 0.336209 
1336.873823 0.538268 0.420269 
1339.060550 0.167055 0.849670 
1340.399089 0.838190 0.411772 
1341.025742 0.477498 0.733691 
1342.431665 0.260583 0.119265 
1343.168466 0.245288 0.439983 
1344.100884 0.252683 0.922975 
1344.367628 0.012514 0.326235 
1344.902402 0.731279 0.236844 
1345.367315 0.210140 0.290380 
1345.470113 0.183158 0.378904 
1347.019526 0.185942 0.573143 
1347.222472 0.084292 0.602063 
1350.147731 0.211376 0.386976 
1350.623953 0.105629 0.764496 
1352.284142 0.872428 0.166985 
1353.282970 0.488725 0.931015 
1353.754208 0.976450 0.555892 
1354.046145 0.644027 0.085681 
1354.219298 0.539456 0.696180 
1356.638736 0.097470 0.964414 
1360.696345 0.885013 0.925707 
1361.759357 0.681122 0.346247 
1362.358839 0.925113 0.257397 
1362.385068 0.223660 0.560417 
1363.383374 0.630375 0.548366 
1366.807914 0.116433 0.979448 
1367.946596 0.107075 0.745367 
1368.163024 0.421617 0.001091 
1368.398126 0.910452 0.164777 
1368.398206 0.318061 0.239104 
1368.931313 0.752484 0.697867 
1369.841920 0.559510 0.413377 
1372.436841 0.338334 0.843454 
1373.215480 0.976914 0.682066 
1374.189974 0.106139 0.067193 
1375.246366 0.011300 0.227081 
1376.599240 0.613077 0.256641 
1379.013647 0.758029 0.622874 
1379.046636 0.981793 0.691756 
1379.153526 0.178791 0.959971 
1380.402459 0.715892 0.250391 
1381.196252 0.566120 0.875105 
1381.528898 0.009063 0.067964 
1381.809170 0.384867 0.613281 
1382.680283 0.461250 0.356370 
1384.063783 0.596975 0.910731 
1384.927005 0.003086 0.373910 
1386.497809 0.394507 0.993770 
1387.103479 0.706390 0.014818 
1387.861591 0.849088 0.308472 
1387.924560 0.754792 0.386152 
1391.171716 0.337229 0.809188 
1391.869393 0.847128 0.732941 
1392.314331 0.591803 0.142167 
1392.785462 0.854605 0.111801 
1392.992493 0.474339 0.524066 
1393.414007 0.540084 0.423449 
1393.445540 0.249980 0.224817 
1394.104741 0.249390 0.904668 
1394.122001 0.124665 0.075098 
1397.933157 0.366465 0.215034 
1398.186182 0.902850 0.394240 
1399.072805 0.571326 0.350531 
1401.598839 0.832972 0.529948 
1402.152219 0.888510 0.590795 
1403.216219 0.505164 0.125568 
1406.564004 0.680470 0.496266 
1407.236833 0.857474 0.354315 
1407.634912 0.236858 0.459158 
1408.523175 0.246515 0.068430 
1408.766444 0.905609 0.073204 
1409.135317 0.550336 0.840083 
1409.975455 0.927246 0.206047 
1412.298944 0.756309 0.038859 
1412.618206 0.262980 0.775443 
1412.763421 0.910039 0.808713 
1416.108645 0.874833 0.560751 
1416.745626 0.880664 0.621339 
1416.770323 0.102165 0.492956 
1418.038809 0.680738 0.519821 
1418.661017 0.882591 0.308396 
1419.661652 0.993645 0.023017 
1419.975443 0.817326 0.283978 
1421.252785 0.859602 0.289196 
1422.115496 0.465073 0.693908 
1423.446640 0.715118 0.071984 
1424.482005 0.283718 0.736226 
1427.380633 0.860094 0.327126 
1427.396530 0.158107 0.096092 
1428.776298 0.205696 0.280195 
1429.649694 0.198816 0.816275 
1430.442730 0.110139 0.609021 
1431.372610 0.773921 0.069833 
1437.534883 0.035963 0.594929 
1438.803087 0.643411 0.118402 
1441.083243 0.392458 0.673589 
1442.094566 0.440728 0.694376 
1442.520524 0.740515 0.576027 
1443.393611 0.767971 0.026229 
1444.582608 0.825350 0.324780 
1445.739494 0.451468 0.045824 
1447.074781 0.977466 0.564192 
1447.217791 0.183729 0.240598 
1449.004876 0.163523 0.204357 
1449.917998 0.008004 0.261986 
1450.465451 0.787538 0.255018 
1450.655471 0.013560 0.498813 
1450.929745 0.673452 0.883800 
1451.516849 0.538934 0.895881 
1453.331380 0.333893 0.790364 
1453.908876 0.028791 0.756350 
1454.932692 0.360970 0.361772 
1455.481865 0.988619 0.534559 
1456.035461 0.252139 0.135320 
1456.350437 0.892889 0.923682 
1456.445596 0.805550 0.060281 
1456.841773 0.723050 0.649493 
1460.126579 0.702358 0.309182 
1460.419999 0.899603 0.571170 
1460.514012 0.969327 0.906455 
1460.733857 0.738852 0.133124 
1460.967908 0.446983 0.440100 
1461.432986 0.986534 0.633457 
1461.566747 0.116942 0.424985 
1464.920981 0.591680 0.670985 
1467.343727 0.855818 0.179956 
1468.278714 0.909733 0.265224 
1469.075216 0.601333 0.668657 
1469.246346 0.106808 0.153932 
1469.308993 0.986255 0.256228 
1474.698783 0.758602 0.546520 
1475.312885 0.619760 0.209689 
1476.684558 0.530685 0.724877 
1481.306116 0.337320 0.006789 
1485.064886 0.530257 0.398670 
1485.354334 0.354561 0.900374 
1485.536455 0.809950 0.427033 
1486.709016 0.961768 0.347633 
1487.461921 0.368386 0.224190 
1487.711167 0.985519 0.062462 
1488.171868 0.620902 0.708018 
1490.942613 0.676358 0.531630 
1491.446950 0.770187 0.843454 
1492.078458 0.104191 0.257753 
1492.349432 0.850362 0.334946 
1493.607929 0.448509 0.198980 
1493.740159 0.673431 0.809751 
1494.819405 0.566645 0.386290 
1495.088044 0.308750 0.727966 
1495.916248 0.118607 0.391771 
1496.349089 0.336435 0.590384 
1497.134322 0.040676 0.106940 
1497.262397 0.091485 0.995223 
1497.762447 0.122573 0.092359 
1498.315730 0.247595 0.989383 
1498.794175 0.713239 0.123126 
1499.206048 0.471062 0.174804 
1499.226667 0.711844 0.485487 
1499.536572 0.944129 0.572725 
1501.032138 0.781476 0.416728 
1501.480052 0.613738 0.519330 
1502.922325 0.470186 0.180415 
1505.093895 0.061269 0.223765 
1505.283437 0.475883 0.894169 
1506.433276 0.376665 0.317100 
1508.655913 0.935765 0.672164 
1509.231562 0.238965 0.993938 
1509.924091 0.212830 0.141920 
1510.303436 0.381259 0.557250 
1511.664667 0.726590 0.867192 
1512.664387 0.711536 0.293121 
1513.487994 0.998151 0.020655 
1515.696104 0.583724 0.866974 
1516.333665 0.841931 0.331011 
1516.390139 0.321024 0.996418 
1516.570739 0.084124 0.950291 
1517.871225 0.478197 0.779956 
1519.647826 0.366649 0.241606 
1522.852268 0.164194 0.353252 
1524.830819 0.221957 0.398571 
1525.101967 0.358238 0.591388 
1525.501976 0.807440 0.182136 
1525.507718 0.778329 0.264051 
1527.173796 0.780056 0.835322 
1529.987072 0.763948 0.350054 
1530.184544 0.083176 0.505867 
1530.485251 0.877124 0.191114 
1531.922114 0.164965 0.820102 
1532.880207 0.851339 0.702425 
1534.946620 0.352562 0.086039 
1535.637911 0.642403 0.780471 
1536.276117 0.932806 0.769754 
1536.408462 0.873707 0.950816 
1544.196761 0.292290 0.929357 
1544.761619 0.252236 0.205864 
1544.889647 0.080290 0.170803 
1545.501402 0.091407 0.392777 
1548.615978 0.686525 0.190850 
1551.965822 0.946643 0.247204 
1552.216546 0.900555 0.248599 
1552.726689 0.105824 0.445305 
1553.664293 0.716864 0.304218 
1555.585634 0.770337 0.574415 
1555.984916 0.485087 0.578695 
1556.260071 0.333898 0.313538 
1557.937054 0.139234 0.098704 
1558.139671 0.125289 0.900286 
1559.496276 0.700343 0.606656 
1559.718894 0.461717 0.185316 
1560.246046 0.629169 0.560592 
1561.512354 0.045332 0.449973 
1561.530028 0.736998 0.544099 
1562.554722 0.786019 0.608151 
1563.170238 0.355774 0.083522 
1564.235289 0.255683 0.087508 
1565.476650 0.795931 0.246921 
1566.297424 0.129215 0.442045 
1569.588757 0.263998 0.395681 
1571.509265 0.284146 0.967601 
1571.996613 0.020311 0.103741 
1572.848066 0.072281 0.774597 
1572.940180 0.591667 0.534156 
1573.253774 0.701599 0.136317 
1577.102179 0.599192 0.420221 
1577.300540 0.298375 0.713421 
1578.176933 0.865031 0.970864 
1579.247542 0.613001 0.921071 
1581.650273 0.333884 0.783287 
1582.259521 0.307687 0.926620 
1583.026837 0.995455 0.286360 
1584.576385 0.049471 0.538772 
1586.552787 0.545490 0.765196 
1586.825817 0.569168 0.923350 
1588.783040 0.320206 0.027623 
1588.931854 0.191282 0.297206 
1590.715927 0.160923 0.218925 
1591.515572 0.574358 0.805782 
1592.392573 0.884020 0.925966 
1593.878640 0.549677 0.019672 
1594.191541 0.988103 0.827663 
1594.764438 0.028515 0.615465 
1595.170737 0.149771 0.295668 
1595.918690 0.316986 0.874043 
1596.478115 0.403039 0.389419 
1596.650301 0.914891 0.464086 
1597.273459 0.620923 0.196279 
1599.451766 0.176814 0.491575 
1599.609456 0.115924 0.773148 
1599.776456 0.037651 0.709115 
1601.092850 0.887481 0.366936 
1603.937294 0.296763 0.514956 
1605.611952 0.028520 0.223605 
1606.205504 0.371963 0.611473 
1607.541340 0.398839 0.495711 
1607.591393 0.015110 0.048767 
1610.066526 0.067093 0.729176 
1610.488334 0.592935 0.988443 
1610.549718 0.935358 0.462405 
1614.963658 0.541440 0.687721 
1616.818191 0.242794 0.564340 
1616.860955 0.714891 0.980178 
1617.400142 0.320598 0.929007 
1617.696192 0.066631 0.393486 
1619.090243 0.478017 0.610779 
1619.160967 0.655251 0.431749 
1619.936051 0.490248 0.486012 
1620.050385 0.933507 0.158166 
1620.698384 0.101338 0.925524 
1621.792134 0.974019 0.504442 
1622.506251 0.499131 0.827558 
1624.230507 0.168723 0.244746 
1625.453369 0.795448 0.678519 
1626.876679 0.809883 0.739808 
1627.024199 0.149027 0.972877 
1628.256236 0.030926 0.521127 
1630.186598 0.339513 0.792263 
1630.232953 0.042349 0.937151 
1632.318381 0.124516 0.673860 
1634.622558 0.309983 0.015271 
1636.292269 0.955609 0.561398 
1638.182616 0.267994 0.499778 
1638.386508 0.306072 0.586914 
1639.016493 0.073458 0.603280 
1639.570268 0.533663 0.957225 
1640.143871 0.832182 0.489951 
1640.232918 0.899323 0.638056 
1642.913106 0.580611 0.500572 
1643.079579 0.669308 0.519971 
1643.224993 0.877228 0.019619 
1643.421082 0.800332 0.283379 
1646.229267 0.041619 0.632397 
1646.615562 0.047173 0.431517 
1646.930764 0.593914 0.100234 
1647.242575 0.529995 0.291903 
1647.487457 0.550897 0.859464 
1648.036974 0.567397 0.535503 
1654.357183 0.509843 0.985181 
1658.151282 0.343076 0.963611 
1658.529870 0.297219 0.142935 
1661.480145 0.721816 0.733850 
1662.569407 0.361126 0.262094 
1665.926802 0.533511 0.623479 
1667.133957 0.554186 0.580753 
1667.449822 0.588526 0.336061 
1668.571593 0.538889 0.358970 
1669.296972 0.397381 0.467934 
1670.278986 0.132131 0.195150 
1670.699273 0.863325 0.307174 
1672.794747 0.325925 0.257497 
1674.442616 0.443196 0.228092 
1675.805960 0.782942 0.896778 
1676.127822 0.673833 0.685770 
1676.933884 0.529127 0.405703 
1677.846360 0.109438 0.695779 
1678.734306 0.756824 0.215067 
1679.654903 0.287247 0.381640 
1680.358669 0.751050 0.626910 
1681.023538 0.329474 0.670843 
1682.036297 0.127272 0.780075 
1683.048504 0.559304 0.499441 
1684.325537 0.587252 0.570461 
1684.712878 0.336610 0.237363 
1685.480245 0.775788 0.906078 
1689.004129 0.234091 0.819689 
1689.831290 0.411283 0.637537 
1689.886581 0.848107 0.736080 
1691.270032 0.022712 0.215374 
1691.976374 0.049425 0.000580 
1692.338103 0.769708 0.183985 
1694.187467 0.649211 0.854068 
1697.406561 0.143591 0.213901 
1697.716608 0.666946 0.059999 
1697.824428 0.154411 0.822000 
1698.735256 0.153580 0.119482 
1700.762486 0.283163 0.183457 
1702.423159 0.973251 0.313357 
1702.441888 0.570574 0.286523 
1704.037949 0.753073 0.088528 
1705.363695 0.118480 0.534666 
1706.459635 0.344464 0.749586 
1706.511533 0.617470 0.262711 
1707.420655 0.575189 0.997151 
1707.918429 0.588671 0.727159 
1710.029966 0.713689 0.211803 
1710.654009 0.981385 0.694051 
1712.448967 0.628687 0.426575 
1712.894883 0.711640 0.945890 
1713.942512 0.292388 0.308088 
1715.461852 0.571715 0.208920 
1715.546490 0.044796 0.375366 
1715.997378 0.592779 0.902141 
1716.097801 0.756238 0.797267 
1717.112192 0.231597 0.532586 
1717.570964 0.610609 0.720919 
1718.854222 0.536113 0.855766 
1719.003400 0.933140 0.943983 
1719.628316 0.155847 0.969412 
1719.733346 0.850063 0.208829 
1720.296491 0.117581 0.879141 
1720.679488 0.218546 0.693624 
1721.566551 0.409517 0.120667 
1721.829066 0.655305 0.224705 
1724.911229 0.572109 0.374942 
1724.981874 0.046375 0.450878 
1726.000683 0.239191 0.820103 
1727.286295 0.619878 0.790450 
1727.686114 0.483614 0.139379 
1727.960848 0.072126 0.865865 
1728.874015 0.274283 0.461477 
1731.979910 0.667954 0.260477 
1732.071695 0.291110 0.838338 
1732.945909 0.361451 0.643726 
1733.257802 0.514125 0.933135 
1733.543580 0.881188 0.367609 
1734.650845 0.626349 0.017690 
1734.843084 0.261669 0.128308 
1735.169867 0.171193 0.154425 
1735.265996 0.882534 0.041556 
1737.614352 0.448214 0.477832 
1741.429444 0.662159 0.808816 
1742.314917 0.911897 0.723507 
1743.302603 0.170979 0.796650 
1743.671200 0.316635 0.955160 
1744.651750 0.249338 0.605394 
1745.660813 0.736528 0.528453 
1745.808328 0.707198 0.535607 
1745.935848 0.376684 0.296241 
1749.383083 0.038891 0.087163 
1753.399259 0.438367 0.943576 
1754.499795 0.613678 0.959368 
1754.949116 0.307787 0.943113 
1757.405054 0.529668 0.388515 
1757.737661 0.017366 0.636455 
1758.425736 0.686777 0.390358 
1760.985656 0.151570 0.001415 
1761.623489 0.749262 0.736208 
1762.411204 0.607109 0.239279 
1768.166548 0.323256 0.209574 
1769.738235 0.691605 0.290118 
1769.924752 0.904455 0.447528 
1770.209332 0.635549 0.756575 
1773.828891 0.400160 0.546633 
1773.839142 0.529120 0.925451 
1776.022752 0.797231 0.069854 
1778.057442 0.244042 0.845464 
1778.292587 0.372806 0.596467 
1778.493241 0.368052 0.084382 
1778.586174 0.070438 0.632030 
1779.508841 0.654459 0.832735 
1779.646936 0.137910 0.595975 
1780.824749 0.920749 0.462333 
1780.887755 0.563705 0.559871 
1781.593954 0.646607 0.756785 
1787.385558 0.533806 0.414163 
1790.074964 0.714129 0.543070 
1790.431498 0.067332 0.095875 
1792.857033 0.250927 0.190930 
1796.146947 0.734814 0.110959 
1796.417728 0.309086 0.896774 
1796.598450 0.106298 0.216612 
1797.773737 0.633937 0.206538 
1798.971367 0.555084 0.912897 
1799.188950 0.815338 0.613254 
1799.659307 0.731270 0.690588 
1799.731309 0.273347 0.673614 
1800.257993 0.829627 0.851330 
1801.527156 0.317481 0.231913 
1803.755228 0.336682 0.510392 
1804.397347 0.209659 0.929507 
1804.872913 0.917152 0.415690 
1806.079473 0.985540 0.755884 
1808.531660 0.606366 0.454593 
1809.357247 0.608463 0.235454 
1809.858042 0.914274 0.257054 
1809.927703 0.873023 0.793979 
1809.927708 0.143570 0.083220 
1810.822320 0.457465 0.054225 
1811.263211 0.188196 0.904286 
1813.203073 0.950213 0.363868 
1814.150116 0.767144 0.553159 
1814.570279 0.170070 0.391807 
1815.220230 0.092200 0.551673 
1819.818786 0.941590 0.702939 
1819.848008 0.416748 0.128751 
1821.237604 0.810584 0.177808 
1822.556087 0.182823 0.653589 
1823.048995 0.793696 0.826492 
1824.754513 0.243881 0.964931 
1824.828656 0.326247 0.408951 
1826.324855 0.160368 0.565539 
1826.501731 0.624956 0.565516 
1826.613240 0.134728 0.153565 
1827.513653 0.335402 0.279374 
1828.401500 0.884643 0.678818 
1829.431000 0.325594 0.023158 
1829.580730 0.209152 0.585325 
1831.523026 0.854449 0.927525 
1831.670523 0.480881 0.934419 
1831.676780 0.604419 0.363118 
1832.881018 0.458403 0.919013 
1833.383409 0.989270 0.016456 
1834.052331 0.259138 0.647567 
1835.069093 0.708457 0.626628 
1835.103264 0.619581 0.191808 
1835.386282 0.124429 0.762582 
1835.525276 0.160878 0.378908 
1836.134202 0.887784 0.173551 
1837.235253 0.000334 0.362732 
1838.625272 0.958865 0.987566 
1840.303745 0.731458 0.399956 
1840.983929 0.304818 0.030631 
1841.199120 0.634347 0.430904 
1842.168184 0.335107 0.492387 
1844.374617 0.682767 0.283967 
1844.826549 0.406786 0.697590 
1846.503903 0.634495 0.868696 
1850.369995 0.659407 0.097740 
1854.535075 0.329194 0.764336 
1854.644422 0.959448 0.032332 
1855.114861 0.978917 0.939455 
1856.014155 0.055247 0.400599 
1856.618888 0.413963 0.433537 
1859.488926 0.211063 0.458941 
1859.560190 0.865362 0.888620 
1859.783873 0.065030 0.400341 
1859.818190 0.711321 0.008061 
1860.477776 0.057280 0.038273 
1860.523306 0.799415 0.519725 
1860.883947 0.815930 0.176010 
1861.163667 0.742140 0.069977 
1862.279486 0.636690 0.856008 
1862.877249 0.563606 0.223838 
1865.888080 0.758749 0.655631 
1866.233910 0.510893 0.096534 
1867.439983 0.140848 0.117187 
1868.378152 0.721919 0.694210 
1870.272031 0.909616 0.023917 
1872.146169 0.191959 0.557142 
1872.903022 0.436920 0.631187 
1873.346093 0.440203 0.301912 
1873.626652 0.621234 0.897945 
1877.219819 0.273237 0.467526 
1877.222212 0.158465 0.477076 
1879.020859 0.832974 0.043467 
1880.220766 0.907184 0.455863 
1880.237130 0.109791 0.037141 
1881.663873 0.350547 0.113084 
1882.527052 0.926897 0.727301 
1884.234469 0.181518 0.778151 
1886.567815 0.789813 0.898125 
1886.622591 0.781017 0.701701 
1886.987414 0.387762 0.630969 
1887.506433 0.129698 0.571457 
1889.706171 0.272978 0.384575 
1890.133372 0.178339 0.539513 
1890.298327 0.321221 0.736825 
1891.350922 0.722536 0.202458 
1892.768094 0.307340 0.081190 
1893.810302 0.905675 0.627985 
1894.340376 0.802255 0.748639 
1895.238844 0.695208 0.683812 
1895.557303 0.561103 0.473951 
1896.290238 0.999830 0.525902 
1896.674592 0.623360 0.722121 
1896.742163 0.047979 0.953253 
1898.053163 0.550557 0.518208 
1898.410354 0.758998 0.434451 
1898.606890 0.253965 0.600041 
1899.227761 0.426733 0.898800 
1899.948458 0.296208 0.642669 
1900.432124 0.013375 0.829045 
1901.982131 0.376347 0.359284 
1902.218026 0.470357 0.746458 
1903.598265 0.147228 0.390805 
1904.015801 0.064236 0.276520 
1905.609724 0.618641 0.234005 
1908.068756 0.068714 0.399748 
1909.227655 0.008936 0.920679 
1910.427466 0.340275 0.958353 
1911.155126 0.222759 0.064669 
1911.194632 0.143104 0.356636 
1911.547197 0.060691 0.140774 
1912.834961 0.600286 0.008088 
1913.429139 0.510621 0.102405 
1913.983945 0.050874 0.419818 
1914.034829 0.481214 0.298850 
1915.331187 0.217066 0.962027 
1915.489248 0.159351 0.578526 
1915.868884 0.302981 0.764679 
1918.181237 0.091106 0.062387 
1918.465303 0.631259 0.816575 
1918.600016 0.067219 0.176448 
1919.050353 0.464776 0.509352 
1919.911701 0.466330 0.846064 
1920.687629 0.287656 0.058956 
1921.130527 0.210846 0.355441 
1921.830465 0.912026 0.718214 
1922.188476 0.276515 0.748118 
1922.422353 0.995521 0.385624 
1924.195980 0.756885 0.922844 
1925.393389 0.099710 0.315673 
1925.742705 0.018462 0.705050 
1926.431557 0.544332 0.478263 
1926.464319 0.036666 0.573070 
1926.531065 0.383296 0.897003 
1926.727166 0.939838 0.184349 
1926.868535 0.150791 0.934216 
1928.795852 0.677144 0.512109 
1930.418831 0.971206 0.956577 
1930.776482 0.906359 0.524046 
1931.335944 0.238080 0.281938 
1931.601139 0.960479 0.485577 
1932.365723 0.956971 0.742721 
1932.825673 0.666159 0.958167 
1933.816698 0.631404 0.828818 
1935.876076 0.717208 0.807355 
1936.245150 0.417487 0.790107 
1937.932948 0.279213 0.611009 
1939.503605 0.082031 0.847767 
1939.709502 0.862187 0.212895 
1939.911177 0.399983 0.733730 
1941.402576 0.470065 0.907904 
1942.032780 0.838370 0.051570 
1942.784649 0.571720 0.795171 
1944.226836 0.491066 0.474952 
1944.274033 0.088199 0.720348 
1947.739861 0.690501 0.643538 
1947.758183 0.629821 0.779891 
1948.270411 0.223423 0.752026 
1948.506245 0.909915 0.068714 
1948.896172 0.018165 0.629484 
1949.365825 0.477605 0.339509 
1949.926925 0.616167 0.618178 
1950.278983 0.186661 0.613348 
1951.154812 0.909920 0.223077 
1951.855257 0.076789 0.423515 
1952.012904 0.533830 0.922578 
1952.778411 0.550419 0.139566 
1953.406574 0.283287 0.301493 
1953.999374 0.739092 0.650676 
1955.215250 0.292537 0.035804 
1955.811119 0.805958 0.171515 
1956.801448 0.468106 0.025441 
1958.294195 0.856456 0.701800 
1958.677320 0.172225 0.582812 
1961.106671 0.218159 0.683617 
1963.374345 0.280982 0.100604 
1964.834173 0.963502 0.677986 
1965.009300 0.175326 0.345341 
1965.042229 0.891223 0.188360 
1968.293999 0.357353 0.548418 
1968.769068 0.602935 0.111937 
1969.305662 0.475429 0.879366 
1969.584838 0.951476 0.174601 
1969.719312 0.539276 0.913133 
1970.029786 0.922467 0.752625 
1970.753564 0.592144 0.683820 
1971.134862 0.070488 0.662761 
1972.047533 0.078702 0.743225 
1972.821364 0.091371 0.054988 
1973.314572 0.568556 0.897489 
1973.399815 0.531264 0.762913 
1973.425451 0.438378 0.354736 
1974.232725 0.239271 0.201196 
1976.197617 0.308036 0.431305 
1976.331726 0.661284 0.633675 
1977.038769 0.996008 0.515994 
1978.230170 0.319333 0.815278 
1980.307429 0.533821 0.605867 
1980.579962 0.662110 0.740155 
1980.766623 0.196938 0.896039 
1980.785509 0.857445 0.098226 
1981.600033 0.750223 0.052575 
1982.373598 0.826159 0.889999 
1983.762482 0.628502 0.681312 
1984.208308 0.030910 0.519607 
1984.385196 0.281559 0.246358 
1984.781295 0.190428 0.019145 
1985.482615 0.916407 0.667231 
1987.240860 0.247794 0.183563 
1987.551997 0.677710 0.892462 
1987.800730 0.219696 0.176647 
1988.280170 0.474364 0.038567 
1988.315971 0.427216 0.333545 
1991.443583 0.505536 0.303916 
1992.139831 0.316284 0.166465 
1992.463768 0.978862 0.817028 
1992.921521 0.093844 0.106749 
1993.971448 0.819730 0.243676 
1995.689501 0.909623 0.806296 
1997.077343 0.521362 0.917299 
1997.381176 0.911330 0.610761 
1998.844327 0.166144 0.805027 
2000.491008 0.520509 0.284759 
2000.964120 0.878351 0.319564 
2001.421012 0.542742 0.771947 
2001.907401 0.688802 0.703710 
2003.463687 0.271810 0.464466 
2005.857330 0.944907 0.805913 
2006.924094 0.490735 0.036313 
2007.516884 0.603139 0.311869 
2009.547328 0.037649 0.854519 
2009.660903 0.521071 0.934175 
2010.298327 0.335137 0.949650 
2010.886310 0.062159 0.871530 
2011.349043 0.569247 0.428387 
2011.485248 0.803062 0.038592 
2014.217402 0.710309 0.040751 
2014.822817 0.648078 0.378262 
2014.911172 0.946825 0.257065 
2015.077686 0.443353 0.286464 
2016.415350 0.917608 0.989736 
2016.996864 0.657460 0.182769 
2018.247389 0.308583 0.219769 
2019.042124 0.665589 0.612049 
2019.147262 0.741407 0.959043 
2019.747468 0.434039 0.083668 
2021.324763 0.557295 0.579273 
2024.801118 0.042603 0.177573 
2028.251920 0.544991 0.208079 
2028.362753 0.189143 0.053602 
2029.308104 0.583800 0.886527 
2029.934443 0.874865 0.838746 
2030.377056 0.756438 0.180214 
2031.682747 0.493952 0.696924 
2034.599717 0.676462 0.509846 
2034.981817 0.266240 0.788622 
2038.988731 0.712915 0.217475 
2039.492316 0.138071 0.236168 
2039.715741 0.238407 0.991960 
2041.381064 0.826439 0.349409 
2043.205224 0.842463 0.280430 
2043.451356 0.944818 0.528866 
2043.927232 0.157918 0.654824 
2044.011807 0.819549 0.832135 
2046.680356 0.903451 0.558033 
2046.781903 0.300102 0.759921 
2047.354154 0.945032 0.218298 
2048.013448 0.871834 0.767149 
2048.684597 0.416467 0.994744 
