0.000000 0.418021 0.099013 
2.012548 0.195400 0.172559 
3.304793 0.725818 0.702688 
4.131167 0.381358 0.828693 
4.433470 0.790143 0.600034 
5.524546 0.283167 0.935258 
6.879087 0.458219 0.086902 
7.623374 0.081839 0.614579 
7.828424 0.701103 0.397388 
8.171850 0.332165 0.898408 
8.263108 0.545847 0.404509 
8.341002 0.849932 0.046692 
8.368392 0.046553 0.300617 
9.508673 0.903867 0.993131 
12.061643 0.002933 0.112545 
13.424023 0.970885 0.143875 
14.351824 0.720368 0.187044 
15.146181 0.935902 0.060098 
17.254681 0.056733 0.154672 
17.620542 0.103501 0.529663 
18.030457 0.726189 0.102785 
21.598344 0.280148 0.324063 
22.421174 0.158757 0.699277 
24.480670 0.231268 0.773304 
24.902542 0.239240 0.382940 
25.300438 0.191587 0.119286 
26.583255 0.020471 0.542134 
26.735315 0.762615 0.087251 
27.782322 0.480736 0.657516 
29.526360 0.943765 0.115495 
29.636335 0.528547 0.698279 
32.123361 0.600143 0.314227 
32.532989 0.919914 0.073887 
32.880520 0.661456 0.299292 
32.942136 0.147372 0.581911 
33.233770 0.450692 0.330036 
37.060259 0.846496 0.468147 
37.469000 0.535271 0.744194 
37.569832 0.248221 0.810388 
37.692095 0.816788 0.781188 
38.964181 0.586930 0.302399 
41.695341 0.502099 0.847145 
41.797505 0.829492 0.837339 
44.317298 0.786066 0.158523 
45.064432 0.877550 0.010204 
46.566858 0.706837 0.169922 
47.031726 0.039372 0.838070 
48.211866 0.366444 0.286819 
48.383199 0.742008 0.794839 
48.444322 0.390097 0.524794 
50.409492 0.003752 0.847833 
51.256675 0.827362 0.327203 
53.804816 0.918236 0.288882 
53.877526 0.598503 0.027807 
54.076568 0.092761 0.435556 
54.391415 0.413219 0.210352 
55.180628 0.573030 0.637219 
56.495405 0.016148 0.499377 
59.604505 0.850995 0.634146 
60.970435 0.620228 0.288799 
61.631279 0.577129 0.333906 
64.147640 0.243392 0.720839 
65.628398 0.867270 0.921339 
66.395423 0.914799 0.022469 
71.368639 0.006670 0.256541 
71.471167 0.866400 0.079190 
72.325485 0.454366 0.576139 
72.850464 0.935872 0.620248 
75.404333 0.813661 0.821982 
76.130088 0.186441 0.743857 
76.278979 0.562520 0.437375 
80.682314 0.221582 0.253420 
80.691514 0.624123 0.493516 
82.047696 0.114777 0.623691 
82.902197 0.448199 0.245921 
83.228766 0.016538 0.186361 
83.239092 0.569053 0.768015 
83.409725 0.681171 0.107432 
83.956196 0.562923 0.473520 
85.694180 0.098085 0.736784 
89.000220 0.599870 0.755915 
89.605737 0.188763 0.638454 
90.563861 0.306362 0.187032 
91.218547 0.864497 0.378759 
91.696899 0.600515 0.881910 
92.076951 0.607121 0.382743 
94.887943 0.772888 0.807305 
95.156436 0.359753 0.754293 
95.537043 0.575049 0.719789 
96.843698 0.951867 0.732786 
98.062560 0.172354 0.256487 
98.717634 0.040962 0.083935 
100.344352 0.049018 0.537137 
100.787494 0.907547 0.731223 
101.180934 0.826267 0.418403 
102.543398 0.947540 0.300368 
104.938442 0.910212 0.661312 
105.102058 0.627263 0.859434 
105.296266 0.468485 0.710676 
105.856211 0.356024 0.334120 
105.950408 0.488078 0.550532 
106.956585 0.632175 0.263813 
106.985343 0.139261 0.163044 
107.772649 0.471558 0.972296 
108.954611 0.395834 0.644906 
109.070969 0.644725 0.281747 
110.483795 0.585286 0.852913 
111.539765 0.044287 0.950542 
111.639269 0.891546 0.222381 
111.938029 0.606940 0.575517 
112.042838 0.664296 0.112478 
112.238119 0.261950 0.546935 
112.266284 0.522456 0.462953 
116.379074 0.147630 0.743142 
116.384882 0.871882 0.812308 
117.117279 0.882534 0.649296 
117.192139 0.346677 0.086286 
118.315675 0.536054 0.211464 
120.137704 0.773021 0.629162 
120.683494 0.993858 0.758387 
122.300376 0.775060 0.346633 
122.721757 0.840321 0.428478 
124.382859 0.814305 0.635087 
124.477574 0.933237 0.858205 
125.741158 0.954170 0.488671 
126.395040 0.581896 0.161958 
127.107516 0.840914 0.183067 
128.642185 0.287757 0.162989 
128.816433 0.504650 0.920038 
129.103935 0.694900 0.721336 
129.840541 0.151890 0.111102 
130.354817 0.889727 0.139884 
130.564794 0.587987 0.527499 
130.681623 0.318147 0.720119 
131.031637 0.755868 0.007620 
132.940857 0.453563 0.587975 
133.345252 0.338216 0.918974 
135.526735 0.240077 0.039840 
135.845533 0.080477 0.666685 
135.862338 0.376022 0.585885 
138.393158 0.726715 0.847066 
138.975306 0.871594 0.361487 
139.123478 0.254695 0.186809 
140.456374 0.391402 0.095368 
142.368640 0.768515 0.515017 
142.636559 0.903982 0.780957 
142.723353 0.927108 0.173847 
142.851889 0.609967 0.066170 
143.017221 0.511382 0.208796 
145.136657 0.181819 0.298538 
145.227759 0.493036 0.763603 
146.386250 0.340298 0.352958 
147.406501 0.852753 0.913373 
148.816705 0.203105 0.283707 
149.010125 0.061834 0.060846 
149.925425 0.639231 0.473253 
151.786525 0.399518 0.762658 
152.546109 0.591599 0.563418 
152.601757 0.220173 0.033146 
153.707086 0.750968 0.195843 
153.876645 0.207648 0.956153 
154.737294 0.303364 0.331785 
154.960621 0.036611 0.487647 
156.618425 0.110772 0.894747 
159.551438 0.873016 0.875529 
166.374772 0.084713 0.619868 
166.403037 0.775415 0.241517 
166.627663 0.233166 0.272860 
168.006409 0.775936 0.348695 
170.649234 0.063051 0.612715 
171.190888 0.605506 0.891416 
171.780347 0.921195 0.439642 
173.203315 0.664636 0.610108 
176.265040 0.509113 0.234539 
176.917633 0.488346 0.167499 
177.001671 0.582700 0.683395 
177.869657 0.340059 0.351166 
178.260281 0.868281 0.734080 
179.665699 0.070562 0.817415 
183.992900 0.532100 0.904583 
184.660593 0.735756 0.030713 
185.038471 0.108868 0.682771 
185.968917 0.045670 0.741093 
188.091154 0.302998 0.990408 
188.861528 0.504850 0.943280 
193.121230 0.456310 0.155053 
193.957266 0.724357 0.009410 
193.963782 0.265351 0.191785 
197.179672 0.695739 0.700806 
197.405220 0.595640 0.779306 
197.874864 0.588415 0.742548 
197.953885 0.709645 0.508596 
198.682382 0.363513 0.442738 
198.808654 0.741264 0.378733 
199.184118 0.582774 0.026842 
200.897119 0.698901 0.197160 
206.405024 0.604360 0.046405 
208.011834 0.739423 0.214759 
209.355428 0.912480 0.857196 
209.710497 0.968022 0.634024 
211.910727 0.451894 0.518787 
211.995402 0.177331 0.502822 
213.143364 0.291279 0.037570 
214.389328 0.560946 0.415267 
216.266128 0.674859 0.400255 
216.450633 0.266903 0.708513 
217.250621 0.326986 0.289209 
217.379425 0.143850 0.174361 
218.059288 0.662224 0.325005 
218.348179 0.702503 0.908055 
219.435834 0.388511 0.206386 
219.664672 0.960520 0.889347 
220.297001 0.922085 0.841001 
221.402295 0.878794 0.711393 
222.839992 0.036257 0.720667 
223.407509 0.965331 0.490690 
223.457867 0.604322 0.941838 
226.887037 0.348972 0.772982 
227.488444 0.472162 0.774623 
228.232089 0.897282 0.592789 
228.878312 0.296381 0.118820 
228.959298 0.871343 0.869325 
229.050736 0.769757 0.519619 
230.115797 0.996824 0.675258 
231.159886 0.367240 0.473137 
231.599436 0.572721 0.662807 
232.552165 0.135045 0.184456 
233.110459 0.327683 0.888416 
234.767423 0.734935 0.020607 
235.851568 0.096229 0.952704 
237.084857 0.775167 0.075769 
237.895018 0.068559 0.644237 
238.263915 0.977601 0.450950 
238.399132 0.361366 0.414895 
239.451261 0.464588 0.797693 
240.402428 0.198822 0.379757 
240.477633 0.559789 0.973459 
241.188653 0.226508 0.507908 
241.858883 0.348042 0.254600 
244.019520 0.437508 0.195398 
244.603823 0.495160 0.288271 
244.812138 0.028536 0.787460 
246.165968 0.947450 0.612146 
247.843510 0.115835 0.031697 
248.247385 0.254290 0.460169 
249.205076 0.854127 0.754092 
251.699119 0.704693 0.860713 
251.945927 0.998214 0.412852 
251.959620 0.122585 0.636663 
253.276470 0.491271 0.656420 
254.232300 0.363558 0.294219 
255.589474 0.025307 0.976674 
255.656399 0.817003 0.516137 
258.584468 0.934111 0.541333 
261.644107 0.550930 0.639440 
263.269896 0.408904 0.055949 
265.564468 0.454134 0.743302 
267.944639 0.204927 0.701832 
268.702243 0.817307 0.142530 
272.106117 0.123068 0.926528 
272.333594 0.823844 0.895602 
273.392718 0.659956 0.030943 
274.405589 0.177136 0.856479 
275.733074 0.133723 0.193867 
275.862173 0.808533 0.897620 
276.847739 0.391099 0.976101 
279.289116 0.211489 0.847071 
279.338477 0.076236 0.583501 
279.666983 0.129966 0.729659 
282.601791 0.158750 0.114262 
283.435039 0.321369 0.153460 
284.855183 0.766018 0.424438 
285.437923 0.996747 0.695810 
285.704561 0.159453 0.158431 
286.134007 0.442956 0.702549 
286.339063 0.200004 0.215634 
286.440789 0.102130 0.032448 
289.542270 0.209528 0.249999 
292.113561 0.213687 0.842121 
292.735137 0.306197 0.926133 
292.948753 0.350859 0.683165 
293.237680 0.818606 0.206952 
294.153396 0.192854 0.134400 
294.817619 0.371500 0.578192 
295.640465 0.997883 0.196258 
296.442611 0.764317 0.601390 
298.101487 0.242736 0.591268 
298.580710 0.406332 0.982811 
299.383619 0.163521 0.027938 
300.562923 0.694248 0.156336 
302.125374 0.896348 0.611392 
303.682765 0.552998 0.117942 
303.905696 0.921853 0.480535 
306.630729 0.479845 0.572252 
306.773696 0.099739 0.664607 
307.939146 0.244441 0.155568 
308.896795 0.465688 0.049097 
311.274162 0.132756 0.856740 
312.517502 0.405328 0.038597 
312.799566 0.760329 0.707110 
314.177547 0.694964 0.735118 
314.539258 0.931174 0.716444 
314.711706 0.776248 0.410284 
315.928577 0.750896 0.057892 
317.553050 0.998644 0.474916 
320.179098 0.179552 0.997872 
324.802441 0.896247 0.900650 
324.873433 0.716912 0.264368 
324.998941 0.530880 0.639400 
326.075861 0.010498 0.618192 
327.668825 0.018940 0.227060 
329.419140 0.203064 0.501178 
330.525751 0.255240 0.533307 
330.638609 0.253750 0.242074 
330.801194 0.339385 0.959362 
332.235612 0.710160 0.023820 
332.357029 0.780393 0.024107 
332.965983 0.238472 0.698076 
336.660521 0.568897 0.514458 
337.906861 0.597401 0.739640 
338.100348 0.286157 0.297215 
338.516548 0.792528 0.567256 
339.444763 0.672295 0.047098 
339.834640 0.642295 0.658045 
340.942057 0.167903 0.311018 
341.907089 0.541169 0.102762 
342.133539 0.989371 0.181254 
342.175721 0.974963 0.214339 
343.900409 0.137209 0.474099 
344.932162 0.497871 0.413273 
345.702077 0.733657 0.618766 
346.006110 0.118958 0.915109 
347.358410 0.162243 0.889230 
347.529392 0.295288 0.492758 
347.684973 0.013714 0.601221 
348.526801 0.087023 0.627031 
349.517349 0.195633 0.745486 
349.804412 0.858906 0.921895 
350.477266 0.326509 0.904296 
352.366846 0.274859 0.135017 
352.729859 0.947103 0.246175 
352.804197 0.174106 0.535444 
352.896214 0.334701 0.354857 
353.876530 0.221109 0.959587 
354.174848 0.764476 0.575066 
356.317861 0.953378 0.985627 
356.610054 0.156685 0.727099 
358.046286 0.685369 0.470539 
358.645630 0.162357 0.533383 
359.926974 0.113519 0.577776 
360.889711 0.770171 0.070351 
361.798547 0.342179 0.836482 
363.082651 0.808776 0.121681 
367.548630 0.630305 0.328665 
368.342362 0.957885 0.378175 
368.840923 0.040761 0.329576 
369.357896 0.691807 0.450691 
370.294268 0.603481 0.181525 
371.668213 0.061663 0.310239 
371.878287 0.532061 0.918241 
373.006539 0.701304 0.608522 
373.460654 0.099620 0.118195 
373.761323 0.584081 0.409181 
373.950728 0.064228 0.244513 
374.505564 0.594140 0.214261 
374.648257 0.049250 0.509489 
375.391711 0.163566 0.207284 
376.207701 0.414203 0.108497 
376.336623 0.364746 0.609039 
376.427265 0.472787 0.801023 
376.615372 0.751764 0.897361 
379.239462 0.580527 0.045358 
379.293088 0.284080 0.542881 
380.325552 0.699938 0.157871 
380.363449 0.909081 0.700626 
381.329414 0.527808 0.340058 
382.136732 0.663942 0.360590 
382.374097 0.472582 0.954304 
382.944726 0.523378 0.448769 
383.344454 0.414106 0.958384 
384.764369 0.506461 0.279040 
385.457034 0.873800 0.338614 
386.367292 0.930613 0.453155 
386.492953 0.221681 0.744287 
386.629424 0.697688 0.680957 
387.018616 0.803212 0.890943 
388.071548 0.132160 0.169647 
389.766160 0.112448 0.593305 
390.529304 0.853798 0.250446 
391.388458 0.561214 0.401874 
397.504358 0.864504 0.091712 
398.308761 0.582158 0.533579 
398.890390 0.559632 0.892912 
399.505921 0.450515 0.434350 
400.040599 0.418648 0.315821 
400.434725 0.889473 0.830931 
400.659989 0.393623 0.671903 
404.826574 0.064802 0.270531 
405.120160 0.517500 0.118488 
405.484574 0.955595 0.048450 
405.588092 0.616092 0.114667 
408.220285 0.192603 0.491136 
409.035482 0.907653 0.878702 
409.065674 0.757307 0.353511 
409.106190 0.349695 0.090008 
409.892557 0.694016 0.009899 
410.191050 0.017515 0.470688 
410.593099 0.671462 0.915925 
410.814674 0.747302 0.458863 
411.133915 0.375547 0.748376 
412.028344 0.470884 0.251396 
413.746795 0.093254 0.252810 
413.950765 0.521431 0.156680 
413.967505 0.879671 0.146984 
415.783598 0.652786 0.681143 
416.589399 0.083642 0.037957 
416.635069 0.382726 0.696099 
416.963590 0.645056 0.556035 
418.328306 0.308128 0.967650 
420.621139 0.080496 0.811661 
422.916886 0.237117 0.227184 
423.228400 0.521792 0.514792 
424.689419 0.681791 0.471120 
426.833019 0.941305 0.852405 
427.418115 0.840555 0.810800 
429.002043 0.288286 0.012028 
430.238943 0.077713 0.876267 
432.448771 0.485467 0.538489 
433.168110 0.402402 0.452699 
436.645597 0.528122 0.149683 
437.842198 0.751830 0.164676 
438.032329 0.669615 0.768588 
438.328692 0.737884 0.210247 
439.769994 0.534798 0.300648 
440.607933 0.890610 0.929541 
441.989589 0.030141 0.220860 
442.285564 0.295401 0.935205 
445.057402 0.018056 0.885576 
445.159402 0.001275 0.499468 
447.725038 0.571098 0.574872 
447.945249 0.459924 0.479533 
448.446486 0.545822 0.479807 
449.902222 0.567478 0.215806 
450.457328 0.333572 0.562123 
451.030679 0.062183 0.249957 
451.872737 0.422005 0.568623 
452.696308 0.574833 0.109662 
452.737662 0.668980 0.018392 
453.214282 0.685866 0.410867 
458.725328 0.333687 0.426860 
458.988390 0.441042 0.748892 
459.256202 0.800946 0.839475 
460.689476 0.613314 0.318005 
461.294540 0.821430 0.566218 
461.428850 0.219690 0.157615 
461.488098 0.616547 0.268932 
464.468428 0.365218 0.007034 
464.474669 0.775309 0.452957 
464.742373 0.625578 0.375451 
466.842495 0.089034 0.783764 
467.491952 0.793868 0.094830 
468.651658 0.664277 0.374017 
468.931820 0.421791 0.600070 
469.621771 0.447671 0.631753 
469.877257 0.993143 0.820001 
470.290962 0.585686 0.143063 
470.986954 0.713830 0.481364 
471.210403 0.648872 0.060568 
471.857239 0.458623 0.552915 
472.167495 0.180767 0.355254 
473.006408 0.604272 0.382842 
474.255301 0.036067 0.859618 
474.835198 0.697314 0.375032 
475.586436 0.625584 0.457181 
476.041931 0.428500 0.837608 
478.136806 0.989035 0.916535 
478.807353 0.421761 0.350937 
479.985740 0.558815 0.472122 
483.714234 0.781155 0.676953 
485.392101 0.828257 0.754078 
486.392707 0.874339 0.210829 
487.823048 0.590015 0.208400 
488.200940 0.842556 0.028170 
489.800662 0.748951 0.537558 
490.320010 0.810191 0.946973 
493.822284 0.996652 0.516684 
494.247529 0.499195 0.775298 
494.576977 0.624368 0.255011 
495.462513 0.651829 0.039614 
496.069786 0.318770 0.736394 
497.563873 0.493930 0.610602 
498.129696 0.630025 0.014538 
499.291703 0.717744 0.005220 
501.662435 0.379454 0.997499 
502.575314 0.172903 0.815208 
503.049407 0.291411 0.863573 
504.025333 0.853173 0.735355 
504.162824 0.298922 0.883650 
504.887318 0.362493 0.009666 
505.323050 0.127514 0.118798 
508.922242 0.922478 0.858027 
509.195466 0.628785 0.434013 
509.211600 0.880343 0.540965 
510.674621 0.431693 0.826406 
513.256142 0.154895 0.704334 
513.524162 0.944462 0.138680 
515.050530 0.381989 0.361030 
515.916369 0.804261 0.913778 
517.346457 0.685742 0.480826 
519.224640 0.989422 0.851177 
520.459653 0.703456 0.457370 
520.530714 0.499441 0.143186 
520.566609 0.837768 0.918472 
521.145483 0.447749 0.870686 
522.329269 0.673673 0.441067 
522.594558 0.287503 0.551673 
525.384804 0.839482 0.726163 
525.667309 0.245214 0.699550 
527.274394 0.571162 0.416219 
527.564511 0.119378 0.574924 
528.260714 0.431331 0.904393 
528.621548 0.286757 0.650299 
528.922697 0.245094 0.376825 
530.601668 0.800224 0.590207 
530.754062 0.942297 0.191055 
531.719126 0.182415 0.735634 
532.431962 0.997709 0.389045 
533.765657 0.505543 0.554932 
536.437297 0.119248 0.870286 
541.273128 0.438495 0.588099 
542.098919 0.177319 0.704219 
542.968513 0.691530 0.162807 
543.882937 0.904749 0.582319 
545.813398 0.532399 0.329561 
546.091717 0.314164 0.551573 
547.695670 0.871269 0.119493 
547.791188 0.076012 0.968093 
548.131300 0.863883 0.173956 
548.817199 0.918334 0.178189 
548.908851 0.869563 0.024412 
550.075924 0.648839 0.539958 
552.686941 0.287932 0.128725 
553.270800 0.705842 0.186528 
553.344335 0.062412 0.446686 
554.012110 0.298532 0.621056 
554.165937 0.326816 0.031326 
554.546028 0.471412 0.702416 
555.643651 0.273496 0.426089 
557.490751 0.560154 0.220539 
557.535127 0.488901 0.847388 
558.482543 0.585305 0.728992 
559.901708 0.005623 0.659698 
565.249207 0.518670 0.399370 
566.616565 0.975210 0.668096 
567.508572 0.177692 0.254353 
567.573053 0.792724 0.773428 
567.813776 0.046156 0.483902 
568.152052 0.243407 0.274684 
569.307384 0.285667 0.338185 
569.593463 0.943339 0.618341 
569.660225 0.641411 0.820318 
571.890698 0.018846 0.264918 
572.183036 0.267244 0.408223 
572.421302 0.718634 0.093302 
573.095911 0.663401 0.186488 
574.886188 0.198742 0.664589 
575.127522 0.831775 0.351068 
575.391936 0.200143 0.922992 
576.088387 0.572760 0.208097 
576.821031 0.367712 0.235758 
577.681465 0.359132 0.104740 
581.352587 0.180410 0.614929 
581.788331 0.475050 0.945093 
583.419843 0.595381 0.731646 
583.539707 0.627532 0.214855 
583.891672 0.149695 0.977792 
584.436127 0.551308 0.457731 
584.534934 0.239108 0.598446 
585.345838 0.615216 0.606308 
585.448554 0.735478 0.370403 
585.847602 0.963491 0.321499 
586.110349 0.196782 0.852151 
586.912311 0.386136 0.230979 
587.490131 0.219336 0.747104 
587.571204 0.140665 0.328489 
588.412308 0.323161 0.197140 
589.110160 0.134068 0.267718 
589.691774 0.293982 0.137975 
589.831266 0.777108 0.906536 
590.089118 0.545374 0.467386 
590.158662 0.985064 0.385115 
590.475484 0.824581 0.289220 
590.806068 0.727773 0.558199 
593.483870 0.826098 0.255268 
593.894026 0.078864 0.347219 
594.901024 0.911976 0.433152 
595.302655 0.942901 0.489881 
595.597384 0.213005 0.182697 
595.700667 0.032080 0.450565 
596.782873 0.078768 0.346222 
598.357537 0.609664 0.499908 
600.912349 0.056550 0.252345 
601.668096 0.334118 0.375192 
603.327547 0.131162 0.528923 
603.932041 0.684049 0.892845 
605.935015 0.123260 0.753333 
606.907158 0.267186 0.757122 
609.218411 0.622962 0.066798 
614.235519 0.536089 0.710879 
614.987453 0.758764 0.784315 
617.286813 0.602654 0.879855 
617.719413 0.643794 0.560466 
617.894308 0.357674 0.094480 
618.808168 0.544217 0.957461 
618.837834 0.928849 0.472191 
618.976350 0.945500 0.601515 
620.029831 0.780523 0.316948 
620.213478 0.491414 0.498054 
620.917205 0.935682 0.556168 
622.680771 0.920311 0.445854 
623.656712 0.961584 0.224211 
623.760864 0.703948 0.669317 
624.145204 0.438185 0.251651 
624.904273 0.094225 0.572882 
625.960561 0.181548 0.693080 
628.028521 0.776327 0.646776 
631.502357 0.625921 0.019279 
631.789927 0.906079 0.789986 
633.402693 0.893981 0.088926 
633.525387 0.998984 0.964807 
633.540982 0.451446 0.967486 
636.700012 0.395264 0.365154 
637.232660 0.809257 0.312252 
638.146099 0.355590 0.630252 
638.836730 0.898026 0.364407 
639.366504 0.276099 0.039469 
640.035172 0.415031 0.101592 
640.363298 0.593570 0.688933 
640.442058 0.929045 0.130267 
641.990077 0.966880 0.972565 
642.088286 0.876519 0.081913 
642.321264 0.011287 0.718063 
642.531233 0.816312 0.538406 
642.807871 0.670391 0.115828 
643.945742 0.917887 0.517478 
645.582449 0.964360 0.606586 
647.553736 0.542763 0.887776 
647.822023 0.399966 0.548807 
647.847824 0.808996 0.597538 
648.434813 0.865079 0.284203 
648.537539 0.540689 0.928622 
648.585377 0.292297 0.793728 
650.141213 0.949647 0.892163 
652.817305 0.171028 0.996607 
652.911297 0.642537 0.597670 
652.936107 0.012496 0.009647 
656.307831 0.504751 0.122423 
658.306269 0.149346 0.171343 
658.542467 0.597355 0.341962 
658.773264 0.723262 0.764637 
659.024986 0.389077 0.028465 
659.523025 0.882793 0.664741 
659.661272 0.379639 0.529085 
660.936292 0.063033 0.901239 
664.778478 0.108152 0.740212 
665.358921 0.219314 0.489113 
666.405931 0.252812 0.268153 
666.902361 0.230773 0.812591 
667.458226 0.985991 0.820117 
669.021355 0.316687 0.552504 
674.642651 0.542999 0.299791 
674.682309 0.053486 0.671312 
674.826445 0.514114 0.089916 
675.839725 0.028257 0.905116 
676.073840 0.660052 0.673781 
677.315068 0.329179 0.832315 
680.946982 0.509738 0.818173 
681.476888 0.406120 0.581865 
682.274829 0.501716 0.582414 
683.086814 0.226251 0.325203 
684.551512 0.445359 0.081226 
685.836302 0.434803 0.530289 
686.512929 0.990669 0.465846 
687.367150 0.766658 0.339225 
689.544184 0.722851 0.730451 
689.727069 0.780069 0.540612 
690.332900 0.303477 0.047436 
690.940325 0.104891 0.898906 
692.996757 0.857373 0.542861 
693.146916 0.797625 0.284439 
694.336557 0.686132 0.363850 
694.738247 0.230151 0.306884 
696.004881 0.157868 0.805424 
696.133959 0.665504 0.189534 
696.135850 0.658957 0.340981 
696.428422 0.012433 0.576031 
698.812310 0.390353 0.321351 
699.521691 0.902821 0.089698 
699.622969 0.444977 0.278998 
700.483784 0.296389 0.780886 
700.889486 0.674826 0.821781 
700.986786 0.627363 0.994761 
701.310358 0.460065 0.401328 
703.210685 0.564424 0.694253 
703.995065 0.607607 0.900228 
704.178064 0.856244 0.350015 
705.118175 0.307540 0.106292 
705.424139 0.520186 0.613601 
705.720869 0.597166 0.767289 
706.291433 0.588022 0.977236 
707.215339 0.851518 0.059680 
708.807693 0.930744 0.720855 
709.117632 0.195611 0.232418 
710.286913 0.412297 0.890923 
710.834544 0.336079 0.267374 
711.544380 0.822706 0.408828 
712.546157 0.048686 0.881697 
714.337487 0.068830 0.142291 
715.138952 0.177508 0.907073 
718.167680 0.301412 0.083536 
718.933529 0.704748 0.803277 
719.197565 0.093678 0.227498 
721.004427 0.917381 0.172071 
722.094581 0.352207 0.961865 
724.924179 0.903152 0.056149 
725.424018 0.024609 0.114313 
726.329347 0.037536 0.564076 
729.166361 0.313224 0.626249 
729.202855 0.133980 0.594605 
730.598829 0.711278 0.542160 
731.147261 0.599108 0.799679 
734.534607 0.894963 0.216315 
734.861920 0.663817 0.181467 
735.177654 0.882045 0.094592 
736.809287 0.234509 0.351432 
736.888563 0.813590 0.532422 
737.685205 0.520718 0.289947 
738.863277 0.162800 0.073646 
740.838464 0.292156 0.523816 
741.142770 0.223317 0.326500 
743.341540 0.857385 0.312825 
743.805775 0.215909 0.340822 
744.631166 0.795149 0.257414 
745.028718 0.868891 0.711370 
746.445027 0.637188 0.031335 
747.298672 0.263627 0.276116 
747.319760 0.924708 0.398625 
747.393220 0.628828 0.456069 
748.498780 0.790622 0.194782 
750.428777 0.369563 0.857417 
751.197200 0.668833 0.926282 
753.239025 0.570590 0.456412 
754.094712 0.843053 0.198239 
755.185842 0.189886 0.707304 
756.145662 0.442995 0.903562 
757.010231 0.394525 0.517150 
759.271268 0.132997 0.235788 
759.348637 0.598640 0.929881 
760.333999 0.205638 0.126432 
762.774288 0.718759 0.188427 
762.903505 0.615030 0.081005 
763.742282 0.051333 0.441260 
764.005241 0.365087 0.000646 
764.363798 0.933258 0.060860 
764.931924 0.838764 0.233519 
766.215803 0.957461 0.134683 
767.644475 0.267917 0.378351 
767.875973 0.642613 0.162568 
769.420718 0.015501 0.626657 
769.795810 0.181529 0.494409 
770.469630 0.831338 0.984222 
770.597616 0.744063 0.130492 
770.637065 0.543846 0.784600 
770.861864 0.377180 0.066915 
771.316382 0.693882 0.515732 
771.534051 0.230256 0.588947 
772.846601 0.382186 0.429954 
773.782203 0.517976 0.346350 
774.156393 0.737409 0.577595 
776.747142 0.960501 0.816694 
777.698050 0.753319 0.034150 
778.289611 0.715173 0.429883 
779.781750 0.365993 0.061936 
781.123412 0.569903 0.831391 
781.394851 0.590554 0.857180 
782.551820 0.080774 0.980095 
783.474067 0.035022 0.371283 
784.243882 0.241035 0.736508 
784.812055 0.473351 0.575770 
784.899736 0.865395 0.393462 
786.507226 0.516356 0.595796 
787.614152 0.211247 0.556970 
788.871013 0.804646 0.839832 
789.517273 0.644463 0.039259 
790.352713 0.649602 0.785198 
790.646647 0.949793 0.033838 
793.726189 0.297573 0.689808 
794.914569 0.441659 0.330697 
795.129098 0.499489 0.376544 
797.848814 0.623635 0.161558 
798.087670 0.034900 0.909807 
798.786412 0.720402 0.555420 
800.432024 0.935716 0.012337 
800.496094 0.818426 0.827230 
800.532097 0.004452 0.592052 
800.573634 0.662240 0.115980 
802.051683 0.075687 0.558539 
803.379161 0.829425 0.026860 
804.114834 0.926547 0.189809 
805.152620 0.940967 0.230623 
806.320856 0.702717 0.392812 
806.431014 0.009436 0.294319 
807.498035 0.929390 0.625633 
807.534858 0.654038 0.191301 
808.437304 0.963686 0.170305 
808.972437 0.418733 0.935180 
809.150714 0.348556 0.480385 
810.586282 0.018540 0.185379 
811.714982 0.748677 0.000677 
812.072406 0.945932 0.150374 
812.997748 0.216226 0.066595 
813.849971 0.203051 0.378601 
814.558987 0.128533 0.367549 
816.173752 0.697506 0.544721 
816.393964 0.662530 0.776045 
817.172965 0.541338 0.694359 
817.258072 0.819223 0.052449 
817.483710 0.393165 0.902501 
818.373988 0.427112 0.610403 
821.332162 0.425718 0.186549 
821.526484 0.172040 0.461641 
821.552257 0.517923 0.689587 
821.941915 0.304587 0.628336 
822.741007 0.014548 0.639708 
822.998488 0.593352 0.273837 
823.746618 0.610009 0.585365 
824.300120 0.572613 0.416123 
825.732854 0.835127 0.799843 
826.095277 0.760052 0.812822 
826.114527 0.467773 0.174968 
826.380031 0.367438 0.325504 
828.556221 0.718033 0.548854 
829.278495 0.570325 0.664455 
831.582287 0.368542 0.368907 
835.497945 0.311580 0.613367 
835.600792 0.015734 0.889736 
837.725752 0.974225 0.081101 
838.236698 0.925463 0.756048 
838.596248 0.395550 0.886574 
839.154704 0.891018 0.459786 
839.895516 0.353874 0.724422 
841.389156 0.924711 0.910990 
842.415812 0.887364 0.782675 
842.960543 0.694764 0.602043 
843.132093 0.250740 0.551415 
843.646034 0.024756 0.595746 
844.459308 0.503302 0.531419 
845.176694 0.738769 0.103828 
845.193946 0.208057 0.977396 
846.077569 0.340517 0.982740 
846.687873 0.471176 0.341846 
847.466245 0.181468 0.556572 
848.506902 0.854325 0.340181 
849.861657 0.228409 0.427519 
852.093644 0.574640 0.894280 
852.126161 0.186196 0.154515 
852.660055 0.047025 0.649361 
853.030521 0.673572 0.114202 
855.635643 0.144183 0.875571 
855.659374 0.690296 0.369500 
856.753429 0.986704 0.427979 
857.816217 0.014732 0.734153 
858.531528 0.321534 0.587537 
861.542924 0.388566 0.631959 
863.163984 0.835492 0.528427 
864.093126 0.706024 0.940176 
864.956114 0.574983 0.585380 
865.550871 0.850015 0.234042 
865.873064 0.492677 0.626569 
867.092898 0.635204 0.952479 
867.638858 0.189148 0.896969 
867.716210 0.861495 0.842249 
868.023923 0.809321 0.976301 
868.684548 0.039615 0.200342 
868.958103 0.962908 0.541622 
869.918977 0.167582 0.373413 
870.750868 0.712048 0.416601 
871.587221 0.243109 0.134216 
873.432775 0.708305 0.748555 
874.775360 0.493291 0.735175 
875.089093 0.124578 0.912084 
875.147014 0.187808 0.639383 
875.418048 0.008371 0.490042 
875.879788 0.614264 0.598456 
876.115165 0.129351 0.934022 
879.239617 0.905142 0.932623 
880.740817 0.709435 0.323014 
882.152199 0.366836 0.031633 
882.433107 0.704087 0.799648 
883.538581 0.572709 0.468909 
886.566814 0.417719 0.794130 
888.562455 0.304953 0.844577 
890.179075 0.301567 0.064545 
890.660500 0.227991 0.926227 
890.689956 0.133093 0.168948 
892.050427 0.234121 0.552789 
892.129799 0.138131 0.247311 
893.568718 0.833325 0.013618 
894.040490 0.075712 0.649287 
894.173120 0.751942 0.394464 
896.380011 0.867186 0.308840 
896.699388 0.247021 0.947103 
896.965478 0.205858 0.785551 
898.282658 0.516052 0.759622 
900.343678 0.215008 0.942920 
900.761164 0.382273 0.058835 
901.582789 0.620910 0.416821 
901.599594 0.145344 0.485718 
901.834942 0.019781 0.561001 
902.872883 0.657298 0.540863 
902.877223 0.687774 0.833824 
903.634781 0.298153 0.672408 
906.319896 0.633056 0.766271 
906.630781 0.684005 0.388609 
906.872351 0.738488 0.864611 
907.282290 0.347630 0.811784 
907.569821 0.399759 0.284653 
908.155611 0.041052 0.203332 
908.272300 0.484363 0.671694 
908.433241 0.859009 0.185761 
909.201713 0.933282 0.582992 
910.383460 0.729835 0.400642 
910.926223 0.285459 0.828090 
912.242597 0.144849 0.971133 
912.999483 0.772130 0.513922 
914.421415 0.414625 0.980141 
914.890709 0.208381 0.182975 
914.940023 0.801993 0.960432 
916.327035 0.173408 0.501204 
916.666762 0.562151 0.767865 
917.379478 0.809130 0.025475 
917.892708 0.740897 0.461607 
917.998984 0.400231 0.824150 
918.305319 0.728609 0.544810 
918.986874 0.231624 0.898246 
919.690628 0.166478 0.713059 
922.577577 0.111979 0.231223 
923.593704 0.680540 0.625034 
925.397890 0.971794 0.389711 
926.540210 0.211140 0.949112 
926.693284 0.659639 0.159268 
926.774702 0.104242 0.114319 
927.108637 0.173560 0.089621 
928.151598 0.342100 0.973475 
928.896333 0.268170 0.763530 
928.952498 0.332853 0.488159 
929.814633 0.290947 0.335077 
930.685325 0.308902 0.119230 
931.209766 0.862701 0.691854 
931.638253 0.976457 0.117162 
932.102383 0.924989 0.713106 
933.303663 0.426842 0.006641 
934.040851 0.246184 0.288034 
934.379892 0.611267 0.662742 
934.438331 0.392933 0.586488 
934.792718 0.086867 0.064386 
936.384515 0.392198 0.105998 
938.558445 0.929072 0.264027 
939.158761 0.731834 0.658182 
939.400910 0.812906 0.261336 
940.039674 0.853711 0.980082 
940.830792 0.490538 0.551321 
941.238048 0.349472 0.979798 
943.317299 0.206408 0.764893 
946.333344 0.285271 0.864934 
946.583435 0.152647 0.387575 
947.223983 0.366117 0.504191 
947.593627 0.489822 0.642782 
947.746298 0.287578 0.592494 
948.887651 0.939275 0.135754 
948.970427 0.348078 0.128378 
949.271447 0.501603 0.818447 
949.961021 0.488841 0.619117 
950.548875 0.812703 0.449812 
951.913025 0.609366 0.508477 
952.501067 0.717957 0.827511 
952.548058 0.646322 0.292821 
953.222253 0.888246 0.891758 
956.436507 0.855783 0.686460 
958.067876 0.229525 0.498653 
958.656541 0.325056 0.040162 
958.898733 0.176739 0.544010 
959.152912 0.324102 0.108210 
959.374878 0.161574 0.626071 
959.377633 0.922237 0.417341 
959.856082 0.215310 0.279197 
960.002058 0.548727 0.851725 
960.388010 0.510457 0.028220 
962.339892 0.419758 0.811523 
963.261940 0.468684 0.744664 
964.114410 0.533314 0.010367 
964.273605 0.581286 0.680263 
964.489968 0.315508 0.522845 
965.638326 0.539880 0.551311 
969.025213 0.905791 0.142660 
969.882573 0.997389 0.682654 
971.159529 0.038191 0.087740 
971.344515 0.958036 0.080185 
973.787948 0.280914 0.861153 
976.800930 0.278321 0.408224 
977.691468 0.453968 0.948194 
978.736002 0.296789 0.936517 
980.828387 0.090334 0.026690 
981.510445 0.048438 0.475061 
984.013075 0.696825 0.024489 
984.274989 0.980454 0.571246 
985.950545 0.770168 0.864409 
986.845914 0.278247 0.560999 
988.045960 0.800534 0.485445 
989.932446 0.269587 0.012648 
993.172032 0.177632 0.348701 
993.871790 0.852542 0.078683 
993.943634 0.138119 0.279457 
994.153386 0.456769 0.235393 
995.716663 0.313794 0.000577 
996.102077 0.666103 0.884472 
996.303120 0.440079 0.419874 
998.316966 0.091212 0.957911 
999.128266 0.969066 0.688639 
1000.259298 0.951719 0.645792 
1000.601243 0.035027 0.865504 
1000.728152 0.503641 0.614037 
1001.786324 0.438610 0.860094 
1003.406749 0.702360 0.007345 
1003.881198 0.406296 0.353272 
1004.271371 0.016735 0.423358 
1005.060952 0.777140 0.713690 
1005.362109 0.125182 0.934599 
1006.812936 0.095026 0.892601 
1007.307529 0.009559 0.950434 
1007.448263 0.961744 0.438877 
1009.042614 0.396042 0.504541 
1010.270047 0.178324 0.741126 
1012.776274 0.838141 0.113504 
1013.106477 0.132169 0.248470 
1013.322953 0.938856 0.578654 
1013.764748 0.762820 0.230802 
1014.661780 0.955362 0.746239 
1014.666503 0.202026 0.477449 
1015.336897 0.883972 0.674977 
1015.401521 0.603473 0.426508 
1016.040854 0.822533 0.732952 
1016.910716 0.075723 0.937123 
1016.984589 0.948434 0.742229 
1018.391915 0.096364 0.714663 
1018.405900 0.145001 0.169282 
1020.172492 0.221060 0.232605 
1020.586634 0.944920 0.690784 
1020.989448 0.375644 0.465496 
1021.220525 0.331965 0.315420 
1022.404020 0.305803 0.470431 
1022.978235 0.746895 0.479894 
1023.772430 0.827916 0.197336 
1025.212494 0.671064 0.298799 
1027.434526 0.511830 0.589519 
1027.756645 0.522593 0.892848 
1027.833678 0.049136 0.085045 
1028.118793 0.327006 0.819694 
1030.333446 0.948640 0.229324 
1032.451006 0.622199 0.907592 
1032.679733 0.496869 0.279125 
1036.712145 0.348351 0.197609 
1041.669715 0.858059 0.686063 
1042.476086 0.935797 0.151128 
1042.790663 0.979758 0.232517 
1042.889407 0.798792 0.630599 
1042.949031 0.546691 0.148087 
1043.023370 0.092358 0.270904 
1043.082847 0.389885 0.245705 
1044.110069 0.322157 0.558699 
1044.518006 0.115610 0.694610 
1046.067759 0.858770 0.753373 
1047.052257 0.453136 0.205321 
1047.898352 0.075179 0.021334 
1048.277096 0.645203 0.208441 
1049.597981 0.127552 0.682062 
1049.741198 0.396748 0.910741 
1050.959876 0.184906 0.312503 
1051.282142 0.377838 0.766310 
1052.262214 0.362731 0.168822 
1052.812197 0.463698 0.515125 
1054.796473 0.326515 0.139905 
1056.030385 0.345660 0.557776 
1059.005127 0.440943 0.520751 
1059.622263 0.506579 0.316276 
1060.701184 0.220314 0.636206 
1061.879544 0.411772 0.458763 
1063.032318 0.646307 0.350874 
1063.607478 0.173311 0.707857 
1063.800291 0.660693 0.443838 
1065.209491 0.776505 0.816000 
1065.992474 0.875990 0.557110 
1066.063388 0.854737 0.206948 
1068.300484 0.928769 0.023621 
1068.898059 0.138724 0.279653 
1068.911463 0.178711 0.954449 
1069.190460 0.470087 0.353002 
1069.875717 0.216868 0.225691 
1073.186750 0.658462 0.373128 
1073.512882 0.976749 0.152007 
1074.151035 0.037879 0.570288 
1074.320539 0.935303 0.133402 
1074.679056 0.641374 0.909323 
1075.095921 0.060620 0.078151 
1076.031017 0.574711 0.796077 
1076.539118 0.205819 0.222985 
1077.551243 0.889734 0.219807 
1077.815504 0.833622 0.926910 
1078.566896 0.875101 0.127638 
1079.935597 0.934301 0.387736 
1080.131695 0.414220 0.380480 
1082.085167 0.571998 0.992766 
1082.110608 0.679598 0.638223 
1082.996709 0.340206 0.892653 
1083.044433 0.592981 0.294431 
1083.198401 0.882974 0.327727 
1083.245814 0.026230 0.385239 
1083.977719 0.493463 0.763732 
1084.647554 0.457300 0.226681 
1085.162999 0.742668 0.644910 
1085.225999 0.454244 0.126544 
1085.836168 0.724473 0.908683 
1087.034853 0.138155 0.968992 
1088.655708 0.497534 0.539028 
1088.769062 0.686873 0.816719 
1090.975224 0.309670 0.641251 
1091.038759 0.354577 0.206753 
1093.147650 0.698475 0.781185 
1095.902675 0.388778 0.458178 
1095.966536 0.789742 0.566369 
1096.392570 0.334839 0.077383 
1097.469570 0.279987 0.510710 
1100.860253 0.448654 0.901269 
1100.962445 0.713672 0.798266 
1101.501032 0.574802 0.860335 
1102.499068 0.357092 0.401749 
1103.947111 0.566941 0.344509 
1105.545145 0.123199 0.219923 
1106.522928 0.644084 0.325037 
1107.385785 0.731499 0.921061 
1107.551209 0.047260 0.838359 
1107.901634 0.694165 0.203382 
1109.317981 0.310339 0.761678 
1110.689517 0.182146 0.445941 
1112.086496 0.769558 0.286777 
1118.691797 0.475903 0.800916 
1119.380699 0.991883 0.233858 
1119.881437 0.749397 0.497058 
1120.573642 0.183500 0.394211 
1121.250114 0.595648 0.303893 
1121.387279 0.425793 0.531977 
1124.535678 0.195581 0.033805 
1125.956866 0.666843 0.938470 
1127.913531 0.476271 0.890223 
1128.255009 0.842897 0.041021 
1128.897011 0.951401 0.037191 
1130.289565 0.483011 0.675460 
1130.305198 0.218795 0.312564 
1130.518710 0.392762 0.281927 
1131.047014 0.530376 0.475600 
1131.404283 0.275093 0.875202 
1132.136606 0.289884 0.681316 
1132.660376 0.868213 0.290355 
1134.183038 0.449838 0.588557 
1137.712197 0.442204 0.638724 
1137.855028 0.659504 0.621856 
1138.802572 0.720100 0.304096 
1140.845018 0.853701 0.992974 
1141.233076 0.424659 0.293531 
1141.442345 0.783903 0.890672 
1141.579948 0.165252 0.973186 
1141.760962 0.958008 0.085970 
1141.761119 0.047259 0.079674 
1142.582967 0.752243 0.364401 
1149.011352 0.527135 0.118513 
1149.063601 0.140931 0.357655 
1149.459927 0.619801 0.384022 
1150.753218 0.278223 0.663318 
1151.647632 0.318318 0.140323 
1152.133093 0.142443 0.805228 
1152.381565 0.052054 0.433016 
1152.558195 0.240102 0.952020 
1154.150446 0.434892 0.579535 
1154.372088 0.538917 0.776728 
1155.225523 0.846419 0.746771 
1155.547998 0.069013 0.200452 
1155.734724 0.241447 0.852805 
1157.667286 0.888881 0.959460 
1158.796809 0.337750 0.655111 
1159.466353 0.905367 0.723445 
1159.621723 0.008899 0.579879 
1159.912507 0.665952 0.992745 
1160.218084 0.197326 0.542676 
1162.828501 0.483478 0.351921 
1163.223484 0.894776 0.379555 
1163.747920 0.053395 0.221691 
1164.374523 0.178567 0.969327 
1164.635666 0.601835 0.139780 
1166.075413 0.451387 0.772858 
1167.747190 0.506329 0.585519 
1168.042009 0.634062 0.231332 
1168.977408 0.850596 0.348655 
1171.616532 0.913514 0.310096 
1172.161928 0.136927 0.398430 
1173.678172 0.589692 0.660660 
1174.232071 0.121323 0.246956 
1174.831832 0.336505 0.906085 
1175.254252 0.004803 0.686944 
1175.412062 0.055980 0.218758 
1175.548639 0.371926 0.432078 
1177.459640 0.831853 0.075168 
1178.246947 0.675079 0.616466 
1179.519089 0.899536 0.023774 
1180.172797 0.270778 0.966771 
1180.431338 0.214266 0.554553 
1180.809070 0.964244 0.675770 
1181.581636 0.408638 0.142553 
1182.463590 0.072951 0.654755 
1186.404288 0.767543 0.518814 
1187.306758 0.519838 0.460614 
1187.725457 0.669599 0.975198 
1189.682485 0.847066 0.083905 
1194.161204 0.640814 0.614831 
1194.575846 0.680336 0.758625 
1194.671930 0.903073 0.978640 
1195.861613 0.954399 0.098604 
1196.086910 0.860023 0.162702 
1197.598684 0.115199 0.561080 
1198.818943 0.702008 0.582470 
1199.266181 0.186627 0.365941 
1200.632848 0.350449 0.390154 
1200.988760 0.902318 0.502386 
1201.919355 0.445577 0.858414 
1202.166188 0.560623 0.305667 
1203.215196 0.542612 0.998811 
1204.025228 0.357553 0.818212 
1204.404871 0.290653 0.320096 
1205.983868 0.009401 0.007074 
1207.175623 0.888545 0.422507 
1211.042229 0.487828 0.861191 
1211.830419 0.379170 0.023608 
1211.914229 0.867802 0.901860 
1212.704002 0.348155 0.884595 
1213.016596 0.698050 0.277248 
1214.557846 0.456344 0.978949 
1214.682977 0.200443 0.254367 
1215.011391 0.084873 0.611271 
1215.820973 0.618077 0.615414 
1217.480720 0.475426 0.444544 
1218.276017 0.212761 0.209484 
1222.133740 0.310034 0.458006 
1222.141226 0.807191 0.749143 
1223.850115 0.307735 0.941292 
1225.141731 0.351504 0.682275 
1226.339252 0.455255 0.025566 
1227.191016 0.733985 0.569849 
1227.338897 0.239622 0.313290 
1227.442363 0.513913 0.753783 
1227.861129 0.161261 0.210019 
1228.119228 0.407313 0.362817 
1228.949960 0.677499 0.544894 
1231.152430 0.486871 0.209626 
1231.207454 0.951684 0.547438 
1231.280705 0.253916 0.327218 
1232.926072 0.454255 0.965629 
1233.875815 0.663134 0.481758 
1235.751784 0.916407 0.316378 
1236.016716 0.638293 0.600616 
1237.196839 0.154422 0.606732 
1237.456105 0.497615 0.279585 
1238.018168 0.272903 0.975650 
1238.505413 0.051325 0.939476 
1239.135414 0.954818 0.937855 
1241.451907 0.215985 0.405696 
1241.747004 0.905074 0.914089 
1242.606605 0.899267 0.191828 
1243.230707 0.370116 0.876371 
1243.517257 0.183188 0.014759 
1243.546490 0.350603 0.773789 
1246.039775 0.109743 0.741834 
1250.153238 0.626507 0.571256 
1250.632420 0.070419 0.193317 
1252.235111 0.548712 0.353623 
1252.816844 0.631558 0.363076 
1254.224072 0.738917 0.779483 
1254.408914 0.597335 0.264233 
1255.052119 0.451840 0.460196 
1256.270623 0.225858 0.163167 
1257.024931 0.059073 0.698137 
1257.045061 0.272935 0.412973 
1257.954798 0.029222 0.138446 
1258.719585 0.558941 0.802426 
1260.313459 0.206893 0.404697 
1260.776055 0.226548 0.959289 
1261.409255 0.000768 0.821885 
1263.981533 0.979077 0.828519 
1264.879668 0.475338 0.428663 
1266.299732 0.377202 0.412666 
1268.585927 0.371207 0.613755 
1269.340876 0.923201 0.534262 
1269.426520 0.545008 0.081833 
1269.783665 0.539845 0.901725 
1271.440910 0.201399 0.006878 
1271.635098 0.446639 0.684680 
1275.706901 0.687711 0.367064 
1276.256270 0.736642 0.441660 
1276.411019 0.804546 0.062785 
1278.844684 0.760847 0.824838 
1279.667497 0.381279 0.137552 
1279.970389 0.905241 0.232191 
1281.137882 0.403332 0.284790 
1281.519816 0.894956 0.682931 
1282.626061 0.686147 0.979724 
1284.189365 0.231771 0.444674 
1284.495756 0.583598 0.663141 
1284.839943 0.393757 0.313618 
1284.956867 0.766442 0.113046 
1285.135023 0.972227 0.086325 
1285.585418 0.219181 0.471334 
1285.977114 0.947168 0.420407 
1286.183548 0.150500 0.470059 
1288.455979 0.835472 0.255496 
1289.066715 0.759765 0.790828 
1290.753051 0.437874 0.286045 
1292.382454 0.436325 0.371367 
1293.168583 0.677661 0.720551 
1297.103943 0.455241 0.421607 
1297.235174 0.313504 0.202660 
1297.908619 0.008282 0.397759 
1298.331009 0.729941 0.081250 
1300.576444 0.967351 0.353375 
1300.712705 0.782855 0.716252 
1301.047499 0.225958 0.051287 
1303.158373 0.058653 0.313297 
1303.798813 0.960472 0.993694 
1304.295984 0.219270 0.316299 
1306.497305 0.659902 0.125516 
1308.274650 0.296129 0.185205 
1308.412279 0.593665 0.487982 
1308.783862 0.877250 0.493257 
1308.845665 0.724812 0.055338 
1309.541268 0.675250 0.328025 
1314.152024 0.381933 0.110438 
1314.404495 0.046142 0.631024 
1314.525908 0.273246 0.543242 
1317.927286 0.813339 0.804241 
1318.425225 0.387795 0.896709 
1318.787451 0.000824 0.057803 
1319.010085 0.945803 0.707399 
1319.555783 0.389998 0.721087 
1322.615912 0.135972 0.722519 
1330.358956 0.051445 0.025554 
1332.396266 0.124902 0.405347 
1335.924408 0.359883 0.642230 
1335.997816 0.014655 0.618328 
1337.001667 0.053533 0.386337 
1337.033781 0.684390 0.984418 
1337.750755 0.046737 0.468318 
1338.960007 0.586913 0.883093 
1339.515201 0.847831 0.657425 
1339.838730 0.940273 0.774807 
1340.889861 0.372894 0.835220 
1341.775902 0.006402 0.990415 
1342.015504 0.634386 0.779405 
1342.328035 0.881043 0.204037 
1343.976433 0.516192 0.644538 
1344.935646 0.266077 0.415197 
1345.741116 0.152028 0.463219 
1346.614240 0.978999 0.588580 
1348.843331 0.968655 0.452621 
1349.904563 0.985751 0.983284 
1350.807015 0.436839 0.038886 
1351.240693 0.942541 0.925086 
1351.566453 0.065042 0.183832 
1352.036391 0.004627 0.584918 
1355.148694 0.990576 0.930886 
1356.032266 0.427763 0.564688 
1356.262795 0.614729 0.690557 
1357.347387 0.456009 0.452549 
1358.443605 0.038119 0.835329 
1360.855490 0.356715 0.867694 
1360.869480 0.706416 0.350431 
1360.932480 0.887820 0.335154 
1362.485009 0.614424 0.216034 
1363.631833 0.865954 0.401336 
1365.172115 0.273086 0.769182 
1366.362635 0.159036 0.720805 
1368.144487 0.433876 0.400897 
1369.020225 0.572185 0.010998 
1369.145074 0.594083 0.068237 
1369.384420 0.689386 0.616013 
1370.698364 0.212018 0.750730 
1371.690703 0.660195 0.013868 
1371.695185 0.076324 0.000678 
1372.645876 0.337830 0.224965 
1376.564021 0.744390 0.718898 
1377.919040 0.082049 0.541087 
1380.322365 0.891072 0.583489 
1381.276316 0.777258 0.739964 
1381.381960 0.887094 0.878759 
1381.650567 0.991262 0.572912 
1381.785119 0.702781 0.832034 
1383.027434 0.001014 0.568719 
1383.935626 0.772529 0.121147 
1385.328985 0.000272 0.378553 
1385.427276 0.823849 0.527726 
1387.087529 0.474510 0.360891 
1392.342286 0.313289 0.113056 
1392.685994 0.653254 0.461182 
1393.377023 0.003619 0.184984 
1393.434841 0.103816 0.398652 
1393.884793 0.543216 0.318996 
1394.056205 0.701935 0.427445 
1395.793305 0.450251 0.038187 
1396.728471 0.746305 0.371144 
1397.169149 0.984543 0.123404 
1398.102487 0.498055 0.228575 
1400.063562 0.713240 0.619255 
1400.342029 0.190905 0.501134 
1400.363143 0.941900 0.094583 
1400.449378 0.256955 0.494653 
1400.711351 0.894099 0.522185 
1400.759390 0.161836 0.717301 
1400.799595 0.964239 0.448502 
1400.956493 0.674423 0.599183 
1401.590969 0.500810 0.670304 
1402.831506 0.083479 0.856310 
1403.951009 0.524933 0.195191 
1404.390555 0.999119 0.976130 
1406.723134 0.885639 0.106794 
1406.778232 0.291716 0.284541 
1407.404626 0.962558 0.946129 
1409.476252 0.847929 0.528664 
1409.962072 0.054722 0.667090 
1414.236086 0.635078 0.530842 
1415.662101 0.157392 0.943608 
1416.193127 0.982530 0.292797 
1416.280572 0.329218 0.228897 
1418.743072 0.181233 0.351834 
1418.792496 0.458908 0.835398 
1418.926935 0.416563 0.775800 
1419.802288 0.045412 0.668328 
1420.626254 0.637931 0.405990 
1421.939137 0.282620 0.311409 
1423.598568 0.070495 0.059427 
1423.610278 0.568726 0.138508 
1424.888477 0.052325 0.482215 
1424.957344 0.934804 0.308777 
1425.791113 0.485950 0.353349 
1426.757894 0.192344 0.948664 
1427.011909 0.306914 0.042961 
1427.654193 0.653550 0.235946 
1428.116772 0.797799 0.032524 
1428.309465 0.690854 0.754377 
1429.829501 0.813437 0.181992 
1433.982779 0.582634 0.957936 
1434.622504 0.295672 0.731738 
1434.802653 0.479379 0.998608 
1436.046427 0.340293 0.588675 
1437.041336 0.921173 0.754897 
1437.318687 0.345053 0.958154 
1442.494487 0.459041 0.037660 
1443.891281 0.136815 0.097526 
1445.986214 0.908412 0.627964 
1447.060629 0.431440 0.765124 
1447.102133 0.980699 0.337216 
1448.315579 0.127289 0.378239 
1448.710635 0.425393 0.295060 
1448.988833 0.398468 0.198091 
1449.641866 0.774266 0.295463 
1450.026373 0.797191 0.408227 
1450.625288 0.658170 0.822606 
1451.335393 0.280487 0.701856 
1455.497653 0.276430 0.566191 
1457.332809 0.291071 0.885856 
1457.896365 0.432431 0.144623 
1457.981169 0.065651 0.178965 
1458.068858 0.339320 0.426410 
1467.722430 0.780940 0.074697 
1468.132918 0.972615 0.136231 
1468.256744 0.258647 0.427247 
1469.332956 0.120267 0.460069 
1473.592556 0.156580 0.273453 
1474.513585 0.865703 0.896255 
1476.764836 0.206407 0.968534 
1477.047766 0.011252 0.763731 
1478.213540 0.474500 0.090504 
1479.910412 0.930158 0.365312 
1480.718524 0.811041 0.183621 
1480.858511 0.086328 0.374495 
1481.891115 0.015415 0.377866 
1483.939907 0.473511 0.483503 
1484.143589 0.896763 0.891040 
1486.671870 0.621899 0.009301 
1486.771568 0.667506 0.163524 
1487.282021 0.416641 0.286725 
1488.622776 0.328470 0.381223 
1488.736206 0.071174 0.780057 
1489.081363 0.331813 0.545930 
1489.449457 0.860764 0.563278 
1489.463466 0.436499 0.689171 
1490.561767 0.767543 0.770079 
1493.889439 0.684343 0.136072 
1494.098906 0.432025 0.235243 
1496.332442 0.278797 0.987256 
1497.602626 0.136310 0.742249 
1498.980995 0.525600 0.664367 
1499.163394 0.918774 0.021825 
1499.401776 0.343429 0.131161 
1499.658830 0.832705 0.093273 
1505.085543 0.640507 0.003619 
1509.962603 0.351048 0.621874 
1510.067678 0.312856 0.902133 
1510.633143 0.346363 0.915292 
1511.129585 0.552045 0.591999 
1511.287193 0.908316 0.062788 
1511.379916 0.129314 0.147948 
1512.625963 0.163558 0.310373 
1512.626015 0.980604 0.591210 
1513.591543 0.282665 0.178636 
1514.131245 0.386778 0.130865 
1514.430541 0.194924 0.795557 
1514.944196 0.959599 0.728232 
1516.412606 0.599504 0.621719 
1517.771694 0.432534 0.220297 
1519.044810 0.706584 0.632048 
1524.105530 0.238412 0.879605 
1525.309600 0.307739 0.697733 
1527.570899 0.358884 0.540977 
1527.872792 0.373163 0.494579 
1529.210538 0.238698 0.473845 
1529.290311 0.046506 0.674703 
1533.121557 0.491761 0.229913 
1533.444339 0.453726 0.690043 
1533.518497 0.559299 0.534060 
1535.521001 0.891832 0.284382 
1536.759102 0.369183 0.193553 
1536.839769 0.824124 0.940562 
1538.562139 0.599329 0.631299 
1541.219345 0.815596 0.576167 
1541.572381 0.069401 0.061026 
1542.165406 0.799897 0.289528 
1542.686922 0.621298 0.155539 
1543.586648 0.648484 0.296643 
1544.017390 0.182804 0.810777 
1544.192223 0.963754 0.286350 
1545.123279 0.372856 0.479180 
1546.238585 0.189242 0.257253 
1547.762329 0.122970 0.302843 
1548.967738 0.265536 0.348137 
1551.644274 0.946437 0.251313 
1552.324310 0.799676 0.845172 
1555.845779 0.184658 0.071949 
1556.960889 0.855971 0.537692 
1558.779746 0.406546 0.728862 
1558.787213 0.468036 0.591463 
1559.296990 0.969605 0.455424 
1560.843942 0.816416 0.136233 
1563.751471 0.370475 0.512761 
1564.379145 0.950387 0.046470 
1564.528689 0.623354 0.349124 
1565.472303 0.978065 0.565860 
1566.888925 0.233681 0.549782 
1567.118706 0.418970 0.497677 
1568.569838 0.482386 0.193540 
1569.222447 0.809914 0.990604 
1569.254675 0.281526 0.849246 
1569.906271 0.324779 0.855543 
1570.861716 0.035226 0.874286 
1570.877479 0.050500 0.034508 
1570.880274 0.476034 0.336611 
1571.331443 0.623575 0.428629 
1574.302140 0.115769 0.852598 
1575.708721 0.308256 0.133948 
1577.461458 0.116495 0.532917 
1579.202127 0.183501 0.097760 
1579.786739 0.780929 0.525039 
1580.872623 0.873183 0.223776 
1581.392160 0.584451 0.235486 
1581.453122 0.111466 0.920088 
1582.036463 0.727078 0.288009 
1582.454732 0.790874 0.443626 
1583.284143 0.008359 0.735136 
1585.422793 0.953053 0.556962 
1585.753670 0.282425 0.657114 
1586.083716 0.009105 0.290060 
1586.434608 0.487554 0.949618 
1587.345255 0.343047 0.895506 
1587.831442 0.263129 0.247684 
1588.164826 0.666744 0.177389 
1588.353085 0.307907 0.894522 
1589.242587 0.858337 0.841354 
1589.706866 0.561445 0.896283 
1590.070034 0.385146 0.694622 
1590.947460 0.857360 0.817909 
1592.648724 0.685469 0.831223 
1593.580931 0.388306 0.716142 
1595.343926 0.852416 0.858169 
1596.159900 0.598162 0.437780 
1597.316381 0.438064 0.030399 
1601.767289 0.808467 0.841615 
1602.764184 0.291877 0.679423 
1603.098741 0.157449 0.672512 
1603.260261 0.847449 0.742423 
1605.067999 0.055458 0.972840 
1605.214843 0.638262 0.341965 
1605.233121 0.936106 0.157265 
1605.270285 0.184262 0.272204 
1607.428545 0.844366 0.119594 
1608.288751 0.589529 0.194679 
1608.298583 0.573497 0.542884 
1609.091665 0.909225 0.416442 
1610.768262 0.638085 0.772059 
1611.258168 0.177230 0.856216 
1612.295919 0.809435 0.533321 
1613.560988 0.713325 0.601357 
1614.038645 0.511494 0.293940 
1615.335676 0.069559 0.754875 
1615.394512 0.501359 0.911200 
1615.862551 0.410240 0.576667 
1616.850440 0.382263 0.387180 
1617.844470 0.971367 0.472865 
1618.691965 0.144049 0.636942 
1623.383845 0.406059 0.752032 
1623.834772 0.403309 0.967544 
1625.714519 0.295950 0.733527 
1627.465356 0.769669 0.759133 
1628.214091 0.836080 0.872798 
1628.747037 0.042620 0.653014 
1629.270005 0.532395 0.556373 
1632.045285 0.020800 0.014596 
1633.054886 0.415442 0.523987 
1633.168725 0.851633 0.049097 
1636.668296 0.206048 0.088556 
1637.799604 0.037491 0.251163 
1639.656298 0.788426 0.516671 
1640.747074 0.787806 0.771034 
1641.650256 0.312263 0.038565 
1642.975978 0.518456 0.468099 
1643.259291 0.604490 0.814818 
1643.907632 0.618432 0.744972 
1645.220314 0.003712 0.786544 
1645.594509 0.416563 0.421790 
1646.942285 0.609718 0.916131 
1647.053237 0.795913 0.442203 
1649.278357 0.445298 0.308746 
1650.044409 0.860974 0.640446 
1650.301861 0.451173 0.488199 
1650.911957 0.842385 0.492293 
1651.546361 0.194219 0.261843 
1651.883112 0.367894 0.778812 
1651.884868 0.140978 0.048367 
1652.857798 0.671016 0.356899 
1653.923623 0.264545 0.006562 
1654.313962 0.582004 0.603746 
1655.478447 0.766448 0.953540 
1656.171824 0.964790 0.798923 
1657.531645 0.301827 0.422030 
1658.304786 0.473854 0.786977 
1661.427295 0.331443 0.187511 
1661.950157 0.922553 0.225466 
1662.719132 0.172475 0.033637 
1663.241859 0.733963 0.548904 
1663.421744 0.327825 0.279832 
1664.178024 0.092638 0.378988 
1665.302117 0.833966 0.813087 
1667.535331 0.282165 0.109816 
1667.896257 0.778424 0.648879 
1668.929789 0.751523 0.704933 
1670.150482 0.867461 0.990937 
1671.572372 0.865549 0.187806 
1674.135079 0.593239 0.628591 
1674.711746 0.256157 0.660680 
1675.455504 0.291437 0.439313 
1676.071053 0.417056 0.599606 
1678.441743 0.429632 0.216809 
1680.357747 0.564948 0.641153 
1682.099192 0.471561 0.632078 
1682.154517 0.119738 0.033926 
1682.588516 0.145513 0.607079 
1683.774646 0.357985 0.576324 
1684.137863 0.832332 0.921904 
1684.358530 0.537910 0.483359 
1684.770976 0.655787 0.108373 
1684.814026 0.852916 0.296158 
1685.962012 0.062060 0.584245 
1689.311423 0.925740 0.307088 
1690.421918 0.713915 0.012233 
1690.681282 0.885991 0.943340 
1691.321719 0.510653 0.707564 
1692.566273 0.971216 0.565593 
1693.621298 0.241233 0.222517 
1695.497409 0.976891 0.239311 
1695.522013 0.878098 0.516461 
1696.259986 0.160610 0.346492 
1698.171877 0.024065 0.286206 
1698.787885 0.119408 0.344855 
1700.380648 0.253913 0.347159 
1700.666319 0.222333 0.640552 
1701.125791 0.357835 0.369050 
1701.764717 0.149593 0.858222 
1703.445406 0.409892 0.458226 
1704.074021 0.178277 0.484209 
1704.130006 0.464024 0.298177 
1704.792623 0.106856 0.474841 
1705.581566 0.885341 0.606032 
1707.186840 0.988844 0.600811 
1707.708996 0.788286 0.841927 
1709.368160 0.078418 0.598219 
1710.987438 0.350937 0.104599 
1711.090730 0.396121 0.686579 
1711.838452 0.836918 0.602592 
1713.838135 0.156115 0.659456 
1714.336938 0.263380 0.840324 
1715.792121 0.356411 0.355509 
1717.451139 0.910771 0.366529 
1717.481564 0.238505 0.384022 
1717.659192 0.983181 0.182010 
1720.577670 0.894291 0.895444 
1722.335440 0.068362 0.352430 
1722.485105 0.320794 0.895223 
1723.535335 0.438845 0.638597 
1724.035981 0.361661 0.483868 
1724.330383 0.425659 0.385213 
1724.706454 0.977652 0.898952 
1724.985989 0.448853 0.142282 
1726.331108 0.511621 0.245896 
1727.238822 0.496257 0.751941 
1730.642390 0.810377 0.111173 
1731.172361 0.697335 0.564499 
1732.252708 0.315299 0.313843 
1733.207203 0.029689 0.622157 
1734.235940 0.875857 0.970386 
1734.440593 0.408233 0.918780 
1734.535883 0.776545 0.754665 
1735.463730 0.328710 0.911334 
1735.615081 0.303984 0.288472 
1735.944724 0.928081 0.719651 
1741.693104 0.339250 0.236993 
1742.519031 0.207948 0.828189 
1743.208025 0.355522 0.165267 
1743.615831 0.377338 0.400272 
1745.838293 0.605524 0.068654 
1745.884870 0.675969 0.930665 
1746.753115 0.053092 0.837871 
1747.505342 0.852558 0.009180 
1747.769876 0.516449 0.629079 
1750.036710 0.764520 0.384420 
1750.829342 0.612337 0.814930 
1752.097818 0.585561 0.351101 
1753.047511 0.588294 0.798661 
1753.690327 0.279668 0.455359 
1754.284799 0.053412 0.775880 
1756.587312 0.365922 0.470355 
1757.063743 0.961979 0.334356 
1757.150568 0.637734 0.435674 
1757.417837 0.391715 0.846480 
1757.431065 0.211090 0.743377 
1758.647765 0.475236 0.612219 
1758.923221 0.652741 0.297869 
1761.270900 0.876572 0.094250 
1762.008273 0.107770 0.580422 
1763.491922 0.755597 0.890512 
1763.704091 0.153584 0.819231 
1765.021674 0.088001 0.408239 
1765.039413 0.120710 0.027106 
1765.253668 0.340134 0.595126 
1767.208422 0.593231 0.235204 
1767.371197 0.022597 0.477117 
1767.501314 0.349760 0.574639 
1768.681644 0.895831 0.063779 
1771.846998 0.950691 0.865644 
1774.152839 0.855014 0.082153 
1776.585135 0.593142 0.010849 
1776.680886 0.916206 0.517137 
1777.170889 0.185429 0.006114 
1777.905125 0.387259 0.076925 
1780.708038 0.479795 0.223787 
1784.250088 0.836555 0.471172 
1784.532590 0.569859 0.426928 
1785.702220 0.540818 0.147725 
1785.920704 0.598567 0.210663 
1787.141211 0.658079 0.823988 
1787.876873 0.592523 0.775676 
1789.916015 0.953760 0.917700 
1790.680565 0.083681 0.350441 
1791.848480 0.975464 0.139661 
1792.101064 0.687312 0.709967 
1793.830022 0.402397 0.899538 
1795.163437 0.805058 0.298289 
1796.060424 0.520190 0.251618 
1797.542657 0.262805 0.736192 
1798.993645 0.288935 0.237701 
1799.550004 0.395315 0.687798 
1800.080169 0.216227 0.410492 
1800.161765 0.988499 0.394706 
1800.305142 0.296248 0.520225 
1801.505677 0.343134 0.317031 
1803.892649 0.951485 0.914630 
1804.032406 0.538932 0.698179 
1804.202510 0.503966 0.841382 
1805.860598 0.077296 0.650947 
1806.757860 0.679815 0.310965 
1806.757878 0.142586 0.532738 
1807.391068 0.174903 0.704981 
1807.507088 0.415741 0.326467 
1810.741876 0.926549 0.229029 
1811.920104 0.812902 0.452872 
1813.200955 0.830745 0.671151 
1813.768010 0.753789 0.785637 
1814.553964 0.333077 0.795057 
1815.782044 0.042905 0.376490 
1816.100799 0.979261 0.130518 
1819.765400 0.342617 0.391087 
1821.482653 0.913822 0.691902 
1822.314291 0.525205 0.221755 
1823.067330 0.253750 0.613301 
1824.705418 0.625573 0.537073 
1824.856936 0.104987 0.270624 
1824.910280 0.404923 0.154415 
1825.709512 0.340622 0.164219 
1826.006127 0.450447 0.271386 
1826.802364 0.727410 0.220852 
1828.514026 0.648440 0.361610 
1829.350269 0.484630 0.612485 
1832.205205 0.807259 0.989778 
1833.593332 0.160160 0.848232 
1835.347852 0.141347 0.835295 
1836.026244 0.253247 0.783979 
1836.503175 0.780815 0.464169 
1836.526341 0.766098 0.464214 
1836.630398 0.318623 0.200928 
1837.173508 0.075505 0.894078 
1839.154314 0.931049 0.164449 
1839.765309 0.784416 0.975631 
1844.076948 0.870622 0.546389 
1845.027996 0.515269 0.118719 
1846.541029 0.276438 0.309537 
1850.433844 0.166537 0.412024 
1851.241042 0.843302 0.739575 
1851.824330 0.809086 0.357819 
1852.110242 0.032333 0.851694 
1854.317534 0.113003 0.162323 
1854.576465 0.999960 0.897570 
1854.719561 0.876655 0.765161 
1856.285389 0.533245 0.503232 
1858.538168 0.405025 0.796315 
1858.984968 0.448427 0.346403 
1859.177775 0.179771 0.650076 
1859.659209 0.835050 0.096230 
1861.858635 0.593363 0.089981 
1862.731198 0.188878 0.525691 
1864.056319 0.319394 0.287327 
1864.441863 0.973888 0.233167 
1865.443913 0.703111 0.766508 
1865.534077 0.328807 0.950250 
1865.882731 0.790923 0.378311 
1866.621928 0.526765 0.257839 
1866.672497 0.124038 0.863662 
1867.298079 0.491226 0.851481 
1869.455138 0.396340 0.861634 
1870.975872 0.728979 0.135891 
1871.604969 0.620507 0.749877 
1871.902024 0.761384 0.693876 
1872.198422 0.704790 0.071369 
1872.546894 0.967128 0.933572 
1872.704378 0.480912 0.719017 
1873.611316 0.850259 0.337181 
1874.679501 0.502455 0.642505 
1876.366834 0.986603 0.230996 
1878.995412 0.357953 0.741843 
1880.251006 0.545377 0.702924 
1880.345840 0.711686 0.635819 
1880.860625 0.482983 0.305254 
1883.155585 0.425626 0.347872 
1883.448360 0.407038 0.704371 
1887.887075 0.440951 0.025221 
1887.969911 0.157243 0.527680 
1887.987346 0.219460 0.151205 
1888.066049 0.427968 0.042933 
1891.946678 0.660173 0.423281 
1893.335531 0.533599 0.737824 
1894.001546 0.529585 0.111557 
1894.447669 0.189969 0.301235 
1894.939925 0.500892 0.428123 
1894.959979 0.345561 0.528776 
1895.532373 0.053538 0.961241 
1895.817982 0.907031 0.456896 
1896.592857 0.973657 0.503914 
1896.760581 0.505204 0.706659 
1899.564070 0.896057 0.268439 
1900.462140 0.415729 0.596044 
1901.568818 0.926886 0.705782 
1901.869139 0.266748 0.728324 
1903.441287 0.265514 0.825111 
1904.456965 0.848742 0.899988 
1904.968960 0.942398 0.062193 
1906.063020 0.669361 0.918368 
1906.715363 0.412663 0.004287 
1907.574690 0.353497 0.855056 
1908.393466 0.175659 0.571132 
1908.951279 0.231963 0.969658 
1909.056257 0.267863 0.723055 
1909.164774 0.938098 0.656820 
1909.270824 0.998399 0.122226 
1909.977033 0.174566 0.516792 
1911.702853 0.012255 0.820898 
1912.132524 0.031247 0.362007 
1912.514514 0.106589 0.278887 
1913.703788 0.117074 0.928277 
1914.765099 0.192646 0.976099 
1915.178536 0.905664 0.354697 
1916.005487 0.883811 0.571354 
1916.880394 0.153953 0.025058 
1917.782320 0.505610 0.238893 
1918.353600 0.364060 0.047937 
1920.670942 0.199480 0.123312 
1922.381118 0.298592 0.087030 
1923.932935 0.615355 0.524969 
1925.814079 0.083807 0.519872 
1926.530826 0.682275 0.776839 
1926.801174 0.725173 0.014007 
1927.743536 0.478373 0.011542 
1928.139805 0.854187 0.330127 
1928.468819 0.035536 0.016746 
1928.696153 0.652012 0.023867 
1929.611502 0.147880 0.346060 
1930.906924 0.064719 0.268077 
1931.018398 0.016789 0.486362 
1931.210939 0.800420 0.992929 
1931.640367 0.739582 0.843649 
1931.754615 0.470991 0.689940 
1932.559706 0.888305 0.103891 
1932.874909 0.628769 0.283172 
1933.796395 0.254151 0.897055 
1934.699650 0.601132 0.631958 
1935.965481 0.621430 0.350628 
1936.359448 0.948635 0.301823 
1940.051205 0.437085 0.087185 
1940.872135 0.071162 0.534264 
1941.091649 0.721383 0.336995 
1941.604874 0.290096 0.417678 
1946.453151 0.445136 0.615897 
1950.250678 0.161884 0.629042 
1951.140349 0.174919 0.550688 
1953.142242 0.240192 0.662371 
1954.285587 0.440322 0.819880 
1954.577596 0.697944 0.316847 
1955.410047 0.117605 0.302662 
1955.848295 0.225592 0.289539 
1956.205598 0.548472 0.954374 
1956.617493 0.053040 0.742411 
1957.861717 0.099955 0.459141 
1958.000377 0.302507 0.523440 
1958.597669 0.433657 0.144499 
1961.876597 0.187013 0.164032 
1964.869685 0.171363 0.481858 
1965.957406 0.446124 0.584109 
1966.180363 0.943308 0.426408 
1968.059350 0.268700 0.446638 
1969.583357 0.485800 0.889187 
1970.652226 0.634152 0.710922 
1971.531403 0.036483 0.688242 
1972.060270 0.086255 0.366441 
1973.687771 0.481162 0.020856 
1973.932135 0.798718 0.641864 
1974.056137 0.223412 0.947288 
1975.135094 0.343322 0.733727 
1975.979312 0.976738 0.583190 
1978.140637 0.025032 0.281872 
1980.796136 0.958099 0.943331 
1981.270831 0.148038 0.319334 
1981.920868 0.093307 0.201547 
1982.148410 0.283098 0.667960 
1982.199561 0.093534 0.339961 
1982.478282 0.044524 0.545126 
1983.320932 0.403457 0.699074 
1983.459307 0.127387 0.191147 
1984.527963 0.126395 0.705862 
1986.496100 0.186744 0.561948 
1986.854791 0.439789 0.051672 
1987.144892 0.972021 0.043495 
1989.725228 0.665377 0.857629 
1990.989568 0.011457 0.978641 
1994.634513 0.512985 0.134930 
1996.387384 0.356634 0.200320 
1998.408679 0.626533 0.164411 
1999.178319 0.819378 0.007418 
2000.661771 0.621178 0.193895 
2001.413498 0.063768 0.325234 
2002.031686 0.030239 0.521308 
2006.726253 0.875572 0.895804 
2006.927903 0.785956 0.154609 
2008.900369 0.560427 0.356440 
2009.420029 0.258168 0.639631 
2011.086785 0.406190 0.642888 
2011.825148 0.827584 0.531370 
2011.851719 0.900637 0.465026 
2011.973624 0.778057 0.596011 
2013.862135 0.624291 0.515148 
2014.771359 0.179436 0.521825 
2015.623743 0.869574 0.509368 
2015.763830 0.798131 0.796881 
2016.183664 0.356056 0.977980 
2017.577024 0.277150 0.035268 
2017.616331 0.325470 0.401102 
2018.719495 0.140009 0.151066 
2019.036400 0.928470 0.848499 
2021.097269 0.965553 0.626887 
2021.297432 0.568687 0.881091 
2023.725530 0.860315 0.022792 
2024.218252 0.997615 0.977365 
2024.624896 0.671710 0.380555 
2025.076248 0.170673 0.857073 
2027.412899 0.185089 0.658255 
2028.118793 0.756825 0.944221 
2028.596773 0.487565 0.901036 
2029.110453 0.404691 0.885343 
2032.318289 0.322976 0.833202 
2032.431552 0.382856 0.599547 
2033.721799 0.484842 0.375099 
2034.064600 0.963338 0.795084 
2034.393759 0.292429 0.175702 
2034.466767 0.292813 0.591817 
2035.016047 0.123146 0.629208 
2035.694767 0.892462 0.627226 
2035.846375 0.672701 0.503062 
2037.312796 0.515153 0.149300 
2039.789785 0.295943 0.684691 
2039.977069 0.328286 0.008442 
2042.007153 0.809916 0.503861 
2042.664767 0.895317 0.848684 
2043.383699 0.730196 0.735803 
2043.589520 0.282530 0.913339 
2043.937803 0.326206 0.498391 
2045.621098 0.496734 0.937599 
2046.074408 0.094833 0.262175 
2046.148718 0.206282 0.532635 
2046.736981 0.717270 0.279938 
2048.728442 0.127911 0.769153 
